TECCOMPCE,TECSOLDTO,p_alive,CLV,p_alive_,PB_Churn_Flag,CLV_,ob,omx,omn,bills,mx,mn,CreditBlock,Churn,a,b,target,target_obs
40,636362,0.994196067,2821.981425,0,994196067,0,2821,981425,11,2019-09-19 00:00:00.0000000,2018-10-30 00:00:00.0000000,13,2020-09-29 00:00:00.0000000,2019-10-01 00:00:00.0000000,,0,0,1
40,441577,0.613306736,0,0,613306736,0,0,1,2018-10-01 00:00:00.0000000,2018-10-01 00:00:00.0000000,NULL,NULL,NULL,NULL,1,,1,1
40,422141,0.462324357,3340.062341,0,462324357,1,3340,62341,7,2019-03-12 00:00:00.0000000,2018-10-01 00:00:00.0000000,3,2020-07-01 00:00:00.0000000,2020-02-19 00:00:00.0000000,,0,0,1
40,706342,0.841012858,5023.797898,0,841012858,0,5023,797898,17,2019-07-11 00:00:00.0000000,2018-10-15 00:00:00.0000000,9,2020-07-17 00:00:00.0000000,2019-10-03 00:00:00.0000000,,0,0,1
40,718698,0.668060235,0,0,668060235,0,0,1,2019-02-06 00:00:00.0000000,2019-02-06 00:00:00.0000000,1,2020-01-10 00:00:00.0000000,2020-01-10 00:00:00.0000000,NULL,0,,0,1
40,428872,0.982653449,1970.358415,0,982653449,0,1970,358415,3,2019-09-25 00:00:00.0000000,2019-04-04 00:00:00.0000000,8,2020-08-27 00:00:00.0000000,2019-11-08 00:00:00.0000000,,0,0,1
40,717765,0.996546673,4629.411737,0,996546673,0,4629,411737,19,2019-09-23 00:00:00.0000000,2018-10-29 00:00:00.0000000,5,2020-07-13 00:00:00.0000000,2019-10-14 00:00:00.0000000,,0,0,1
40,704567,0.978879855,4716.513329,0,978879855,0,4716,513329,6,2019-07-30 00:00:00.0000000,2018-10-02 00:00:00.0000000,6,2020-06-29 00:00:00.0000000,2019-10-24 00:00:00.0000000,,0,0,1
40,751379,0.817380391,0,0,817380391,0,0,1,2019-08-09 00:00:00.0000000,2019-08-09 00:00:00.0000000,1,2020-01-23 00:00:00.0000000,2020-01-23 00:00:00.0000000,NULL,0,,0,1
40,425312,0.998942558,27440.45018,0,998942558,0,27440,45018,42,2019-09-30 00:00:00.0000000,2018-10-13 00:00:00.0000000,29,2020-09-25 00:00:00.0000000,2019-10-08 00:00:00.0000000,,0,0,1
40,425025,0.641956707,2651.569001,0,641956707,0,2651,569001,5,2019-03-08 00:00:00.0000000,2018-10-23 00:00:00.0000000,NULL,NULL,NULL,,1,1,1
40,667206,0.997849439,6068.121266,0,997849439,0,6068,121266,28,2019-09-26 00:00:00.0000000,2018-10-04 00:00:00.0000000,17,2020-08-27 00:00:00.0000000,2019-10-08 00:00:00.0000000,,0,0,1
40,557560,0.998697198,133553.3882,0,998697198,0,133553,3882,100,2019-09-26 00:00:00.0000000,2018-10-01 00:00:00.0000000,70,2020-09-17 00:00:00.0000000,2019-10-01 00:00:00.0000000,,0,0,1
40,559660,0.981425872,2833.980606,0,981425872,0,2833,980606,3,2019-09-13 00:00:00.0000000,2018-11-20 00:00:00.0000000,6,2020-06-17 00:00:00.0000000,2019-10-11 00:00:00.0000000,,0,0,1
40,597096,0.283411634,569.7282793,0,283411634,1,569,7282793,12,2019-04-24 00:00:00.0000000,2018-10-02 00:00:00.0000000,NULL,NULL,NULL,,1,1,1
40,469647,0.540832197,255.1780012,0,540832197,0,255,1780012,4,2019-02-01 00:00:00.0000000,2018-10-26 00:00:00.0000000,1,2020-07-08 00:00:00.0000000,2020-07-08 00:00:00.0000000,,0,0,1
40,739339,0.992533178,323113.1019,0,992533178,0,323113,1019,8,2019-09-18 00:00:00.0000000,2018-10-29 00:00:00.0000000,2,2020-07-10 00:00:00.0000000,2020-05-07 00:00:00.0000000,,0,0,1
40,431583,0.998986439,844924.9497,0,998986439,0,844924,9497,158,2019-09-27 00:00:00.0000000,2018-10-03 00:00:00.0000000,152,2020-09-25 00:00:00.0000000,2019-10-02 00:00:00.0000000,,0,0,1
40,450760,0.999818224,3144377.963,0,999818224,0,3144377,963,243,2019-09-30 00:00:00.0000000,2018-10-01 00:00:00.0000000,202,2020-09-30 00:00:00.0000000,2019-10-01 00:00:00.0000000,,0,0,1
40,616621,0.995499821,3646.518253,0,995499821,0,3646,518253,17,2019-09-19 00:00:00.0000000,2018-10-26 00:00:00.0000000,13,2020-09-10 00:00:00.0000000,2019-10-09 00:00:00.0000000,,0,0,1
40,633973,0.728398846,0,0,728398846,0,0,1,2019-05-14 00:00:00.0000000,2019-05-14 00:00:00.0000000,2,2020-03-06 00:00:00.0000000,2020-03-02 00:00:00.0000000,NULL,0,,0,1
40,581289,0.993724655,11237.77687,0,993724655,0,11237,77687,8,2019-09-26 00:00:00.0000000,2018-11-19 00:00:00.0000000,16,2020-07-02 00:00:00.0000000,2019-10-03 00:00:00.0000000,,0,0,1
40,607538,0.902836998,579.6048164,0,902836998,0,579,6048164,2,2019-04-15 00:00:00.0000000,2018-12-28 00:00:00.0000000,4,2020-02-06 00:00:00.0000000,2019-11-29 00:00:00.0000000,,0,0,1
40,433313,0.794480298,1035.15553,0,794480298,0,1035,15553,2,2019-01-02 00:00:00.0000000,2018-10-19 00:00:00.0000000,13,2020-09-11 00:00:00.0000000,2019-10-07 00:00:00.0000000,,0,0,1
40,740426,0.644299585,0,0,644299585,0,0,1,2018-12-18 00:00:00.0000000,2018-12-18 00:00:00.0000000,NULL,NULL,NULL,NULL,1,,1,1
40,636621,0.773307329,2488.884698,0,773307329,0,2488,884698,7,2019-05-29 00:00:00.0000000,2018-12-28 00:00:00.0000000,14,2020-09-04 00:00:00.0000000,2020-06-18 00:00:00.0000000,,0,0,1
40,602392,0.998660392,352406.9582,0,998660392,0,352406,9582,72,2019-09-26 00:00:00.0000000,2018-10-02 00:00:00.0000000,76,2020-09-28 00:00:00.0000000,2019-10-02 00:00:00.0000000,,0,0,1
40,430906,0.998120284,20361.07834,0,998120284,0,20361,7834,35,2019-09-26 00:00:00.0000000,2018-10-17 00:00:00.0000000,72,2020-09-29 00:00:00.0000000,2019-10-09 00:00:00.0000000,,0,0,1
40,743178,0.901490472,1200.236692,0,901490472,0,1200,236692,4,2019-05-03 00:00:00.0000000,2018-11-16 00:00:00.0000000,3,2020-09-24 00:00:00.0000000,2019-10-25 00:00:00.0000000,,0,0,1
40,678224,0.621812512,0,0,621812512,0,0,1,2018-10-24 00:00:00.0000000,2018-10-24 00:00:00.0000000,8,2020-08-25 00:00:00.0000000,2019-10-31 00:00:00.0000000,NULL,0,,0,1
40,426138,0.995466976,9472.04541,0,995466976,0,9472,4541,26,2019-09-17 00:00:00.0000000,2018-10-24 00:00:00.0000000,8,2020-09-09 00:00:00.0000000,2019-11-20 00:00:00.0000000,,0,0,1
40,724328,0.632440587,0,0,632440587,0,0,1,2018-11-20 00:00:00.0000000,2018-11-20 00:00:00.0000000,2,2020-08-12 00:00:00.0000000,2019-10-07 00:00:00.0000000,NULL,0,,0,1
40,713071,0.998816528,41340.17334,0,998816528,0,41340,17334,62,2019-09-27 00:00:00.0000000,2018-10-04 00:00:00.0000000,42,2020-09-18 00:00:00.0000000,2019-10-02 00:00:00.0000000,,0,0,1
40,653805,0.994736597,4172.182085,0,994736597,0,4172,182085,15,2019-09-16 00:00:00.0000000,2018-10-04 00:00:00.0000000,8,2020-07-06 00:00:00.0000000,2019-10-01 00:00:00.0000000,,0,0,1
40,423638,0.999754505,209095.8396,0,999754505,0,209095,8396,180,2019-09-30 00:00:00.0000000,2018-10-01 00:00:00.0000000,177,2020-09-30 00:00:00.0000000,2019-10-01 00:00:00.0000000,,0,0,1
40,436492,0.999753131,771273.3878,0,999753131,0,771273,3878,179,2019-09-30 00:00:00.0000000,2018-10-01 00:00:00.0000000,48,2020-04-03 00:00:00.0000000,2019-10-01 00:00:00.0000000,,0,0,1
40,668093,0.998630494,41751.48722,0,998630494,0,41751,48722,66,2019-09-26 00:00:00.0000000,2018-10-02 00:00:00.0000000,78,2020-09-18 00:00:00.0000000,2019-10-04 00:00:00.0000000,,0,0,1
40,744298,0.642548356,0,0,642548356,0,0,1,2018-12-14 00:00:00.0000000,2018-12-14 00:00:00.0000000,NULL,NULL,NULL,NULL,1,,1,1
40,586528,0.772621981,0,0,772621981,0,0,1,2019-07-03 00:00:00.0000000,2019-07-03 00:00:00.0000000,NULL,NULL,NULL,NULL,1,,1,1
40,720429,0.66152056,0,0,66152056,0,0,1,2019-01-24 00:00:00.0000000,2019-01-24 00:00:00.0000000,NULL,NULL,NULL,NULL,1,,1,1
40,649210,0.970160977,2421.31511,0,970160977,0,2421,31511,5,2019-07-09 00:00:00.0000000,2018-10-08 00:00:00.0000000,4,2020-02-24 00:00:00.0000000,2019-10-25 00:00:00.0000000,,0,0,1
40,547248,0.976015452,24528.54267,0,976015452,0,24528,54267,24,2019-08-23 00:00:00.0000000,2018-10-05 00:00:00.0000000,59,2020-09-29 00:00:00.0000000,2019-10-10 00:00:00.0000000,,0,0,1
40,737620,0.70443117,0,0,70443117,0,0,1,2019-04-10 00:00:00.0000000,2019-04-10 00:00:00.0000000,2,2020-05-13 00:00:00.0000000,2020-02-27 00:00:00.0000000,NULL,0,,0,1
40,692677,0.998013496,33186.86204,0,998013496,0,33186,86204,74,2019-09-24 00:00:00.0000000,2018-10-01 00:00:00.0000000,59,2020-09-30 00:00:00.0000000,2019-10-03 00:00:00.0000000,,0,0,1
40,422196,0.995029128,11514.79237,0,995029128,0,11514,79237,18,2019-09-17 00:00:00.0000000,2018-11-05 00:00:00.0000000,11,2020-09-23 00:00:00.0000000,2019-11-14 00:00:00.0000000,,0,0,1
40,425209,0.981774393,1274.445636,0,981774393,0,1274,445636,3,2019-09-13 00:00:00.0000000,2018-10-01 00:00:00.0000000,NULL,NULL,NULL,,1,1,1
40,725528,0.996408606,461296.5328,0,996408606,0,461296,5328,14,2019-09-27 00:00:00.0000000,2018-10-04 00:00:00.0000000,10,2020-03-06 00:00:00.0000000,2019-12-05 00:00:00.0000000,,0,0,1
40,434353,0.994984651,10469.36122,0,994984651,0,10469,36122,14,2019-09-18 00:00:00.0000000,2018-10-01 00:00:00.0000000,7,2020-03-31 00:00:00.0000000,2019-10-09 00:00:00.0000000,,0,0,1
40,681165,0.971097475,1524.37455,0,971097475,0,1524,37455,2,2019-09-19 00:00:00.0000000,2019-05-17 00:00:00.0000000,NULL,NULL,NULL,,1,1,1
40,580089,0.210446388,293.265296,0,210446388,1,293,265296,4,2019-01-30 00:00:00.0000000,2018-12-07 00:00:00.0000000,1,2020-05-22 00:00:00.0000000,2020-05-22 00:00:00.0000000,,0,0,1
40,706377,0.968543142,9047.901768,0,968543142,0,9047,901768,12,2019-08-02 00:00:00.0000000,2018-10-24 00:00:00.0000000,8,2020-09-23 00:00:00.0000000,2019-10-03 00:00:00.0000000,,0,0,1
40,577608,0.987145578,17852.98802,0,987145578,0,17852,98802,8,2019-08-23 00:00:00.0000000,2018-10-01 00:00:00.0000000,7,2020-09-25 00:00:00.0000000,2019-11-12 00:00:00.0000000,,0,0,1
40,749003,0.994480638,34121.56483,0,994480638,0,34121,56483,15,2019-09-24 00:00:00.0000000,2019-05-14 00:00:00.0000000,63,2020-09-18 00:00:00.0000000,2019-10-01 00:00:00.0000000,,0,0,1
40,708525,0.084799839,80.86784332,0,84799839,1,80,86784332,3,2018-10-24 00:00:00.0000000,2018-10-01 00:00:00.0000000,NULL,NULL,NULL,,1,1,1
40,676536,0.996789657,11127.24896,0,996789657,0,11127,24896,17,2019-09-26 00:00:00.0000000,2018-11-02 00:00:00.0000000,16,2020-09-22 00:00:00.0000000,2019-11-06 00:00:00.0000000,,0,0,1
40,428276,0.973874522,3160.408009,0,973874522,0,3160,408009,2,2019-09-25 00:00:00.0000000,2018-10-08 00:00:00.0000000,7,2020-09-02 00:00:00.0000000,2019-10-01 00:00:00.0000000,,0,0,1
40,720351,0.630416033,0,0,630416033,0,0,1,2018-11-15 00:00:00.0000000,2018-11-15 00:00:00.0000000,NULL,NULL,NULL,NULL,1,,1,1
40,425604,0.983493937,35036.53339,0,983493937,0,35036,53339,31,2019-09-02 00:00:00.0000000,2018-10-09 00:00:00.0000000,10,2020-08-18 00:00:00.0000000,2019-10-04 00:00:00.0000000,,0,0,1
40,425103,0.970023289,543.8146619,0,970023289,0,543,8146619,5,2019-07-11 00:00:00.0000000,2018-10-18 00:00:00.0000000,NULL,NULL,NULL,,1,1,1
40,431281,0.750753046,4774.662285,0,750753046,0,4774,662285,13,2019-06-12 00:00:00.0000000,2018-10-10 00:00:00.0000000,6,2020-09-21 00:00:00.0000000,2019-10-14 00:00:00.0000000,,0,0,1
40,422233,0.998688454,70874.75858,0,998688454,0,70874,75858,51,2019-09-27 00:00:00.0000000,2018-10-01 00:00:00.0000000,77,2020-09-24 00:00:00.0000000,2019-10-07 00:00:00.0000000,,0,0,1
40,707145,0.654775715,0,0,654775715,0,0,1,2019-01-10 00:00:00.0000000,2019-01-10 00:00:00.0000000,NULL,NULL,NULL,NULL,1,,1,1
40,431312,0.98861829,11011.48732,0,98861829,0,11011,48732,5,2019-09-16 00:00:00.0000000,2018-11-14 00:00:00.0000000,17,2020-09-07 00:00:00.0000000,2019-10-17 00:00:00.0000000,,0,0,1
40,435825,0.999783426,5018952.781,0,999783426,0,5018952,781,204,2019-09-30 00:00:00.0000000,2018-10-02 00:00:00.0000000,130,2020-09-28 00:00:00.0000000,2019-10-01 00:00:00.0000000,,0,0,1
40,602298,0.989949138,736.8093223,0,989949138,0,736,8093223,6,2019-09-17 00:00:00.0000000,2019-01-03 00:00:00.0000000,10,2020-08-03 00:00:00.0000000,2019-10-28 00:00:00.0000000,,0,0,1
40,647561,0.999543845,59880.61072,0,999543845,0,59880,61072,97,2019-09-30 00:00:00.0000000,2018-10-02 00:00:00.0000000,78,2020-09-28 00:00:00.0000000,2019-10-07 00:00:00.0000000,,0,0,1
40,424572,0.87428549,4224.979721,0,87428549,0,4224,979721,8,2019-05-28 00:00:00.0000000,2018-10-11 00:00:00.0000000,2,2020-01-03 00:00:00.0000000,2019-10-07 00:00:00.0000000,,0,0,1
40,730641,0.76640025,3222.803211,0,76640025,0,3222,803211,9,2019-05-16 00:00:00.0000000,2018-10-11 00:00:00.0000000,4,2020-09-25 00:00:00.0000000,2020-07-16 00:00:00.0000000,,0,0,1
40,731653,0.835098201,454.2098566,0,835098201,0,454,2098566,2,2019-03-28 00:00:00.0000000,2019-01-23 00:00:00.0000000,1,2020-05-28 00:00:00.0000000,2020-05-28 00:00:00.0000000,,0,0,1
40,682980,0.997635743,12438.63284,0,997635743,0,12438,63284,40,2019-09-23 00:00:00.0000000,2018-10-02 00:00:00.0000000,34,2020-09-30 00:00:00.0000000,2019-10-14 00:00:00.0000000,,0,0,1
40,429327,0.997932164,216341.7427,0,997932164,0,216341,7427,34,2019-09-25 00:00:00.0000000,2018-10-03 00:00:00.0000000,16,2020-09-22 00:00:00.0000000,2019-10-07 00:00:00.0000000,,0,0,1
40,588667,0.993737505,10642.98706,0,993737505,0,10642,98706,17,2019-09-12 00:00:00.0000000,2018-10-19 00:00:00.0000000,12,2020-08-05 00:00:00.0000000,2019-10-10 00:00:00.0000000,,0,0,1
40,433765,0.995845337,53465.47332,0,995845337,0,53465,47332,17,2019-09-20 00:00:00.0000000,2018-10-03 00:00:00.0000000,15,2020-09-18 00:00:00.0000000,2019-10-07 00:00:00.0000000,,0,0,1
40,705785,0.99800945,350699.7443,0,99800945,0,350699,7443,53,2019-09-24 00:00:00.0000000,2018-10-05 00:00:00.0000000,34,2020-07-01 00:00:00.0000000,2019-10-04 00:00:00.0000000,,0,0,1
40,428235,0.998447265,21184.39194,0,998447265,0,21184,39194,48,2019-09-26 00:00:00.0000000,2018-10-03 00:00:00.0000000,36,2020-09-29 00:00:00.0000000,2019-10-04 00:00:00.0000000,,0,0,1
40,725527,0.997643685,187599.5393,0,997643685,0,187599,5393,19,2019-09-30 00:00:00.0000000,2018-11-29 00:00:00.0000000,22,2020-09-28 00:00:00.0000000,2019-10-08 00:00:00.0000000,,0,0,1
40,424699,0.593310847,2838.739685,0,593310847,0,2838,739685,4,2019-01-31 00:00:00.0000000,2018-10-15 00:00:00.0000000,2,2019-12-31 00:00:00.0000000,2019-10-03 00:00:00.0000000,,0,0,1
40,674492,0.645626226,0,0,645626226,0,0,1,2018-12-21 00:00:00.0000000,2018-12-21 00:00:00.0000000,3,2020-04-24 00:00:00.0000000,2019-12-10 00:00:00.0000000,NULL,0,,0,1
40,578902,0.998496605,28758.27273,0,998496605,0,28758,27273,53,2019-09-26 00:00:00.0000000,2018-10-11 00:00:00.0000000,34,2020-09-21 00:00:00.0000000,2019-10-16 00:00:00.0000000,,0,0,1
40,654120,0.790220413,0,0,790220413,0,0,1,2019-07-19 00:00:00.0000000,2019-07-19 00:00:00.0000000,NULL,NULL,NULL,NULL,1,,1,1
40,678613,0.990584895,1759.42379,0,990584895,0,1759,42379,8,2019-09-10 00:00:00.0000000,2018-11-30 00:00:00.0000000,NULL,NULL,NULL,,1,1,1
40,684107,0.846249146,0,0,846249146,0,0,1,2019-08-27 00:00:00.0000000,2019-08-27 00:00:00.0000000,2,2020-05-06 00:00:00.0000000,2019-12-04 00:00:00.0000000,NULL,0,,0,1
40,425605,0.998027541,25530.3124,0,998027541,0,25530,3124,62,2019-09-24 00:00:00.0000000,2018-10-05 00:00:00.0000000,32,2020-09-24 00:00:00.0000000,2019-10-02 00:00:00.0000000,,0,0,1
40,700110,0.999618737,160670.7001,0,999618737,0,160670,7001,116,2019-09-30 00:00:00.0000000,2018-10-01 00:00:00.0000000,52,2020-09-30 00:00:00.0000000,2019-10-03 00:00:00.0000000,,0,0,1
40,422775,0.997389819,18767.818,0,997389819,0,18767,818,26,2019-09-24 00:00:00.0000000,2018-10-04 00:00:00.0000000,24,2020-09-25 00:00:00.0000000,2019-10-08 00:00:00.0000000,,0,0,1
40,431079,0.99799542,223584.4042,0,99799542,0,223584,4042,77,2019-09-24 00:00:00.0000000,2018-10-01 00:00:00.0000000,66,2020-09-21 00:00:00.0000000,2019-10-04 00:00:00.0000000,,0,0,1
40,432998,0.971353653,20123.84362,0,971353653,0,20123,84362,12,2019-08-08 00:00:00.0000000,2018-11-15 00:00:00.0000000,8,2020-07-08 00:00:00.0000000,2019-10-18 00:00:00.0000000,,0,0,1
40,423097,0.915077134,6347.087887,0,915077134,0,6347,87887,7,2019-07-03 00:00:00.0000000,2019-01-11 00:00:00.0000000,27,2020-09-29 00:00:00.0000000,2019-10-04 00:00:00.0000000,,0,0,1
40,424426,0.959469315,2643.560895,0,959469315,0,2643,560895,5,2019-06-28 00:00:00.0000000,2018-11-05 00:00:00.0000000,1,2019-10-03 00:00:00.0000000,2019-10-03 00:00:00.0000000,,0,0,1
40,471542,0.86296791,2363.833268,0,86296791,0,2363,833268,3,2019-03-27 00:00:00.0000000,2018-11-22 00:00:00.0000000,NULL,NULL,NULL,,1,1,1
40,623430,0.993431069,3316.54421,0,993431069,0,3316,54421,15,2019-09-11 00:00:00.0000000,2018-10-11 00:00:00.0000000,16,2020-09-18 00:00:00.0000000,2019-10-25 00:00:00.0000000,,0,0,1
40,742995,0.984128069,3888.572658,0,984128069,0,3888,572658,8,2019-08-21 00:00:00.0000000,2018-11-27 00:00:00.0000000,13,2020-08-21 00:00:00.0000000,2019-10-30 00:00:00.0000000,,0,0,1
40,423664,0.728471394,0.022761867,0,728471394,0,0,22761867,2,2019-05-08 00:00:00.0000000,2019-04-12 00:00:00.0000000,NULL,NULL,NULL,,1,1,1
40,695840,0.931876868,4292.876525,0,931876868,0,4292,876525,16,2019-07-26 00:00:00.0000000,2018-10-22 00:00:00.0000000,6,2020-07-30 00:00:00.0000000,2019-10-29 00:00:00.0000000,,0,0,1
40,647022,0.997109784,142638.9024,0,997109784,0,142638,9024,23,2019-09-24 00:00:00.0000000,2018-10-29 00:00:00.0000000,29,2020-09-21 00:00:00.0000000,2019-10-17 00:00:00.0000000,,0,0,1
40,578928,0.995872344,3638.081243,0,995872344,0,3638,81243,13,2019-09-25 00:00:00.0000000,2018-10-10 00:00:00.0000000,8,2020-07-21 00:00:00.0000000,2020-01-17 00:00:00.0000000,,0,0,1
40,427006,0.65013292,0,0,65013292,0,0,1,2018-12-31 00:00:00.0000000,2018-12-31 00:00:00.0000000,NULL,NULL,NULL,NULL,1,,1,1
40,681975,0.417280874,68.73938041,0,417280874,1,68,73938041,2,2018-10-31 00:00:00.0000000,2018-10-09 00:00:00.0000000,1,2020-02-28 00:00:00.0000000,2020-02-28 00:00:00.0000000,,0,0,1
40,699532,0.208264735,380.4701558,0,208264735,1,380,4701558,3,2018-12-28 00:00:00.0000000,2018-11-27 00:00:00.0000000,NULL,NULL,NULL,,1,1,1
40,431413,0.972802396,2195.989552,0,972802396,0,2195,989552,8,2019-08-02 00:00:00.0000000,2018-11-28 00:00:00.0000000,3,2020-08-21 00:00:00.0000000,2020-05-28 00:00:00.0000000,,0,0,1
40,427480,0.389160232,368.1340383,0,389160232,1,368,1340383,5,2019-01-30 00:00:00.0000000,2018-10-11 00:00:00.0000000,1,2020-02-05 00:00:00.0000000,2020-02-05 00:00:00.0000000,,0,0,1
40,435198,0.999733766,162716.4945,0,999733766,0,162716,4945,166,2019-09-30 00:00:00.0000000,2018-10-01 00:00:00.0000000,173,2020-09-30 00:00:00.0000000,2019-10-01 00:00:00.0000000,,0,0,1
40,725093,0.989881594,13163.75161,0,989881594,0,13163,75161,9,2019-09-11 00:00:00.0000000,2019-02-06 00:00:00.0000000,18,2020-08-31 00:00:00.0000000,2019-10-01 00:00:00.0000000,,0,0,1
40,433809,0.98074044,14331.5146,0,98074044,0,14331,5146,4,2019-09-06 00:00:00.0000000,2019-04-04 00:00:00.0000000,3,2020-09-07 00:00:00.0000000,2020-06-18 00:00:00.0000000,,0,0,1
40,425240,0.916285767,1524.879931,0,916285767,0,1524,879931,2,2019-07-01 00:00:00.0000000,2019-04-24 00:00:00.0000000,1,2019-11-18 00:00:00.0000000,2019-11-18 00:00:00.0000000,,0,0,1
40,669606,0.969488284,279.1799305,0,969488284,0,279,1799305,4,2019-07-24 00:00:00.0000000,2018-12-24 00:00:00.0000000,5,2019-12-11 00:00:00.0000000,2019-10-03 00:00:00.0000000,,0,0,1
40,572190,0.617612832,37680.14853,0,617612832,0,37680,14853,25,2019-07-15 00:00:00.0000000,2018-10-08 00:00:00.0000000,3,2020-06-04 00:00:00.0000000,2019-10-14 00:00:00.0000000,,0,0,1
40,528317,0.999178749,73131.97533,0,999178749,0,73131,97533,54,2019-09-30 00:00:00.0000000,2018-10-05 00:00:00.0000000,67,2020-09-21 00:00:00.0000000,2019-10-01 00:00:00.0000000,,0,0,1
40,622241,0.992048922,4882.09872,0,992048922,0,4882,9872,9,2019-09-12 00:00:00.0000000,2018-10-24 00:00:00.0000000,NULL,NULL,NULL,,1,1,1
40,558676,0.995738393,7771.303643,0,995738393,0,7771,303643,21,2019-09-18 00:00:00.0000000,2018-10-11 00:00:00.0000000,26,2020-09-25 00:00:00.0000000,2019-10-04 00:00:00.0000000,,0,0,1
40,588236,0.813234663,2572.005193,0,813234663,0,2572,5193,3,2019-03-28 00:00:00.0000000,2018-12-21 00:00:00.0000000,NULL,NULL,NULL,,1,1,1
40,655770,0.9511328,1238.281326,0,9511328,0,1238,281326,6,2019-07-04 00:00:00.0000000,2018-12-27 00:00:00.0000000,2,2020-08-11 00:00:00.0000000,2020-03-27 00:00:00.0000000,,0,0,1
40,431364,0.997553113,10208.96382,0,997553113,0,10208,96382,26,2019-09-25 00:00:00.0000000,2018-10-10 00:00:00.0000000,33,2020-09-21 00:00:00.0000000,2019-10-18 00:00:00.0000000,,0,0,1
40,713550,0.997563666,33079.03618,0,997563666,0,33079,3618,40,2019-09-23 00:00:00.0000000,2018-10-16 00:00:00.0000000,33,2020-09-21 00:00:00.0000000,2019-10-30 00:00:00.0000000,,0,0,1
40,720257,0.642548356,0,0,642548356,0,0,1,2018-12-14 00:00:00.0000000,2018-12-14 00:00:00.0000000,7,2020-01-17 00:00:00.0000000,2019-10-18 00:00:00.0000000,NULL,0,,0,1
40,546278,0.917901707,0,0,917901707,0,0,1,2019-09-25 00:00:00.0000000,2019-09-25 00:00:00.0000000,NULL,NULL,NULL,NULL,1,,1,1
40,657460,0.999667571,60894.5587,0,999667571,0,60894,5587,133,2019-09-30 00:00:00.0000000,2018-10-01 00:00:00.0000000,76,2020-09-29 00:00:00.0000000,2019-10-01 00:00:00.0000000,,0,0,1
40,667273,0.999112685,33974.35922,0,999112685,0,33974,35922,50,2019-09-30 00:00:00.0000000,2018-10-29 00:00:00.0000000,33,2020-09-24 00:00:00.0000000,2019-10-22 00:00:00.0000000,,0,0,1
40,427428,0.459990658,1537.852026,0,459990658,1,1537,852026,3,2019-03-19 00:00:00.0000000,2019-02-08 00:00:00.0000000,4,2020-07-15 00:00:00.0000000,2019-11-06 00:00:00.0000000,,0,0,1
40,692716,0.643859903,0,0,643859903,0,0,1,2018-12-17 00:00:00.0000000,2018-12-17 00:00:00.0000000,1,2020-02-27 00:00:00.0000000,2020-02-27 00:00:00.0000000,NULL,0,,0,1
40,695781,0.807703062,0,0,807703062,0,0,1,2019-08-02 00:00:00.0000000,2019-08-02 00:00:00.0000000,2,2020-04-30 00:00:00.0000000,2020-03-20 00:00:00.0000000,NULL,0,,0,1
40,640990,0.997913854,26778.55087,0,997913854,0,26778,55087,42,2019-09-24 00:00:00.0000000,2018-10-02 00:00:00.0000000,50,2020-09-29 00:00:00.0000000,2019-10-04 00:00:00.0000000,,0,0,1
40,430540,0.62315842,5060.580371,0,62315842,0,5060,580371,8,2019-04-26 00:00:00.0000000,2018-10-30 00:00:00.0000000,NULL,NULL,NULL,,1,1,1
40,717440,0.997637189,1910016.923,0,997637189,0,1910016,923,23,2019-09-27 00:00:00.0000000,2018-10-26 00:00:00.0000000,4,2020-09-25 00:00:00.0000000,2019-10-25 00:00:00.0000000,,0,0,1
40,427829,0.999004526,65708.12738,0,999004526,0,65708,12738,99,2019-09-27 00:00:00.0000000,2018-10-01 00:00:00.0000000,67,2020-09-28 00:00:00.0000000,2019-10-16 00:00:00.0000000,,0,0,1
40,731040,0.983233425,22464.59341,0,983233425,0,22464,59341,14,2019-08-19 00:00:00.0000000,2018-10-08 00:00:00.0000000,6,2020-02-27 00:00:00.0000000,2019-10-09 00:00:00.0000000,,0,0,1
40,675211,0.023756722,15.93349816,0,23756722,1,15,93349816,8,2019-01-24 00:00:00.0000000,2018-10-11 00:00:00.0000000,17,2020-07-24 00:00:00.0000000,2019-10-17 00:00:00.0000000,,0,0,1
40,421930,0.999677297,926502.9731,0,999677297,0,926502,9731,137,2019-09-30 00:00:00.0000000,2018-10-03 00:00:00.0000000,111,2020-09-29 00:00:00.0000000,2019-10-02 00:00:00.0000000,,0,0,1
40,433045,0.99821981,21991.7851,0,99821981,0,21991,7851,33,2019-09-27 00:00:00.0000000,2018-10-19 00:00:00.0000000,21,2020-09-24 00:00:00.0000000,2019-10-10 00:00:00.0000000,,0,0,1
40,424663,0.995886028,4408.811175,0,995886028,0,4408,811175,11,2019-09-30 00:00:00.0000000,2018-11-05 00:00:00.0000000,8,2020-09-11 00:00:00.0000000,2019-10-10 00:00:00.0000000,,0,0,1
40,432288,0.995950626,34309.65574,0,995950626,0,34309,65574,33,2019-09-18 00:00:00.0000000,2018-10-11 00:00:00.0000000,33,2020-09-15 00:00:00.0000000,2019-10-09 00:00:00.0000000,,0,0,1
40,649123,0.811238283,1297.254027,0,811238283,0,1297,254027,3,2019-06-07 00:00:00.0000000,2019-04-11 00:00:00.0000000,2,2020-02-14 00:00:00.0000000,2020-02-10 00:00:00.0000000,,0,0,1
40,525831,0.963662208,1471.216477,0,963662208,0,1471,216477,8,2019-07-17 00:00:00.0000000,2018-10-31 00:00:00.0000000,10,2020-07-02 00:00:00.0000000,2019-11-06 00:00:00.0000000,,0,0,1
40,741893,0.981625168,48732.6534,0,981625168,0,48732,6534,14,2019-08-23 00:00:00.0000000,2018-11-28 00:00:00.0000000,7,2020-07-21 00:00:00.0000000,2019-11-26 00:00:00.0000000,,0,0,1
40,427672,0.849918695,0,0,849918695,0,0,1,2019-08-29 00:00:00.0000000,2019-08-29 00:00:00.0000000,NULL,NULL,NULL,NULL,1,,1,1
40,641476,0.940910265,19552.21421,0,940910265,0,19552,21421,6,2019-06-26 00:00:00.0000000,2018-12-04 00:00:00.0000000,24,2020-09-23 00:00:00.0000000,2019-10-08 00:00:00.0000000,,0,0,1
40,534399,0.995733788,253010.9064,0,995733788,0,253010,9064,20,2019-09-18 00:00:00.0000000,2018-10-03 00:00:00.0000000,36,2020-09-28 00:00:00.0000000,2019-10-07 00:00:00.0000000,,0,0,1
40,750595,0.991105133,106698.3346,0,991105133,0,106698,3346,19,2019-09-24 00:00:00.0000000,2019-07-12 00:00:00.0000000,33,2020-09-21 00:00:00.0000000,2019-10-02 00:00:00.0000000,,0,0,1
40,638070,1.80E-06,0.012217815,1,8.00E-06,1,0,12217815,13,2019-01-23 00:00:00.0000000,2018-11-19 00:00:00.0000000,NULL,NULL,NULL,,1,1,1
40,429602,0.994086606,21521.98929,0,994086606,0,21521,98929,21,2019-09-13 00:00:00.0000000,2018-10-22 00:00:00.0000000,28,2020-09-30 00:00:00.0000000,2019-11-05 00:00:00.0000000,,0,0,1
40,741422,0.961378343,15708.03751,0,961378343,0,15708,3751,9,2019-08-21 00:00:00.0000000,2019-04-03 00:00:00.0000000,5,2019-12-03 00:00:00.0000000,2019-10-04 00:00:00.0000000,,0,0,1
40,425663,0.394890321,74.65528599,0,394890321,1,74,65528599,2,2019-04-02 00:00:00.0000000,2019-03-25 00:00:00.0000000,NULL,NULL,NULL,,1,1,1
40,716054,0.639530924,0,0,639530924,0,0,1,2018-12-07 00:00:00.0000000,2018-12-07 00:00:00.0000000,NULL,NULL,NULL,NULL,1,,1,1
40,578382,0.709064473,0,0,709064473,0,0,1,2019-04-17 00:00:00.0000000,2019-04-17 00:00:00.0000000,9,2020-07-27 00:00:00.0000000,2020-01-09 00:00:00.0000000,NULL,0,,0,1
40,534808,0.99840859,9644.842724,0,99840859,0,9644,842724,28,2019-09-30 00:00:00.0000000,2018-10-02 00:00:00.0000000,12,2020-08-03 00:00:00.0000000,2019-10-08 00:00:00.0000000,,0,0,1
40,422298,0.969165762,4203.991441,0,969165762,0,4203,991441,9,2019-07-25 00:00:00.0000000,2018-10-24 00:00:00.0000000,1,2020-09-28 00:00:00.0000000,2020-09-28 00:00:00.0000000,,0,0,1
40,557595,0.997932985,35213.58762,0,997932985,0,35213,58762,43,2019-09-24 00:00:00.0000000,2018-10-01 00:00:00.0000000,34,2020-09-29 00:00:00.0000000,2019-10-11 00:00:00.0000000,,0,0,1
40,598890,0.996809102,24675.41598,0,996809102,0,24675,41598,16,2019-09-27 00:00:00.0000000,2018-10-08 00:00:00.0000000,7,2020-07-03 00:00:00.0000000,2019-10-02 00:00:00.0000000,,0,0,1
40,424574,0.628021321,0,0,628021321,0,0,1,2018-11-09 00:00:00.0000000,2018-11-09 00:00:00.0000000,NULL,NULL,NULL,X,1,,1,1
40,463527,0.995003639,16158.79442,0,995003639,0,16158,79442,15,2019-09-18 00:00:00.0000000,2018-10-25 00:00:00.0000000,16,2020-09-17 00:00:00.0000000,2019-10-04 00:00:00.0000000,,0,0,1
40,428160,0.9989721,54259.23436,0,9989721,0,54259,23436,87,2019-09-27 00:00:00.0000000,2018-10-01 00:00:00.0000000,74,2020-09-30 00:00:00.0000000,2019-10-11 00:00:00.0000000,,0,0,1
40,428511,0.999810413,2749369.961,0,999810413,0,2749369,961,233,2019-09-30 00:00:00.0000000,2018-10-02 00:00:00.0000000,204,2020-09-30 00:00:00.0000000,2019-10-01 00:00:00.0000000,,0,0,1
40,525040,0.93463198,2318.526751,0,93463198,0,2318,526751,7,2019-06-11 00:00:00.0000000,2018-10-04 00:00:00.0000000,3,2020-09-08 00:00:00.0000000,2019-12-17 00:00:00.0000000,,0,0,1
40,713862,0.943376748,386.3786509,0,943376748,0,386,3786509,3,2019-06-10 00:00:00.0000000,2018-12-28 00:00:00.0000000,1,2020-07-09 00:00:00.0000000,2020-07-09 00:00:00.0000000,,0,0,1
40,696103,0.883104838,10694.50885,0,883104838,0,10694,50885,24,2019-08-02 00:00:00.0000000,2018-10-15 00:00:00.0000000,9,2020-07-15 00:00:00.0000000,2019-11-19 00:00:00.0000000,,0,0,1
40,660600,0.993358958,3180.611182,0,993358958,0,3180,611182,8,2019-09-23 00:00:00.0000000,2018-10-19 00:00:00.0000000,4,2020-07-29 00:00:00.0000000,2019-11-07 00:00:00.0000000,,0,0,1
40,644836,0.998348377,116028.8955,0,998348377,0,116028,8955,85,2019-09-25 00:00:00.0000000,2018-10-03 00:00:00.0000000,131,2020-09-30 00:00:00.0000000,2019-10-07 00:00:00.0000000,,0,0,1
40,424904,0.97115017,1024.680978,0,97115017,0,1024,680978,7,2019-07-19 00:00:00.0000000,2018-10-15 00:00:00.0000000,2,2020-01-30 00:00:00.0000000,2019-12-18 00:00:00.0000000,,0,0,1
40,603002,0.998451627,19570.65906,0,998451627,0,19570,65906,48,2019-09-26 00:00:00.0000000,2018-10-01 00:00:00.0000000,37,2020-09-29 00:00:00.0000000,2019-10-30 00:00:00.0000000,,0,0,1
40,658022,0.989455208,9589.637446,0,989455208,0,9589,637446,14,2019-08-30 00:00:00.0000000,2018-10-04 00:00:00.0000000,12,2020-09-18 00:00:00.0000000,2019-10-03 00:00:00.0000000,,0,0,1
40,503853,0.992862933,5047.824967,0,992862933,0,5047,824967,12,2019-09-10 00:00:00.0000000,2018-10-02 00:00:00.0000000,11,2020-09-30 00:00:00.0000000,2019-10-03 00:00:00.0000000,,0,0,1
40,719710,0.985946082,4955.545748,0,985946082,0,4955,545748,5,2019-09-18 00:00:00.0000000,2019-05-21 00:00:00.0000000,10,2020-08-05 00:00:00.0000000,2019-10-15 00:00:00.0000000,,0,0,1
40,739509,0.618800025,0,0,618800025,0,0,1,2018-10-16 00:00:00.0000000,2018-10-16 00:00:00.0000000,8,2020-03-16 00:00:00.0000000,2019-11-13 00:00:00.0000000,NULL,0,,0,1
40,724834,0.512573151,1526.526983,0,512573151,0,1526,526983,12,2019-06-04 00:00:00.0000000,2018-11-30 00:00:00.0000000,NULL,NULL,NULL,,1,1,1
40,575947,0.921684789,0,0,921684789,0,0,1,2019-09-26 00:00:00.0000000,2019-09-26 00:00:00.0000000,NULL,NULL,NULL,NULL,1,,1,1
40,430333,0.996152326,16887.52666,0,996152326,0,16887,52666,17,2019-09-24 00:00:00.0000000,2019-01-14 00:00:00.0000000,15,2020-09-28 00:00:00.0000000,2019-10-14 00:00:00.0000000,,0,0,1
40,741955,0.999783426,1387032.398,0,999783426,0,1387032,398,204,2019-09-30 00:00:00.0000000,2018-10-15 00:00:00.0000000,192,2020-09-30 00:00:00.0000000,2019-10-01 00:00:00.0000000,,0,0,1
40,526605,0.990551791,7304.349771,0,990551791,0,7304,349771,11,2019-09-03 00:00:00.0000000,2018-10-17 00:00:00.0000000,NULL,NULL,NULL,,1,1,1
40,660098,0.993922615,5526.889738,0,993922615,0,5526,889738,10,2019-09-19 00:00:00.0000000,2018-10-08 00:00:00.0000000,16,2020-09-09 00:00:00.0000000,2019-10-30 00:00:00.0000000,,0,0,1
40,699163,0.690130747,0,0,690130747,0,0,1,2019-03-18 00:00:00.0000000,2019-03-18 00:00:00.0000000,NULL,NULL,NULL,NULL,1,,1,1
40,590140,0.997336823,12792.03318,0,997336823,0,12792,3318,21,2019-09-26 00:00:00.0000000,2018-10-03 00:00:00.0000000,20,2020-06-15 00:00:00.0000000,2019-10-03 00:00:00.0000000,,0,0,1
40,612231,0.999793559,7947474.543,0,999793559,0,7947474,543,214,2019-09-30 00:00:00.0000000,2018-10-01 00:00:00.0000000,212,2020-09-30 00:00:00.0000000,2019-10-01 00:00:00.0000000,,0,0,1
40,556702,0.954726318,247.2759608,0,954726318,0,247,2759608,2,2019-06-21 00:00:00.0000000,2018-11-20 00:00:00.0000000,1,2020-03-17 00:00:00.0000000,2020-03-17 00:00:00.0000000,,0,0,1
40,429261,0.995563347,6116.582259,0,995563347,0,6116,582259,18,2019-09-18 00:00:00.0000000,2018-10-02 00:00:00.0000000,15,2020-09-11 00:00:00.0000000,2019-10-03 00:00:00.0000000,,0,0,1
40,429537,0.994949848,4568.362878,0,994949848,0,4568,362878,11,2019-09-23 00:00:00.0000000,2018-10-09 00:00:00.0000000,5,2020-09-21 00:00:00.0000000,2019-10-11 00:00:00.0000000,,0,0,1
40,674231,0.443313324,256.6325193,0,443313324,1,256,6325193,6,2019-02-26 00:00:00.0000000,2018-10-11 00:00:00.0000000,1,2019-11-04 00:00:00.0000000,2019-11-04 00:00:00.0000000,,0,0,1
40,729394,0.754208326,0,0,754208326,0,0,1,2019-06-14 00:00:00.0000000,2019-06-14 00:00:00.0000000,NULL,NULL,NULL,NULL,1,,1,1
40,700358,0.899676532,2514.711261,0,899676532,0,2514,711261,2,2019-09-11 00:00:00.0000000,2019-09-05 00:00:00.0000000,NULL,NULL,NULL,,1,1,1
40,583471,0.961114304,3539.126934,0,961114304,0,3539,126934,5,2019-06-21 00:00:00.0000000,2018-10-02 00:00:00.0000000,2,2020-09-17 00:00:00.0000000,2020-07-03 00:00:00.0000000,,0,0,1
40,671073,0.215056489,166.1888118,0,215056489,1,166,1888118,3,2018-12-04 00:00:00.0000000,2018-10-30 00:00:00.0000000,3,2020-05-26 00:00:00.0000000,2020-05-14 00:00:00.0000000,,0,0,1
40,595998,0.637832917,0,0,637832917,0,0,1,2018-12-03 00:00:00.0000000,2018-12-03 00:00:00.0000000,1,2020-06-15 00:00:00.0000000,2020-06-15 00:00:00.0000000,NULL,0,,0,1
40,744348,0.301000138,45024.08943,0,301000138,1,45024,8943,7,2019-04-12 00:00:00.0000000,2018-12-21 00:00:00.0000000,NULL,NULL,NULL,,1,1,1
40,617116,0.995485735,37229.2884,0,995485735,0,37229,2884,13,2019-09-23 00:00:00.0000000,2018-11-05 00:00:00.0000000,21,2020-09-28 00:00:00.0000000,2019-10-04 00:00:00.0000000,,0,0,1
40,636162,0.952906162,6163.476816,0,952906162,0,6163,476816,6,2019-07-18 00:00:00.0000000,2019-01-18 00:00:00.0000000,8,2020-07-16 00:00:00.0000000,2019-11-12 00:00:00.0000000,,0,0,1
40,425020,0.998395807,90163.7178,0,998395807,0,90163,7178,167,2019-09-26 00:00:00.0000000,2018-10-01 00:00:00.0000000,167,2020-09-30 00:00:00.0000000,2019-10-01 00:00:00.0000000,,0,0,1
40,565041,0.998001076,33316.9628,0,998001076,0,33316,9628,49,2019-09-24 00:00:00.0000000,2018-10-01 00:00:00.0000000,58,2020-09-28 00:00:00.0000000,2019-10-23 00:00:00.0000000,,0,0,1
40,667525,0.633668265,0,0,633668265,0,0,1,2018-11-23 00:00:00.0000000,2018-11-23 00:00:00.0000000,NULL,NULL,NULL,NULL,1,,1,1
40,738566,0.614752414,0,0,614752414,0,0,1,2018-10-05 00:00:00.0000000,2018-10-05 00:00:00.0000000,NULL,NULL,NULL,NULL,1,,1,1
40,659682,0.789053147,0,0,789053147,0,0,1,2019-07-18 00:00:00.0000000,2019-07-18 00:00:00.0000000,NULL,NULL,NULL,NULL,1,,1,1
40,654114,0.995571386,13501.27188,0,995571386,0,13501,27188,13,2019-09-23 00:00:00.0000000,2018-10-10 00:00:00.0000000,2,2020-01-20 00:00:00.0000000,2019-10-09 00:00:00.0000000,,0,0,1
40,710553,0.970773328,3178.618675,0,970773328,0,3178,618675,9,2019-07-24 00:00:00.0000000,2018-10-09 00:00:00.0000000,11,2020-08-13 00:00:00.0000000,2019-10-18 00:00:00.0000000,,0,0,1
40,588220,0.619173358,0,0,619173358,0,0,1,2018-10-17 00:00:00.0000000,2018-10-17 00:00:00.0000000,NULL,NULL,NULL,NULL,1,,1,1
40,699352,0.826129922,731.7220011,0,826129922,0,731,7220011,3,2019-05-21 00:00:00.0000000,2019-03-11 00:00:00.0000000,NULL,NULL,NULL,,1,1,1
40,583075,0.995289084,8738.496285,0,995289084,0,8738,496285,19,2019-09-18 00:00:00.0000000,2018-11-14 00:00:00.0000000,21,2020-09-30 00:00:00.0000000,2019-10-14 00:00:00.0000000,,0,0,1
40,725434,0.998695326,210019.3599,0,998695326,0,210019,3599,98,2019-09-26 00:00:00.0000000,2018-10-02 00:00:00.0000000,91,2020-09-29 00:00:00.0000000,2019-10-01 00:00:00.0000000,,0,0,1
40,741485,0.999539079,9983940.223,0,999539079,0,9983940,223,96,2019-09-30 00:00:00.0000000,2018-10-09 00:00:00.0000000,120,2020-09-25 00:00:00.0000000,2019-10-02 00:00:00.0000000,,0,0,1
40,431628,0.997475323,7816.181341,0,997475323,0,7816,181341,21,2019-09-27 00:00:00.0000000,2018-10-09 00:00:00.0000000,50,2020-09-29 00:00:00.0000000,2019-10-24 00:00:00.0000000,,0,0,1
40,695670,0.995506822,32207.49459,0,995506822,0,32207,49459,13,2019-09-23 00:00:00.0000000,2018-10-30 00:00:00.0000000,14,2020-09-21 00:00:00.0000000,2019-10-30 00:00:00.0000000,,0,0,1
40,677183,0.62449796,0,0,62449796,0,0,1,2018-10-31 00:00:00.0000000,2018-10-31 00:00:00.0000000,7,2020-09-23 00:00:00.0000000,2019-12-03 00:00:00.0000000,NULL,0,,0,1
40,588868,0.849918695,0,0,849918695,0,0,1,2019-08-29 00:00:00.0000000,2019-08-29 00:00:00.0000000,2,2019-10-21 00:00:00.0000000,2019-10-11 00:00:00.0000000,NULL,0,,0,1
40,655490,0.591127258,472.4727765,0,591127258,0,472,4727765,3,2019-02-06 00:00:00.0000000,2018-12-03 00:00:00.0000000,NULL,NULL,NULL,,1,1,1
40,741946,0.979491452,4501.861702,0,979491452,0,4501,861702,5,2019-08-20 00:00:00.0000000,2019-01-24 00:00:00.0000000,NULL,NULL,NULL,,1,1,1
40,421924,0.999473017,61820.60972,0,999473017,0,61820,60972,84,2019-09-30 00:00:00.0000000,2018-10-01 00:00:00.0000000,94,2020-09-30 00:00:00.0000000,2019-10-04 00:00:00.0000000,,0,0,1
40,425656,0.996173442,4641.112652,0,996173442,0,4641,112652,16,2019-09-23 00:00:00.0000000,2018-10-18 00:00:00.0000000,22,2020-09-21 00:00:00.0000000,2019-10-30 00:00:00.0000000,,0,0,1
40,430625,0.865071681,4837.152522,0,865071681,0,4837,152522,15,2019-07-04 00:00:00.0000000,2018-10-01 00:00:00.0000000,15,2020-06-23 00:00:00.0000000,2019-10-16 00:00:00.0000000,,0,0,1
40,702335,0.66201385,0,0,66201385,0,0,1,2019-01-25 00:00:00.0000000,2019-01-25 00:00:00.0000000,NULL,NULL,NULL,NULL,1,,1,1
40,693217,0.709064473,0,0,709064473,0,0,1,2019-04-17 00:00:00.0000000,2019-04-17 00:00:00.0000000,7,2020-09-08 00:00:00.0000000,2020-01-27 00:00:00.0000000,NULL,0,,0,1
40,432655,0.998353458,87126.81315,0,998353458,0,87126,81315,43,2019-09-26 00:00:00.0000000,2018-10-05 00:00:00.0000000,60,2020-09-22 00:00:00.0000000,2019-10-01 00:00:00.0000000,,0,0,1
40,675838,0.632440587,0,0,632440587,0,0,1,2018-11-20 00:00:00.0000000,2018-11-20 00:00:00.0000000,NULL,NULL,NULL,NULL,1,,1,1
40,708506,0.627529633,1173.334573,0,627529633,0,1173,334573,11,2019-05-14 00:00:00.0000000,2018-10-01 00:00:00.0000000,NULL,NULL,NULL,,1,1,1
40,717086,0.994015163,69299.23517,0,994015163,0,69299,23517,10,2019-09-20 00:00:00.0000000,2018-10-23 00:00:00.0000000,16,2020-09-23 00:00:00.0000000,2019-10-22 00:00:00.0000000,,0,0,1
40,425132,0.999019544,100580.7836,0,999019544,0,100580,7836,109,2019-09-27 00:00:00.0000000,2018-10-01 00:00:00.0000000,163,2020-09-30 00:00:00.0000000,2019-10-01 00:00:00.0000000,,0,0,1
40,423699,0.998192202,1613810.884,0,998192202,0,1613810,884,187,2019-09-26 00:00:00.0000000,2018-10-03 00:00:00.0000000,200,2020-09-29 00:00:00.0000000,2019-10-01 00:00:00.0000000,,0,0,1
40,430265,0.995802178,170900.6539,0,995802178,0,170900,6539,69,2019-09-20 00:00:00.0000000,2018-10-02 00:00:00.0000000,53,2020-09-22 00:00:00.0000000,2019-10-03 00:00:00.0000000,,0,0,1
40,641444,0.648766986,0,0,648766986,0,0,1,2018-12-28 00:00:00.0000000,2018-12-28 00:00:00.0000000,2,2020-09-03 00:00:00.0000000,2020-07-13 00:00:00.0000000,NULL,0,,0,1
40,747915,0.05124087,225.768371,0,5124087,1,225,768371,3,2019-04-02 00:00:00.0000000,2019-03-27 00:00:00.0000000,NULL,NULL,NULL,,1,1,1
40,745737,0.670651523,0,0,670651523,0,0,1,2019-02-11 00:00:00.0000000,2019-02-11 00:00:00.0000000,NULL,NULL,NULL,NULL,1,,1,1
40,649466,0.999513677,657982.697,0,999513677,0,657982,697,91,2019-09-30 00:00:00.0000000,2018-10-02 00:00:00.0000000,102,2020-09-23 00:00:00.0000000,2019-10-04 00:00:00.0000000,,0,0,1
40,694156,0.996588398,14321.52703,0,996588398,0,14321,52703,16,2019-09-26 00:00:00.0000000,2018-11-21 00:00:00.0000000,16,2020-06-12 00:00:00.0000000,2019-10-16 00:00:00.0000000,,0,0,1
40,670035,0.959401633,8253.553518,0,959401633,0,8253,553518,18,2019-08-06 00:00:00.0000000,2018-10-02 00:00:00.0000000,15,2020-09-17 00:00:00.0000000,2019-12-09 00:00:00.0000000,,0,0,1
40,714773,0.997402482,28394.04464,0,997402482,0,28394,4464,82,2019-09-23 00:00:00.0000000,2018-10-05 00:00:00.0000000,60,2020-09-29 00:00:00.0000000,2019-10-01 00:00:00.0000000,,0,0,1
40,427039,0.998023864,104476.2461,0,998023864,0,104476,2461,69,2019-09-24 00:00:00.0000000,2018-10-03 00:00:00.0000000,66,2020-09-24 00:00:00.0000000,2019-10-09 00:00:00.0000000,,0,0,1
40,426199,0.999748917,180243.6481,0,999748917,0,180243,6481,176,2019-09-30 00:00:00.0000000,2018-10-01 00:00:00.0000000,177,2020-09-30 00:00:00.0000000,2019-10-02 00:00:00.0000000,,0,0,1
40,564812,0.616211902,0,0,616211902,0,0,1,2018-10-09 00:00:00.0000000,2018-10-09 00:00:00.0000000,NULL,NULL,NULL,NULL,1,,1,1
40,724841,0.688622422,1264.9844,0,688622422,0,1264,9844,13,2019-06-03 00:00:00.0000000,2018-10-01 00:00:00.0000000,NULL,NULL,NULL,,1,1,1
40,730634,0.963016827,55124.11183,0,963016827,0,55124,11183,59,2019-09-06 00:00:00.0000000,2018-10-02 00:00:00.0000000,57,2020-09-24 00:00:00.0000000,2019-10-01 00:00:00.0000000,,0,0,1
40,597536,0.999723765,120979.5056,0,999723765,0,120979,5056,160,2019-09-30 00:00:00.0000000,2018-10-01 00:00:00.0000000,176,2020-09-30 00:00:00.0000000,2019-10-02 00:00:00.0000000,,0,0,1
40,744587,0.97168008,207.5868774,0,97168008,0,207,5868774,2,2019-09-11 00:00:00.0000000,2018-12-17 00:00:00.0000000,NULL,NULL,NULL,,1,1,1
40,625679,0.993438985,2793.610147,0,993438985,0,2793,610147,7,2019-09-30 00:00:00.0000000,2018-10-10 00:00:00.0000000,7,2020-07-27 00:00:00.0000000,2019-10-09 00:00:00.0000000,,0,0,1
40,655071,0.998271492,54669.52046,0,998271492,0,54669,52046,103,2019-09-25 00:00:00.0000000,2018-10-01 00:00:00.0000000,121,2020-09-29 00:00:00.0000000,2019-10-10 00:00:00.0000000,,0,0,1
40,430601,0.998609241,14062.09541,0,998609241,0,14062,9541,32,2019-09-30 00:00:00.0000000,2018-10-02 00:00:00.0000000,43,2020-09-23 00:00:00.0000000,2019-10-11 00:00:00.0000000,,0,0,1
40,676760,0.413645136,443.2241314,0,413645136,1,443,2241314,4,2019-02-18 00:00:00.0000000,2018-12-07 00:00:00.0000000,NULL,NULL,NULL,,1,1,1
40,690301,0.997902948,23211.11646,0,997902948,0,23211,11646,33,2019-09-25 00:00:00.0000000,2018-10-01 00:00:00.0000000,30,2020-09-15 00:00:00.0000000,2019-10-14 00:00:00.0000000,,0,0,1
40,426700,0.998825069,484436.3362,0,998825069,0,484436,3362,215,2019-09-27 00:00:00.0000000,2018-10-01 00:00:00.0000000,208,2020-09-30 00:00:00.0000000,2019-10-01 00:00:00.0000000,,0,0,1
40,433218,0.982782951,7404.051909,0,982782951,0,7404,51909,7,2019-08-13 00:00:00.0000000,2018-10-24 00:00:00.0000000,9,2020-07-24 00:00:00.0000000,2019-11-21 00:00:00.0000000,,0,0,1
40,436362,0.998691718,205925.7604,0,998691718,0,205925,7604,34,2019-09-30 00:00:00.0000000,2018-10-15 00:00:00.0000000,24,2020-08-31 00:00:00.0000000,2019-10-17 00:00:00.0000000,,0,0,1
40,690374,0.861417687,1369.818482,0,861417687,0,1369,818482,2,2019-02-13 00:00:00.0000000,2018-11-07 00:00:00.0000000,NULL,NULL,NULL,,1,1,1
40,688912,0.632033533,0,0,632033533,0,0,1,2018-11-19 00:00:00.0000000,2018-11-19 00:00:00.0000000,NULL,NULL,NULL,NULL,1,,1,1
40,576175,0.992063027,3393.196243,0,992063027,0,3393,196243,10,2019-09-09 00:00:00.0000000,2018-10-04 00:00:00.0000000,14,2020-09-30 00:00:00.0000000,2019-10-07 00:00:00.0000000,,0,0,1
40,425849,0.930763616,1831.140376,0,930763616,0,1831,140376,5,2019-05-21 00:00:00.0000000,2018-10-09 00:00:00.0000000,1,2019-12-05 00:00:00.0000000,2019-12-05 00:00:00.0000000,,0,0,1
40,593318,0.998729394,98632.13678,0,998729394,0,98632,13678,35,2019-09-30 00:00:00.0000000,2018-10-01 00:00:00.0000000,37,2020-09-18 00:00:00.0000000,2019-10-01 00:00:00.0000000,,0,0,1
40,423552,0.996584169,14143.31014,0,996584169,0,14143,31014,16,2019-09-26 00:00:00.0000000,2018-11-23 00:00:00.0000000,18,2020-09-30 00:00:00.0000000,2019-10-21 00:00:00.0000000,,0,0,1
40,708203,0.990237286,3789.318276,0,990237286,0,3789,318276,5,2019-09-27 00:00:00.0000000,2018-12-04 00:00:00.0000000,11,2020-05-12 00:00:00.0000000,2019-11-06 00:00:00.0000000,,0,0,1
40,707358,0.997734879,4180.492556,0,997734879,0,4180,492556,29,2019-09-25 00:00:00.0000000,2018-10-02 00:00:00.0000000,15,2020-07-28 00:00:00.0000000,2019-10-04 00:00:00.0000000,,0,0,1
40,669493,0.914019902,4513.69261,0,914019902,0,4513,69261,2,2019-05-02 00:00:00.0000000,2019-01-09 00:00:00.0000000,1,2019-11-25 00:00:00.0000000,2019-11-25 00:00:00.0000000,,0,0,1
40,431516,0.996542767,22957.51028,0,996542767,0,22957,51028,19,2019-09-23 00:00:00.0000000,2018-10-30 00:00:00.0000000,25,2020-09-21 00:00:00.0000000,2019-10-25 00:00:00.0000000,,0,0,1
40,704504,0.131356425,995.7315818,0,131356425,1,995,7315818,13,2019-04-17 00:00:00.0000000,2018-10-04 00:00:00.0000000,1,2020-03-03 00:00:00.0000000,2020-03-03 00:00:00.0000000,,0,0,1
40,473617,0.996612565,6073.213263,0,996612565,0,6073,213263,19,2019-09-23 00:00:00.0000000,2018-10-11 00:00:00.0000000,19,2020-09-11 00:00:00.0000000,2019-10-16 00:00:00.0000000,,0,0,1
40,428918,0.978349031,9003.891017,0,978349031,0,9003,891017,5,2019-08-14 00:00:00.0000000,2019-01-04 00:00:00.0000000,NULL,NULL,NULL,,1,1,1
40,432890,0.995438132,9226.90467,0,995438132,0,9226,90467,16,2019-09-19 00:00:00.0000000,2018-10-15 00:00:00.0000000,13,2020-09-29 00:00:00.0000000,2019-11-14 00:00:00.0000000,,0,0,1
40,434960,0.971922044,3175.183276,0,971922044,0,3175,183276,7,2019-07-19 00:00:00.0000000,2018-10-09 00:00:00.0000000,7,2020-07-22 00:00:00.0000000,2019-10-14 00:00:00.0000000,,0,0,1
40,423828,0.997625914,22631.66336,0,997625914,0,22631,66336,40,2019-09-23 00:00:00.0000000,2018-10-04 00:00:00.0000000,31,2020-09-25 00:00:00.0000000,2019-10-25 00:00:00.0000000,,0,0,1
40,676567,0.991358279,1510.995417,0,991358279,0,1510,995417,8,2019-09-12 00:00:00.0000000,2018-11-05 00:00:00.0000000,9,2020-09-21 00:00:00.0000000,2019-10-21 00:00:00.0000000,,0,0,1
40,726945,0.921539095,1245.174178,0,921539095,0,1245,174178,4,2019-04-30 00:00:00.0000000,2018-10-10 00:00:00.0000000,2,2020-02-12 00:00:00.0000000,2020-01-23 00:00:00.0000000,,0,0,1
40,424225,0.968718894,473.5711013,0,968718894,0,473,5711013,3,2019-08-07 00:00:00.0000000,2019-02-15 00:00:00.0000000,NULL,NULL,NULL,,1,1,1
40,436358,0.99678527,257805.1335,0,99678527,0,257805,1335,14,2019-09-30 00:00:00.0000000,2018-11-26 00:00:00.0000000,16,2020-09-29 00:00:00.0000000,2019-10-29 00:00:00.0000000,,0,0,1
40,651090,0.958419196,5825.083114,0,958419196,0,5825,83114,17,2019-08-07 00:00:00.0000000,2018-10-24 00:00:00.0000000,42,2020-09-30 00:00:00.0000000,2019-10-18 00:00:00.0000000,,0,0,1
40,425382,0.924801218,1010.743842,0,924801218,0,1010,743842,3,2019-05-02 00:00:00.0000000,2018-11-15 00:00:00.0000000,4,2020-01-28 00:00:00.0000000,2019-11-18 00:00:00.0000000,,0,0,1
40,690200,0.98567882,2695.33986,0,98567882,0,2695,33986,4,2019-09-12 00:00:00.0000000,2018-10-29 00:00:00.0000000,4,2020-06-11 00:00:00.0000000,2019-11-28 00:00:00.0000000,,0,0,1
40,527468,0.931769416,528.3157629,0,931769416,0,528,3157629,2,2019-05-17 00:00:00.0000000,2018-12-28 00:00:00.0000000,6,2020-09-14 00:00:00.0000000,2019-12-13 00:00:00.0000000,,0,0,1
40,572433,0.9986505,69070.09047,0,9986505,0,69070,9047,71,2019-09-26 00:00:00.0000000,2018-10-04 00:00:00.0000000,92,2020-09-30 00:00:00.0000000,2019-10-01 00:00:00.0000000,,0,0,1
40,715036,0.616211902,0,0,616211902,0,0,1,2018-10-09 00:00:00.0000000,2018-10-09 00:00:00.0000000,NULL,NULL,NULL,X,1,,1,1
40,647299,0.999424938,156391.622,0,999424938,0,156391,622,77,2019-09-30 00:00:00.0000000,2018-10-01 00:00:00.0000000,116,2020-09-30 00:00:00.0000000,2019-10-03 00:00:00.0000000,,0,0,1
40,690360,0.88617056,11076.33611,0,88617056,0,11076,33611,18,2019-07-31 00:00:00.0000000,2018-12-07 00:00:00.0000000,9,2020-09-25 00:00:00.0000000,2019-11-19 00:00:00.0000000,,0,0,1
40,422695,0.995453866,4113.351183,0,995453866,0,4113,351183,12,2019-09-24 00:00:00.0000000,2018-10-03 00:00:00.0000000,12,2020-09-21 00:00:00.0000000,2019-10-24 00:00:00.0000000,,0,0,1
40,428221,0.667035837,0,0,667035837,0,0,1,2019-02-04 00:00:00.0000000,2019-02-04 00:00:00.0000000,NULL,NULL,NULL,NULL,1,,1,1
40,643109,0.990482161,20873.645,0,990482161,0,20873,645,10,2019-09-04 00:00:00.0000000,2018-10-25 00:00:00.0000000,2,2020-06-03 00:00:00.0000000,2020-05-07 00:00:00.0000000,,0,0,1
40,749650,0.982757923,17840.97278,0,982757923,0,17840,97278,4,2019-09-19 00:00:00.0000000,2019-06-20 00:00:00.0000000,22,2020-09-17 00:00:00.0000000,2019-10-07 00:00:00.0000000,,0,0,1
40,433515,0.998436349,10502.86881,0,998436349,0,10502,86881,39,2019-09-27 00:00:00.0000000,2018-10-05 00:00:00.0000000,53,2020-09-28 00:00:00.0000000,2019-10-03 00:00:00.0000000,,0,0,1
40,721056,0.992521213,138595.4391,0,992521213,0,138595,4391,8,2019-09-18 00:00:00.0000000,2018-10-31 00:00:00.0000000,3,2020-09-09 00:00:00.0000000,2019-12-19 00:00:00.0000000,,0,0,1
40,669165,0.998651632,578683.1318,0,998651632,0,578683,1318,70,2019-09-26 00:00:00.0000000,2018-10-02 00:00:00.0000000,28,2020-09-30 00:00:00.0000000,2019-10-02 00:00:00.0000000,,0,0,1
40,538704,0.920442684,998.9468624,0,920442684,0,998,9468624,4,2019-05-17 00:00:00.0000000,2018-11-21 00:00:00.0000000,1,2020-03-25 00:00:00.0000000,2020-03-25 00:00:00.0000000,,0,0,1
40,678948,0.993588075,3302.958174,0,993588075,0,3302,958174,8,2019-09-25 00:00:00.0000000,2018-11-13 00:00:00.0000000,11,2020-09-28 00:00:00.0000000,2019-10-14 00:00:00.0000000,,0,0,1
40,424291,0.999744556,314526.2881,0,999744556,0,314526,2881,173,2019-09-30 00:00:00.0000000,2018-10-02 00:00:00.0000000,174,2020-09-30 00:00:00.0000000,2019-10-02 00:00:00.0000000,,0,0,1
40,421866,0.998667214,53099.67226,0,998667214,0,53099,67226,73,2019-09-26 00:00:00.0000000,2018-10-01 00:00:00.0000000,69,2020-09-30 00:00:00.0000000,2019-10-02 00:00:00.0000000,,0,0,1
40,641474,0.62257499,0,0,62257499,0,0,1,2018-10-26 00:00:00.0000000,2018-10-26 00:00:00.0000000,NULL,NULL,NULL,NULL,1,,1,1
40,700164,0.738679811,0,0,738679811,0,0,1,2019-05-27 00:00:00.0000000,2019-05-27 00:00:00.0000000,NULL,NULL,NULL,NULL,1,,1,1
40,713720,0.630014309,0,0,630014309,0,0,1,2018-11-14 00:00:00.0000000,2018-11-14 00:00:00.0000000,NULL,NULL,NULL,NULL,1,,1,1
40,435347,0.989716306,2682.320041,0,989716306,0,2682,320041,9,2019-09-02 00:00:00.0000000,2018-10-22 00:00:00.0000000,8,2020-09-30 00:00:00.0000000,2019-10-23 00:00:00.0000000,,0,0,1
40,684974,0.998733333,75158.0888,0,998733333,0,75158,888,55,2019-09-27 00:00:00.0000000,2018-10-08 00:00:00.0000000,58,2020-09-22 00:00:00.0000000,2019-10-17 00:00:00.0000000,,0,0,1
40,435785,0.979732272,12192.77673,0,979732272,0,12192,77673,7,2019-08-21 00:00:00.0000000,2019-01-29 00:00:00.0000000,2,2020-09-22 00:00:00.0000000,2020-09-10 00:00:00.0000000,,0,0,1
40,742394,0.993142991,14116.0106,0,993142991,0,14116,106,9,2019-09-18 00:00:00.0000000,2018-10-30 00:00:00.0000000,15,2020-09-30 00:00:00.0000000,2019-10-01 00:00:00.0000000,,0,0,1
40,538996,0.183690446,2783.647787,0,183690446,1,2783,647787,29,2019-07-04 00:00:00.0000000,2018-10-10 00:00:00.0000000,NULL,NULL,NULL,,1,1,1
40,552224,0.99326881,47820.28329,0,99326881,0,47820,28329,62,2019-09-17 00:00:00.0000000,2018-10-09 00:00:00.0000000,22,2020-09-30 00:00:00.0000000,2019-11-05 00:00:00.0000000,,0,0,1
40,734928,0.999035063,30076.97273,0,999035063,0,30076,97273,46,2019-09-30 00:00:00.0000000,2018-10-04 00:00:00.0000000,40,2020-09-28 00:00:00.0000000,2019-10-04 00:00:00.0000000,,0,0,1
40,657621,0.678148839,0,0,678148839,0,0,1,2019-02-25 00:00:00.0000000,2019-02-25 00:00:00.0000000,3,2020-06-12 00:00:00.0000000,2019-11-21 00:00:00.0000000,NULL,0,,0,1
40,713516,0.480372099,60175.75481,0,480372099,1,60175,75481,13,2019-05-23 00:00:00.0000000,2018-10-17 00:00:00.0000000,NULL,NULL,NULL,,1,1,1
40,696099,0.526115828,4174.763184,0,526115828,0,4174,763184,3,2018-12-12 00:00:00.0000000,2018-10-02 00:00:00.0000000,5,2020-07-06 00:00:00.0000000,2019-10-30 00:00:00.0000000,,0,0,1
40,578237,0.984395935,77913.92789,0,984395935,0,77913,92789,40,2019-09-06 00:00:00.0000000,2018-10-02 00:00:00.0000000,34,2020-09-30 00:00:00.0000000,2019-10-02 00:00:00.0000000,,0,0,1
40,425120,0.734629423,75.98875981,0,734629423,0,75,98875981,2,2018-12-10 00:00:00.0000000,2018-10-10 00:00:00.0000000,2,2020-08-10 00:00:00.0000000,2020-06-03 00:00:00.0000000,,0,0,1
40,655263,0.638679574,0,0,638679574,0,0,1,2018-12-05 00:00:00.0000000,2018-12-05 00:00:00.0000000,NULL,NULL,NULL,NULL,1,,1,1
40,589973,0.915749178,2487.55686,0,915749178,0,2487,55686,6,2019-07-05 00:00:00.0000000,2019-02-06 00:00:00.0000000,10,2020-09-10 00:00:00.0000000,2020-01-07 00:00:00.0000000,,0,0,1
40,442539,0.993017137,53535.15661,0,993017137,0,53535,15661,11,2019-09-12 00:00:00.0000000,2018-10-05 00:00:00.0000000,5,2020-04-02 00:00:00.0000000,2019-11-04 00:00:00.0000000,,0,0,1
40,422754,0.997127531,13521.10465,0,997127531,0,13521,10465,18,2019-09-27 00:00:00.0000000,2018-10-03 00:00:00.0000000,15,2020-09-17 00:00:00.0000000,2019-11-22 00:00:00.0000000,,0,0,1
40,643802,0.997710634,42527.37773,0,997710634,0,42527,37773,49,2019-09-23 00:00:00.0000000,2018-10-02 00:00:00.0000000,32,2020-09-24 00:00:00.0000000,2019-10-18 00:00:00.0000000,,0,0,1
40,725697,0.997102461,79052.3911,0,997102461,0,79052,3911,18,2019-09-27 00:00:00.0000000,2018-10-24 00:00:00.0000000,9,2020-09-23 00:00:00.0000000,2019-11-26 00:00:00.0000000,,0,0,1
40,673790,0.696949113,1829.756372,0,696949113,0,1829,756372,5,2019-06-24 00:00:00.0000000,2019-04-17 00:00:00.0000000,NULL,NULL,NULL,,1,1,1
40,424842,0.936629425,1406.626278,0,936629425,0,1406,626278,4,2019-07-01 00:00:00.0000000,2019-02-12 00:00:00.0000000,2,2020-09-18 00:00:00.0000000,2019-10-04 00:00:00.0000000,,0,0,1
40,563904,0.998215495,13054.86724,0,998215495,0,13054,86724,25,2019-09-30 00:00:00.0000000,2018-10-23 00:00:00.0000000,34,2020-09-29 00:00:00.0000000,2019-10-01 00:00:00.0000000,,0,0,1
40,711162,0.62257499,0,0,62257499,0,0,1,2018-10-26 00:00:00.0000000,2018-10-26 00:00:00.0000000,NULL,NULL,NULL,NULL,1,,1,1
40,431483,0.763606039,0,0,763606039,0,0,1,2019-06-24 00:00:00.0000000,2019-06-24 00:00:00.0000000,NULL,NULL,NULL,NULL,1,,1,1
40,690417,0.968610925,830.2421005,0,968610925,0,830,2421005,2,2019-08-26 00:00:00.0000000,2019-01-02 00:00:00.0000000,NULL,NULL,NULL,,1,1,1
40,552273,0.996771978,815000.0248,0,996771978,0,815000,248,196,2019-09-25 00:00:00.0000000,2018-10-02 00:00:00.0000000,230,2020-09-30 00:00:00.0000000,2019-10-02 00:00:00.0000000,,0,0,1
40,422031,0.993438985,15836.03296,0,993438985,0,15836,3296,7,2019-09-30 00:00:00.0000000,2019-03-07 00:00:00.0000000,14,2020-09-24 00:00:00.0000000,2019-11-07 00:00:00.0000000,,0,0,1
40,741209,0.979190528,6505.997294,0,979190528,0,6505,997294,5,2019-08-02 00:00:00.0000000,2018-10-10 00:00:00.0000000,2,2019-10-23 00:00:00.0000000,2019-10-02 00:00:00.0000000,,0,0,1
40,576714,0.925427887,75.91070044,0,925427887,0,75,91070044,2,2019-04-26 00:00:00.0000000,2018-12-04 00:00:00.0000000,7,2020-06-03 00:00:00.0000000,2019-11-21 00:00:00.0000000,,0,0,1
40,582439,0.999688682,149303.9408,0,999688682,0,149303,9408,142,2019-09-30 00:00:00.0000000,2018-10-03 00:00:00.0000000,115,2020-09-29 00:00:00.0000000,2019-10-03 00:00:00.0000000,,0,0,1
40,426228,0.309921921,105.2172678,0,309921921,1,105,2172678,2,2019-01-23 00:00:00.0000000,2019-01-14 00:00:00.0000000,NULL,NULL,NULL,,1,1,1
40,694594,0.630014309,0,0,630014309,0,0,1,2018-11-14 00:00:00.0000000,2018-11-14 00:00:00.0000000,NULL,NULL,NULL,NULL,1,,1,1
40,433408,0.99863528,33548.48675,0,99863528,0,33548,48675,48,2019-09-27 00:00:00.0000000,2018-10-04 00:00:00.0000000,44,2020-09-17 00:00:00.0000000,2019-10-01 00:00:00.0000000,,0,0,1
40,718037,0.99054653,9410.047737,0,99054653,0,9410,47737,12,2019-09-02 00:00:00.0000000,2018-10-08 00:00:00.0000000,15,2020-09-07 00:00:00.0000000,2019-10-04 00:00:00.0000000,,0,0,1
40,706347,0.998354121,10553.75096,0,998354121,0,10553,75096,37,2019-09-27 00:00:00.0000000,2018-10-22 00:00:00.0000000,21,2020-09-07 00:00:00.0000000,2019-11-05 00:00:00.0000000,,0,0,1
40,742465,0.996452405,2975.384593,0,996452405,0,2975,384593,18,2019-09-23 00:00:00.0000000,2018-10-22 00:00:00.0000000,12,2020-09-21 00:00:00.0000000,2019-10-30 00:00:00.0000000,,0,0,1
40,744288,0.633668265,0,0,633668265,0,0,1,2018-11-23 00:00:00.0000000,2018-11-23 00:00:00.0000000,NULL,NULL,NULL,NULL,1,,1,1
40,741894,0.933036674,1344.210727,0,933036674,0,1344,210727,5,2019-05-30 00:00:00.0000000,2018-10-29 00:00:00.0000000,3,2020-09-23 00:00:00.0000000,2019-11-08 00:00:00.0000000,,0,0,1
40,615606,0.657150764,0,0,657150764,0,0,1,2019-01-15 00:00:00.0000000,2019-01-15 00:00:00.0000000,NULL,NULL,NULL,NULL,1,,1,1
40,730426,0.987330652,8825.067324,0,987330652,0,8825,67324,28,2019-09-03 00:00:00.0000000,2018-10-01 00:00:00.0000000,19,2020-09-21 00:00:00.0000000,2019-10-09 00:00:00.0000000,,0,0,1
40,713189,0.991008335,4036.429172,0,991008335,0,4036,429172,20,2019-09-05 00:00:00.0000000,2018-10-09 00:00:00.0000000,26,2020-09-16 00:00:00.0000000,2019-10-02 00:00:00.0000000,,0,0,1
40,434219,0.998984299,432364.1386,0,998984299,0,432364,1386,161,2019-09-27 00:00:00.0000000,2018-10-02 00:00:00.0000000,160,2020-09-29 00:00:00.0000000,2019-10-03 00:00:00.0000000,,0,0,1
40,547009,0.963867526,3247.905453,0,963867526,0,3247,905453,3,2019-07-24 00:00:00.0000000,2019-02-01 00:00:00.0000000,NULL,NULL,NULL,,1,1,1
40,578775,0.863755586,0,0,863755586,0,0,1,2019-09-05 00:00:00.0000000,2019-09-05 00:00:00.0000000,NULL,NULL,NULL,NULL,1,,1,1
40,432697,0.99865174,9262.074977,0,99865174,0,9262,74977,33,2019-09-30 00:00:00.0000000,2018-10-17 00:00:00.0000000,24,2020-09-21 00:00:00.0000000,2019-10-02 00:00:00.0000000,,0,0,1
40,613456,0.999424938,312799.3297,0,999424938,0,312799,3297,77,2019-09-30 00:00:00.0000000,2018-10-05 00:00:00.0000000,94,2020-09-30 00:00:00.0000000,2019-10-03 00:00:00.0000000,,0,0,1
40,429420,0.998290853,60229.73114,0,998290853,0,60229,73114,54,2019-09-25 00:00:00.0000000,2018-10-04 00:00:00.0000000,33,2020-09-30 00:00:00.0000000,2019-10-07 00:00:00.0000000,,0,0,1
40,710375,0.997029687,33412.88563,0,997029687,0,33412,88563,22,2019-09-24 00:00:00.0000000,2018-10-29 00:00:00.0000000,35,2020-09-21 00:00:00.0000000,2019-10-21 00:00:00.0000000,,0,0,1
40,659840,0.999824024,1038552.875,0,999824024,0,1038552,875,251,2019-09-30 00:00:00.0000000,2018-10-02 00:00:00.0000000,99,2020-04-08 00:00:00.0000000,2019-10-01 00:00:00.0000000,,0,0,1
40,709235,0.967118846,1639.713964,0,967118846,0,1639,713964,4,2019-06-28 00:00:00.0000000,2018-10-01 00:00:00.0000000,1,2019-11-28 00:00:00.0000000,2019-11-28 00:00:00.0000000,,0,0,1
40,678789,0.730709206,0,0,730709206,0,0,1,2019-05-17 00:00:00.0000000,2019-05-17 00:00:00.0000000,NULL,NULL,NULL,NULL,1,,1,1
40,627635,0.709064473,0,0,709064473,0,0,1,2019-04-17 00:00:00.0000000,2019-04-17 00:00:00.0000000,NULL,NULL,NULL,NULL,1,,1,1
40,737699,0.32055724,38.32891854,0,32055724,1,38,32891854,3,2018-12-07 00:00:00.0000000,2018-10-22 00:00:00.0000000,NULL,NULL,NULL,,1,1,1
40,693884,0.970837666,444.6198586,0,970837666,0,444,6198586,3,2019-07-22 00:00:00.0000000,2018-11-06 00:00:00.0000000,NULL,NULL,NULL,,1,1,1
40,719483,0.663503291,0,0,663503291,0,0,1,2019-01-28 00:00:00.0000000,2019-01-28 00:00:00.0000000,1,2020-04-03 00:00:00.0000000,2020-04-03 00:00:00.0000000,NULL,0,,0,1
40,428234,0.980873763,520.1436031,0,980873763,0,520,1436031,4,2019-08-16 00:00:00.0000000,2018-10-19 00:00:00.0000000,NULL,NULL,NULL,,1,1,1
40,729112,0.994635471,18725.99539,0,994635471,0,18725,99539,16,2019-09-17 00:00:00.0000000,2018-11-23 00:00:00.0000000,17,2020-09-22 00:00:00.0000000,2019-10-01 00:00:00.0000000,,0,0,1
40,689419,0.994683402,732.311947,0,994683402,0,732,311947,11,2019-09-23 00:00:00.0000000,2018-12-20 00:00:00.0000000,NULL,NULL,NULL,,1,1,1
40,740364,0.995338142,341656.6122,0,995338142,0,341656,6122,16,2019-09-19 00:00:00.0000000,2018-10-30 00:00:00.0000000,8,2020-07-24 00:00:00.0000000,2020-02-03 00:00:00.0000000,,0,0,1
40,705284,0.997980376,8833.470574,0,997980376,0,8833,470574,52,2019-09-24 00:00:00.0000000,2018-10-10 00:00:00.0000000,23,2020-07-10 00:00:00.0000000,2019-10-16 00:00:00.0000000,,0,0,1
40,726315,0.00247302,161.2369236,0,247302,1,161,2369236,25,2019-05-08 00:00:00.0000000,2018-10-04 00:00:00.0000000,NULL,NULL,NULL,,1,1,1
40,591542,0.670651523,0,0,670651523,0,0,1,2019-02-11 00:00:00.0000000,2019-02-11 00:00:00.0000000,5,2020-09-21 00:00:00.0000000,2020-05-22 00:00:00.0000000,NULL,0,,0,1
40,426895,0.998258428,95561.49384,0,998258428,0,95561,49384,102,2019-09-25 00:00:00.0000000,2018-10-04 00:00:00.0000000,52,2020-09-21 00:00:00.0000000,2019-10-11 00:00:00.0000000,,0,0,1
40,550058,0.974172409,12392.51988,0,974172409,0,12392,51988,13,2019-08-06 00:00:00.0000000,2018-10-03 00:00:00.0000000,10,2020-09-22 00:00:00.0000000,2019-12-24 00:00:00.0000000,,0,0,1
40,431646,0.99744632,10504.95997,0,99744632,0,10504,95997,35,2019-09-23 00:00:00.0000000,2018-10-22 00:00:00.0000000,33,2020-09-21 00:00:00.0000000,2019-10-14 00:00:00.0000000,,0,0,1
40,430908,0.996814687,3238.015652,0,996814687,0,3238,15652,16,2019-09-27 00:00:00.0000000,2018-10-03 00:00:00.0000000,17,2020-09-18 00:00:00.0000000,2019-10-01 00:00:00.0000000,,0,0,1
40,737784,0.994825819,825.4798455,0,994825819,0,825,4798455,11,2019-09-23 00:00:00.0000000,2018-11-16 00:00:00.0000000,12,2020-09-21 00:00:00.0000000,2019-10-30 00:00:00.0000000,,0,0,1
40,526540,0.998042775,26077.47425,0,998042775,0,26077,47425,29,2019-09-27 00:00:00.0000000,2018-10-17 00:00:00.0000000,20,2020-09-21 00:00:00.0000000,2019-10-22 00:00:00.0000000,,0,0,1
40,435538,0.999318321,172375.936,0,999318321,0,172375,936,65,2019-09-30 00:00:00.0000000,2018-10-01 00:00:00.0000000,46,2020-09-30 00:00:00.0000000,2019-10-03 00:00:00.0000000,,0,0,1
40,432580,7.53E-04,1.966834368,0,753,1,1,966834368,7,2018-11-22 00:00:00.0000000,2018-10-02 00:00:00.0000000,NULL,NULL,NULL,,1,1,1
40,667490,0.982608685,843.8782053,0,982608685,0,843,8782053,6,2019-08-14 00:00:00.0000000,2018-10-30 00:00:00.0000000,2,2020-09-02 00:00:00.0000000,2020-01-10 00:00:00.0000000,,0,0,1
40,426882,0.998558823,28143.66265,0,998558823,0,28143,66265,57,2019-09-26 00:00:00.0000000,2018-10-03 00:00:00.0000000,52,2020-09-24 00:00:00.0000000,2019-10-03 00:00:00.0000000,,0,0,1
40,690404,0.999075501,25173.47657,0,999075501,0,25173,47657,48,2019-09-30 00:00:00.0000000,2018-10-17 00:00:00.0000000,58,2020-09-30 00:00:00.0000000,2019-10-02 00:00:00.0000000,,0,0,1
40,625184,0.999534213,83523.14639,0,999534213,0,83523,14639,95,2019-09-30 00:00:00.0000000,2018-10-01 00:00:00.0000000,103,2020-09-29 00:00:00.0000000,2019-10-02 00:00:00.0000000,,0,0,1
40,744928,0.85979718,7243.965461,0,85979718,0,7243,965461,4,2019-04-29 00:00:00.0000000,2018-12-14 00:00:00.0000000,NULL,NULL,NULL,,1,1,1
40,734163,0.752334697,721.4090302,0,752334697,0,721,4090302,3,2019-01-30 00:00:00.0000000,2018-10-19 00:00:00.0000000,5,2020-04-29 00:00:00.0000000,2019-11-28 00:00:00.0000000,,0,0,1
40,557319,0.998355417,53241.08104,0,998355417,0,53241,8104,64,2019-09-25 00:00:00.0000000,2018-10-02 00:00:00.0000000,61,2020-09-30 00:00:00.0000000,2019-10-02 00:00:00.0000000,,0,0,1
40,725724,0.671175069,0,0,671175069,0,0,1,2019-02-12 00:00:00.0000000,2019-02-12 00:00:00.0000000,1,2020-05-07 00:00:00.0000000,2020-05-07 00:00:00.0000000,NULL,0,,0,1
40,702337,0.991697899,1894.942692,0,991697899,0,1894,942692,16,2019-09-05 00:00:00.0000000,2018-10-02 00:00:00.0000000,NULL,NULL,NULL,,1,1,1
40,436119,0.210153768,193.1070206,0,210153768,1,193,1070206,4,2019-02-27 00:00:00.0000000,2019-01-11 00:00:00.0000000,3,2020-09-29 00:00:00.0000000,2020-05-25 00:00:00.0000000,,0,0,1
40,597357,0.988883098,12132.99748,0,988883098,0,12132,99748,15,2019-08-29 00:00:00.0000000,2018-10-02 00:00:00.0000000,36,2020-09-24 00:00:00.0000000,2019-10-10 00:00:00.0000000,,0,0,1
40,427327,0.989983471,3476.744457,0,989983471,0,3476,744457,9,2019-09-03 00:00:00.0000000,2018-10-22 00:00:00.0000000,6,2020-07-14 00:00:00.0000000,2020-05-11 00:00:00.0000000,,0,0,1
40,425737,0.927282981,155952.6219,0,927282981,0,155952,6219,91,2019-09-10 00:00:00.0000000,2018-10-05 00:00:00.0000000,14,2020-09-24 00:00:00.0000000,2019-12-16 00:00:00.0000000,,0,0,1
40,745680,0.777557283,127668.0088,0,777557283,0,127668,88,3,2019-04-10 00:00:00.0000000,2019-01-22 00:00:00.0000000,NULL,NULL,NULL,,1,1,1
40,428860,0.772917125,1393.125423,0,772917125,0,1393,125423,4,2019-04-15 00:00:00.0000000,2018-12-27 00:00:00.0000000,6,2020-09-21 00:00:00.0000000,2019-10-24 00:00:00.0000000,,0,0,1
40,668500,0.995523759,10387.52346,0,995523759,0,10387,52346,13,2019-09-23 00:00:00.0000000,2018-10-25 00:00:00.0000000,1,2019-11-06 00:00:00.0000000,2019-11-06 00:00:00.0000000,,0,0,1
40,515326,0.999810413,2458900.917,0,999810413,0,2458900,917,233,2019-09-30 00:00:00.0000000,2018-10-02 00:00:00.0000000,201,2020-09-30 00:00:00.0000000,2019-10-01 00:00:00.0000000,,0,0,1
40,667459,0.893189759,3206.566896,0,893189759,0,3206,566896,2,2019-07-24 00:00:00.0000000,2019-06-19 00:00:00.0000000,NULL,NULL,NULL,,1,1,1
40,731917,0.401250247,2658.529243,0,401250247,1,2658,529243,2,2018-12-28 00:00:00.0000000,2018-12-12 00:00:00.0000000,NULL,NULL,NULL,,1,1,1
40,746714,0.797439741,0,0,797439741,0,0,1,2019-07-25 00:00:00.0000000,2019-07-25 00:00:00.0000000,1,2019-12-11 00:00:00.0000000,2019-12-11 00:00:00.0000000,NULL,0,,0,1
40,689659,0.916515139,1624.439446,0,916515139,0,1624,439446,2,2019-05-27 00:00:00.0000000,2019-02-19 00:00:00.0000000,5,2020-04-14 00:00:00.0000000,2019-10-28 00:00:00.0000000,,0,0,1
40,422324,0.999784484,496697.662,0,999784484,0,496697,662,205,2019-09-30 00:00:00.0000000,2018-10-03 00:00:00.0000000,200,2020-09-30 00:00:00.0000000,2019-10-02 00:00:00.0000000,,0,0,1
40,701511,0.67596911,0,0,67596911,0,0,1,2019-02-21 00:00:00.0000000,2019-02-21 00:00:00.0000000,NULL,NULL,NULL,NULL,1,,1,1
40,591753,0.996954915,64496.69774,0,996954915,0,64496,69774,19,2019-09-25 00:00:00.0000000,2018-10-08 00:00:00.0000000,5,2020-09-21 00:00:00.0000000,2020-08-06 00:00:00.0000000,,0,0,1
40,433684,0.986151953,6444.847932,0,986151953,0,6444,847932,9,2019-08-22 00:00:00.0000000,2018-10-23 00:00:00.0000000,6,2020-06-25 00:00:00.0000000,2019-11-06 00:00:00.0000000,,0,0,1
40,433951,0.765561168,0,0,765561168,0,0,1,2019-06-26 00:00:00.0000000,2019-06-26 00:00:00.0000000,NULL,NULL,NULL,NULL,1,,1,1
40,717190,0.891421763,481.7202168,0,891421763,0,481,7202168,2,2019-03-11 00:00:00.0000000,2018-11-16 00:00:00.0000000,NULL,NULL,NULL,,1,1,1
40,435482,0.999829465,3585735.901,0,999829465,0,3585735,901,259,2019-09-30 00:00:00.0000000,2018-10-01 00:00:00.0000000,263,2020-09-30 00:00:00.0000000,2019-10-01 00:00:00.0000000,,0,0,1
40,678051,0.980429658,2147.450167,0,980429658,0,2147,450167,3,2019-09-04 00:00:00.0000000,2018-10-13 00:00:00.0000000,NULL,NULL,NULL,,1,1,1
40,632829,0.998697778,101717.0709,0,998697778,0,101717,709,93,2019-09-26 00:00:00.0000000,2018-10-02 00:00:00.0000000,88,2020-09-28 00:00:00.0000000,2019-10-01 00:00:00.0000000,,0,0,1
40,422869,0.639530924,0,0,639530924,0,0,1,2018-12-07 00:00:00.0000000,2018-12-07 00:00:00.0000000,NULL,NULL,NULL,NULL,1,,1,1
40,424332,0.997799281,14011.16916,0,997799281,0,14011,16916,28,2019-09-26 00:00:00.0000000,2018-10-30 00:00:00.0000000,24,2020-08-05 00:00:00.0000000,2019-10-08 00:00:00.0000000,,0,0,1
40,648896,0.012595684,1908.583061,0,12595684,1,1908,583061,20,2019-05-07 00:00:00.0000000,2018-10-19 00:00:00.0000000,NULL,NULL,NULL,,1,1,1
40,424865,0.999646249,2112751.432,0,999646249,0,2112751,432,125,2019-09-30 00:00:00.0000000,2018-10-01 00:00:00.0000000,142,2020-09-30 00:00:00.0000000,2019-10-09 00:00:00.0000000,,0,0,1
40,430262,0.993036134,6588.695724,0,993036134,0,6588,695724,16,2019-09-09 00:00:00.0000000,2018-10-03 00:00:00.0000000,11,2020-04-20 00:00:00.0000000,2019-10-10 00:00:00.0000000,,0,0,1
40,424805,0.997630789,26123.47026,0,997630789,0,26123,47026,27,2019-09-25 00:00:00.0000000,2018-10-02 00:00:00.0000000,19,2020-09-28 00:00:00.0000000,2019-10-03 00:00:00.0000000,,0,0,1
40,689553,0.993845289,2650.152081,0,993845289,0,2650,152081,12,2019-09-16 00:00:00.0000000,2018-11-06 00:00:00.0000000,NULL,NULL,NULL,,1,1,1
40,552596,0.004451305,237.9422052,0,4451305,1,237,9422052,102,2019-08-16 00:00:00.0000000,2018-10-01 00:00:00.0000000,NULL,NULL,NULL,,1,1,1
40,434843,0.75883106,0,0,75883106,0,0,1,2019-06-19 00:00:00.0000000,2019-06-19 00:00:00.0000000,21,2020-09-17 00:00:00.0000000,2020-01-16 00:00:00.0000000,NULL,0,,0,1
40,652766,0.995589908,16719.61277,0,995589908,0,16719,61277,42,2019-09-18 00:00:00.0000000,2018-10-17 00:00:00.0000000,85,2020-09-23 00:00:00.0000000,2019-10-10 00:00:00.0000000,,0,0,1
40,559661,0.996372729,8245.377279,0,996372729,0,8245,377279,17,2019-09-23 00:00:00.0000000,2018-10-05 00:00:00.0000000,18,2020-09-21 00:00:00.0000000,2019-10-17 00:00:00.0000000,,0,0,1
40,464164,0.996207688,126787.0644,0,996207688,0,126787,644,60,2019-09-20 00:00:00.0000000,2018-10-03 00:00:00.0000000,48,2020-09-30 00:00:00.0000000,2019-10-03 00:00:00.0000000,,0,0,1
40,718025,0.669410576,1104.748638,0,669410576,0,1104,748638,5,2019-04-29 00:00:00.0000000,2019-01-14 00:00:00.0000000,2,2020-02-06 00:00:00.0000000,2019-12-03 00:00:00.0000000,,0,0,1
40,434683,0.895327439,0,0,895327439,0,0,1,2019-09-18 00:00:00.0000000,2019-09-18 00:00:00.0000000,5,2020-09-28 00:00:00.0000000,2019-11-19 00:00:00.0000000,NULL,0,,0,1
40,743244,7.91E-04,1248.50863,0,791,1,1248,50863,17,2019-05-31 00:00:00.0000000,2019-02-25 00:00:00.0000000,NULL,NULL,NULL,,1,1,1
40,753166,0.895327439,0,0,895327439,0,0,1,2019-09-18 00:00:00.0000000,2019-09-18 00:00:00.0000000,2,2019-12-18 00:00:00.0000000,2019-10-09 00:00:00.0000000,NULL,0,,0,1
40,435904,0.782447698,1913.846849,0,782447698,0,1913,846849,4,2019-03-05 00:00:00.0000000,2018-10-15 00:00:00.0000000,NULL,NULL,NULL,,1,1,1
40,496434,0.774737229,2065.187968,0,774737229,0,2065,187968,2,2019-08-30 00:00:00.0000000,2019-08-28 00:00:00.0000000,NULL,NULL,NULL,,1,1,1
40,434895,0.979999175,10100.77764,0,979999175,0,10100,77764,8,2019-08-12 00:00:00.0000000,2018-11-23 00:00:00.0000000,12,2020-09-22 00:00:00.0000000,2019-10-04 00:00:00.0000000,,0,0,1
40,708440,0.882019195,0,0,882019195,0,0,1,2019-09-13 00:00:00.0000000,2019-09-13 00:00:00.0000000,2,2020-07-20 00:00:00.0000000,2019-11-05 00:00:00.0000000,NULL,0,,0,1
40,435346,0.9895584,1308.12347,0,9895584,0,1308,12347,6,2019-09-11 00:00:00.0000000,2018-10-17 00:00:00.0000000,NULL,NULL,NULL,,1,1,1
40,744625,0.938225905,4248.113527,0,938225905,0,4248,113527,2,2019-06-11 00:00:00.0000000,2019-01-30 00:00:00.0000000,NULL,NULL,NULL,,1,1,1
40,717048,0.717352843,0,0,717352843,0,0,1,2019-04-29 00:00:00.0000000,2019-04-29 00:00:00.0000000,1,2020-09-07 00:00:00.0000000,2020-09-07 00:00:00.0000000,NULL,0,,0,1
40,751750,0.646572125,14109.40062,0,646572125,0,14109,40062,3,2019-08-07 00:00:00.0000000,2019-07-26 00:00:00.0000000,7,2020-09-25 00:00:00.0000000,2019-10-08 00:00:00.0000000,,0,0,1
40,717615,0.75977353,0,0,75977353,0,0,1,2019-06-20 00:00:00.0000000,2019-06-20 00:00:00.0000000,4,2020-09-01 00:00:00.0000000,2020-07-30 00:00:00.0000000,NULL,0,,0,1
40,596839,0.994016976,5604.955554,0,994016976,0,5604,955554,12,2019-09-16 00:00:00.0000000,2018-10-17 00:00:00.0000000,19,2020-09-25 00:00:00.0000000,2019-11-15 00:00:00.0000000,,0,0,1
40,428557,0.956759965,408.7532577,0,956759965,0,408,7532577,2,2019-07-29 00:00:00.0000000,2019-03-06 00:00:00.0000000,14,2020-09-16 00:00:00.0000000,2019-10-16 00:00:00.0000000,,0,0,1
40,669119,0.631454259,110.7308304,0,631454259,0,110,7308304,2,2018-12-12 00:00:00.0000000,2018-11-02 00:00:00.0000000,2,2019-10-24 00:00:00.0000000,2019-10-15 00:00:00.0000000,,0,0,1
40,733502,0.947053193,26187.44899,0,947053193,0,26187,44899,12,2019-07-26 00:00:00.0000000,2018-11-23 00:00:00.0000000,5,2020-09-14 00:00:00.0000000,2020-01-28 00:00:00.0000000,,0,0,1
40,431069,0.986458962,3636.818584,0,986458962,0,3636,818584,4,2019-09-18 00:00:00.0000000,2018-11-19 00:00:00.0000000,2,2020-03-30 00:00:00.0000000,2019-10-28 00:00:00.0000000,,0,0,1
40,430880,0.990525057,4233.954916,0,990525057,0,4233,954916,6,2019-09-18 00:00:00.0000000,2018-11-14 00:00:00.0000000,11,2020-09-11 00:00:00.0000000,2020-01-09 00:00:00.0000000,,0,0,1
40,581536,0.250286768,699.3140851,0,250286768,1,699,3140851,2,2019-01-07 00:00:00.0000000,2018-12-31 00:00:00.0000000,1,2019-10-29 00:00:00.0000000,2019-10-29 00:00:00.0000000,,0,0,1
40,426702,0.908278197,6831.271001,0,908278197,0,6831,271001,12,2019-07-10 00:00:00.0000000,2018-11-09 00:00:00.0000000,2,2020-06-23 00:00:00.0000000,2020-01-17 00:00:00.0000000,,0,0,1
40,739882,0.803762172,0,0,803762172,0,0,1,2019-07-30 00:00:00.0000000,2019-07-30 00:00:00.0000000,NULL,NULL,NULL,NULL,1,,1,1
40,563240,0.644980116,229.5909255,0,644980116,0,229,5909255,2,2019-07-11 00:00:00.0000000,2019-07-04 00:00:00.0000000,4,2020-02-13 00:00:00.0000000,2019-11-05 00:00:00.0000000,,0,0,1
40,425995,0.99888932,263737.3893,0,99888932,0,263737,3893,39,2019-09-30 00:00:00.0000000,2018-10-01 00:00:00.0000000,42,2020-09-24 00:00:00.0000000,2019-10-07 00:00:00.0000000,,0,0,1
40,503705,0.999681949,220781.4603,0,999681949,0,220781,4603,139,2019-09-30 00:00:00.0000000,2018-10-02 00:00:00.0000000,94,2020-09-30 00:00:00.0000000,2019-10-03 00:00:00.0000000,,0,0,1
40,698559,0.889919198,4284.807088,0,889919198,0,4284,807088,9,2019-06-12 00:00:00.0000000,2018-10-18 00:00:00.0000000,4,2020-07-27 00:00:00.0000000,2020-05-22 00:00:00.0000000,,0,0,1
40,423282,0.999730514,361132.7197,0,999730514,0,361132,7197,164,2019-09-30 00:00:00.0000000,2018-10-01 00:00:00.0000000,165,2020-09-30 00:00:00.0000000,2019-10-01 00:00:00.0000000,,0,0,1
40,654485,0.964975718,293.1102553,0,964975718,0,293,1102553,3,2019-06-26 00:00:00.0000000,2018-10-10 00:00:00.0000000,1,2020-08-26 00:00:00.0000000,2020-08-26 00:00:00.0000000,,0,0,1
40,422561,0.999307624,50705.47959,0,999307624,0,50705,47959,64,2019-09-30 00:00:00.0000000,2018-10-08 00:00:00.0000000,74,2020-09-25 00:00:00.0000000,2019-10-02 00:00:00.0000000,,0,0,1
40,447413,0.985670648,897.7354035,0,985670648,0,897,7354035,4,2019-09-12 00:00:00.0000000,2018-10-30 00:00:00.0000000,5,2020-02-11 00:00:00.0000000,2019-12-17 00:00:00.0000000,,0,0,1
40,646255,0.930205632,1021.220352,0,930205632,0,1021,220352,2,2019-06-18 00:00:00.0000000,2019-03-08 00:00:00.0000000,3,2020-08-06 00:00:00.0000000,2019-12-10 00:00:00.0000000,,0,0,1
40,726302,0.692523393,0,0,692523393,0,0,1,2019-03-22 00:00:00.0000000,2019-03-22 00:00:00.0000000,NULL,NULL,NULL,NULL,1,,1,1
40,583691,0.727636593,0,0,727636593,0,0,1,2019-05-13 00:00:00.0000000,2019-05-13 00:00:00.0000000,NULL,NULL,NULL,NULL,1,,1,1
40,708983,0.995332629,3341.582246,0,995332629,0,3341,582246,11,2019-09-27 00:00:00.0000000,2019-01-28 00:00:00.0000000,11,2020-07-29 00:00:00.0000000,2019-10-02 00:00:00.0000000,,0,0,1
40,689615,0.989694872,2129.897676,0,989694872,0,2129,897676,5,2019-09-23 00:00:00.0000000,2018-11-16 00:00:00.0000000,26,2020-09-21 00:00:00.0000000,2019-10-09 00:00:00.0000000,,0,0,1
40,435973,0.892951458,9521.337389,0,892951458,0,9521,337389,17,2019-07-23 00:00:00.0000000,2018-11-05 00:00:00.0000000,26,2020-09-16 00:00:00.0000000,2019-10-17 00:00:00.0000000,,0,0,1
40,433695,0.997701033,11916.48277,0,997701033,0,11916,48277,33,2019-09-24 00:00:00.0000000,2018-10-03 00:00:00.0000000,55,2020-09-25 00:00:00.0000000,2019-10-02 00:00:00.0000000,,0,0,1
40,733975,0.664002996,0,0,664002996,0,0,1,2019-01-29 00:00:00.0000000,2019-01-29 00:00:00.0000000,1,2020-01-30 00:00:00.0000000,2020-01-30 00:00:00.0000000,NULL,0,,0,1
40,599635,0.988428391,10232.59622,0,988428391,0,10232,59622,5,2019-09-13 00:00:00.0000000,2018-10-05 00:00:00.0000000,4,2020-06-11 00:00:00.0000000,2019-10-24 00:00:00.0000000,,0,0,1
40,662921,0.9901704,328663.2371,0,9901704,0,328663,2371,5,2019-09-26 00:00:00.0000000,2018-10-17 00:00:00.0000000,21,2020-09-25 00:00:00.0000000,2019-10-22 00:00:00.0000000,,0,0,1
40,637468,0.330539084,536.3820804,0,330539084,1,536,3820804,11,2019-05-21 00:00:00.0000000,2018-12-13 00:00:00.0000000,9,2020-05-25 00:00:00.0000000,2019-11-05 00:00:00.0000000,,0,0,1
40,611910,0.885793181,16888.21587,0,885793181,0,16888,21587,11,2019-06-19 00:00:00.0000000,2018-10-01 00:00:00.0000000,9,2020-09-29 00:00:00.0000000,2019-12-13 00:00:00.0000000,,0,0,1
40,710247,0.627231323,0,0,627231323,0,0,1,2018-11-07 00:00:00.0000000,2018-11-07 00:00:00.0000000,NULL,NULL,NULL,NULL,1,,1,1
40,424501,0.99676627,8653.354712,0,99676627,0,8653,354712,17,2019-09-26 00:00:00.0000000,2018-11-14 00:00:00.0000000,19,2020-09-28 00:00:00.0000000,2019-10-15 00:00:00.0000000,,0,0,1
40,539216,0.999013488,56098.25849,0,999013488,0,56098,25849,45,2019-09-30 00:00:00.0000000,2018-10-04 00:00:00.0000000,47,2020-09-30 00:00:00.0000000,2019-10-08 00:00:00.0000000,,0,0,1
40,745353,0.661028848,0,0,661028848,0,0,1,2019-01-23 00:00:00.0000000,2019-01-23 00:00:00.0000000,NULL,NULL,NULL,NULL,1,,1,1
40,429396,0.998590643,27430.57615,0,998590643,0,27430,57615,60,2019-09-26 00:00:00.0000000,2018-10-01 00:00:00.0000000,54,2020-09-28 00:00:00.0000000,2019-10-03 00:00:00.0000000,,0,0,1
40,668244,0.990791859,4005.03332,0,990791859,0,4005,3332,6,2019-09-23 00:00:00.0000000,2019-02-28 00:00:00.0000000,36,2020-09-28 00:00:00.0000000,2019-10-30 00:00:00.0000000,,0,0,1
40,431355,0.995062268,16677.07609,0,995062268,0,16677,7609,27,2019-09-16 00:00:00.0000000,2018-10-26 00:00:00.0000000,30,2020-09-22 00:00:00.0000000,2019-10-09 00:00:00.0000000,,0,0,1
40,431482,0.636571618,0,0,636571618,0,0,1,2018-11-30 00:00:00.0000000,2018-11-30 00:00:00.0000000,1,2020-06-18 00:00:00.0000000,2020-06-18 00:00:00.0000000,NULL,0,,0,1
40,565399,0.968825653,2412.573929,0,968825653,0,2412,573929,3,2019-07-12 00:00:00.0000000,2018-10-24 00:00:00.0000000,1,2019-11-14 00:00:00.0000000,2019-11-14 00:00:00.0000000,,0,0,1
40,432642,0.998667379,36296.96596,0,998667379,0,36296,96596,115,2019-09-26 00:00:00.0000000,2018-10-01 00:00:00.0000000,152,2020-09-30 00:00:00.0000000,2019-10-01 00:00:00.0000000,,0,0,1
40,708365,0.704451296,1221.50406,0,704451296,0,1221,50406,2,2019-01-21 00:00:00.0000000,2018-12-07 00:00:00.0000000,NULL,NULL,NULL,,1,1,1
40,748475,0.705084472,0,0,705084472,0,0,1,2019-04-11 00:00:00.0000000,2019-04-11 00:00:00.0000000,NULL,NULL,NULL,NULL,1,,1,1
40,565007,0.253683835,544.6426052,0,253683835,1,544,6426052,5,2019-03-01 00:00:00.0000000,2018-12-13 00:00:00.0000000,1,2020-02-11 00:00:00.0000000,2020-02-11 00:00:00.0000000,,0,0,1
40,429608,0.99628573,313676.8618,0,99628573,0,313676,8618,29,2019-09-19 00:00:00.0000000,2018-10-11 00:00:00.0000000,54,2020-09-25 00:00:00.0000000,2019-10-01 00:00:00.0000000,,0,0,1
40,680853,0.668060235,0,0,668060235,0,0,1,2019-02-06 00:00:00.0000000,2019-02-06 00:00:00.0000000,NULL,NULL,NULL,X,1,,1,1
40,566220,0.881919134,4769.896135,0,881919134,0,4769,896135,8,2019-06-04 00:00:00.0000000,2018-10-25 00:00:00.0000000,5,2020-06-22 00:00:00.0000000,2020-04-16 00:00:00.0000000,,0,0,1
40,604398,0.998433409,68643.57192,0,998433409,0,68643,57192,47,2019-09-26 00:00:00.0000000,2018-10-02 00:00:00.0000000,23,2020-08-20 00:00:00.0000000,2019-10-03 00:00:00.0000000,,0,0,1
40,662191,0.787742011,2081.375169,0,787742011,0,2081,375169,2,2019-01-03 00:00:00.0000000,2018-10-23 00:00:00.0000000,1,2020-01-02 00:00:00.0000000,2020-01-02 00:00:00.0000000,,0,0,1
40,422907,0.997408449,14070.77245,0,997408449,0,14070,77245,21,2019-09-27 00:00:00.0000000,2018-11-26 00:00:00.0000000,36,2020-09-24 00:00:00.0000000,2019-10-03 00:00:00.0000000,,0,0,1
40,422933,0.975893042,796.7171044,0,975893042,0,796,7171044,6,2019-08-01 00:00:00.0000000,2018-11-21 00:00:00.0000000,4,2020-05-25 00:00:00.0000000,2019-10-09 00:00:00.0000000,,0,0,1
40,645010,0.879068493,4964.753268,0,879068493,0,4964,753268,7,2019-07-17 00:00:00.0000000,2019-03-18 00:00:00.0000000,8,2020-09-23 00:00:00.0000000,2020-03-06 00:00:00.0000000,,0,0,1
40,724306,0.998272725,35778.34266,0,998272725,0,35778,34266,52,2019-09-25 00:00:00.0000000,2018-10-04 00:00:00.0000000,17,2020-07-30 00:00:00.0000000,2019-10-01 00:00:00.0000000,,0,0,1
40,566726,0.999674919,45243.86844,0,999674919,0,45243,86844,136,2019-09-30 00:00:00.0000000,2018-10-01 00:00:00.0000000,149,2020-09-30 00:00:00.0000000,2019-10-03 00:00:00.0000000,,0,0,1
40,644087,0.995820313,9043.699053,0,995820313,0,9043,699053,22,2019-09-18 00:00:00.0000000,2018-10-08 00:00:00.0000000,17,2020-09-30 00:00:00.0000000,2019-10-29 00:00:00.0000000,,0,0,1
40,432178,0.556414042,699.4821872,0,556414042,0,699,4821872,3,2018-12-15 00:00:00.0000000,2018-10-01 00:00:00.0000000,1,2020-05-19 00:00:00.0000000,2020-05-19 00:00:00.0000000,,0,0,1
40,730058,0.990665302,66290.03991,0,990665302,0,66290,3991,51,2019-09-13 00:00:00.0000000,2018-10-02 00:00:00.0000000,31,2020-03-05 00:00:00.0000000,2019-10-02 00:00:00.0000000,,0,0,1
40,733838,0.95140845,3185.934731,0,95140845,0,3185,934731,10,2019-07-22 00:00:00.0000000,2018-11-27 00:00:00.0000000,2,2020-07-08 00:00:00.0000000,2019-11-21 00:00:00.0000000,,0,0,1
40,435184,0.789664535,1566.193404,0,789664535,0,1566,193404,2,2019-04-11 00:00:00.0000000,2019-02-26 00:00:00.0000000,3,2020-09-09 00:00:00.0000000,2020-02-17 00:00:00.0000000,,0,0,1
40,597161,0.982176585,2542.828158,0,982176585,0,2542,828158,10,2019-08-16 00:00:00.0000000,2018-11-06 00:00:00.0000000,8,2020-09-02 00:00:00.0000000,2019-10-08 00:00:00.0000000,,0,0,1
40,677250,0.979788141,980.7647921,0,979788141,0,980,7647921,3,2019-09-06 00:00:00.0000000,2018-12-26 00:00:00.0000000,4,2020-06-08 00:00:00.0000000,2019-11-28 00:00:00.0000000,,0,0,1
40,692255,0.94676671,3177.999976,0,94676671,0,3177,999976,14,2019-08-02 00:00:00.0000000,2018-11-30 00:00:00.0000000,32,2020-09-23 00:00:00.0000000,2019-10-04 00:00:00.0000000,,0,0,1
40,672664,0.996154878,5763879.084,0,996154878,0,5763879,84,15,2019-09-25 00:00:00.0000000,2018-12-17 00:00:00.0000000,NULL,NULL,NULL,,1,1,1
40,580427,0.995839296,10999.17911,0,995839296,0,10999,17911,12,2019-09-27 00:00:00.0000000,2018-10-26 00:00:00.0000000,18,2020-08-10 00:00:00.0000000,2019-12-19 00:00:00.0000000,,0,0,1
40,448543,0.997730674,42370.55977,0,997730674,0,42370,55977,26,2019-09-26 00:00:00.0000000,2018-10-05 00:00:00.0000000,30,2020-09-30 00:00:00.0000000,2019-10-10 00:00:00.0000000,,0,0,1
40,677927,0.633668265,0,0,633668265,0,0,1,2018-11-23 00:00:00.0000000,2018-11-23 00:00:00.0000000,1,2020-02-07 00:00:00.0000000,2020-02-07 00:00:00.0000000,NULL,0,,0,1
40,668457,0.999112685,15081.16782,0,999112685,0,15081,16782,50,2019-09-30 00:00:00.0000000,2018-10-02 00:00:00.0000000,67,2020-09-16 00:00:00.0000000,2019-10-01 00:00:00.0000000,,0,0,1
40,583842,0.999762436,355626.28,0,999762436,0,355626,28,186,2019-09-30 00:00:00.0000000,2018-10-02 00:00:00.0000000,23,2020-08-24 00:00:00.0000000,2019-10-01 00:00:00.0000000,,0,0,1
40,737072,0.995597872,4876.354226,0,995597872,0,4876,354226,13,2019-09-23 00:00:00.0000000,2018-10-01 00:00:00.0000000,8,2020-09-29 00:00:00.0000000,2020-05-26 00:00:00.0000000,,0,0,1
40,434413,0.997302929,25583.72175,0,997302929,0,25583,72175,28,2019-09-23 00:00:00.0000000,2018-10-03 00:00:00.0000000,15,2020-08-06 00:00:00.0000000,2019-10-09 00:00:00.0000000,,0,0,1
40,707845,0.974205478,3332.178576,0,974205478,0,3332,178576,13,2019-08-12 00:00:00.0000000,2018-11-12 00:00:00.0000000,6,2020-06-18 00:00:00.0000000,2019-11-07 00:00:00.0000000,,0,0,1
40,448259,0.993838773,235536.688,0,993838773,0,235536,688,18,2019-09-12 00:00:00.0000000,2018-10-15 00:00:00.0000000,21,2020-07-10 00:00:00.0000000,2019-10-23 00:00:00.0000000,,0,0,1
40,653839,0.999357997,66264.75986,0,999357997,0,66264,75986,69,2019-09-30 00:00:00.0000000,2018-10-02 00:00:00.0000000,81,2020-09-28 00:00:00.0000000,2019-10-03 00:00:00.0000000,,0,0,1
40,659471,0.395703357,179.7149141,0,395703357,1,179,7149141,2,2019-01-30 00:00:00.0000000,2019-01-17 00:00:00.0000000,NULL,NULL,NULL,,1,1,1
40,712629,0.992425149,4098.756376,0,992425149,0,4098,756376,14,2019-09-12 00:00:00.0000000,2018-12-18 00:00:00.0000000,17,2020-09-17 00:00:00.0000000,2019-10-09 00:00:00.0000000,,0,0,1
40,717349,0.773659798,0,0,773659798,0,0,1,2019-07-04 00:00:00.0000000,2019-07-04 00:00:00.0000000,1,2020-02-26 00:00:00.0000000,2020-02-26 00:00:00.0000000,NULL,0,,0,1
40,653806,0.865316238,3556.567321,0,865316238,0,3556,567321,2,2019-06-19 00:00:00.0000000,2019-05-08 00:00:00.0000000,4,2020-07-02 00:00:00.0000000,2019-10-30 00:00:00.0000000,,0,0,1
40,689457,0.99200498,2639.52918,0,99200498,0,2639,52918,9,2019-09-11 00:00:00.0000000,2018-10-09 00:00:00.0000000,4,2020-08-21 00:00:00.0000000,2020-04-13 00:00:00.0000000,,0,0,1
40,595812,0.985955251,6687.158954,0,985955251,0,6687,158954,5,2019-09-04 00:00:00.0000000,2018-12-10 00:00:00.0000000,1,2019-12-31 00:00:00.0000000,2019-12-31 00:00:00.0000000,,0,0,1
40,717276,0.966560804,3550.548994,0,966560804,0,3550,548994,8,2019-07-23 00:00:00.0000000,2018-11-14 00:00:00.0000000,15,2020-09-09 00:00:00.0000000,2019-10-17 00:00:00.0000000,,0,0,1
40,747589,0.936904591,128019.3471,0,936904591,0,128019,3471,4,2019-07-25 00:00:00.0000000,2019-04-15 00:00:00.0000000,4,2020-02-25 00:00:00.0000000,2019-11-04 00:00:00.0000000,,0,0,1
40,625159,0.961913661,28092.02952,0,961913661,0,28092,2952,21,2019-08-13 00:00:00.0000000,2018-10-09 00:00:00.0000000,6,2020-06-25 00:00:00.0000000,2019-12-11 00:00:00.0000000,,0,0,1
40,693821,0.997202572,7256.909241,0,997202572,0,7256,909241,26,2019-09-23 00:00:00.0000000,2018-10-03 00:00:00.0000000,19,2020-09-21 00:00:00.0000000,2019-10-24 00:00:00.0000000,,0,0,1
40,565202,0.949757719,26807.12615,0,949757719,0,26807,12615,23,2019-08-13 00:00:00.0000000,2018-10-19 00:00:00.0000000,24,2020-09-18 00:00:00.0000000,2019-10-23 00:00:00.0000000,,0,0,1
40,570784,0.67596911,0,0,67596911,0,0,1,2019-02-21 00:00:00.0000000,2019-02-21 00:00:00.0000000,2,2020-09-16 00:00:00.0000000,2020-02-17 00:00:00.0000000,NULL,0,,0,1
40,563811,0.997656472,51487.05633,0,997656472,0,51487,5633,45,2019-09-23 00:00:00.0000000,2018-10-08 00:00:00.0000000,27,2020-09-28 00:00:00.0000000,2019-10-01 00:00:00.0000000,,0,0,1
40,435918,0.996082264,34097.90161,0,996082264,0,34097,90161,45,2019-09-20 00:00:00.0000000,2018-11-13 00:00:00.0000000,3,2019-10-18 00:00:00.0000000,2019-10-02 00:00:00.0000000,,0,0,1
40,747417,0.700868034,416.8900789,0,700868034,0,416,8900789,2,2019-04-12 00:00:00.0000000,2019-03-15 00:00:00.0000000,NULL,NULL,NULL,,1,1,1
40,724824,0.957516424,373.4117663,0,957516424,0,373,4117663,6,2019-06-28 00:00:00.0000000,2018-10-22 00:00:00.0000000,1,2020-02-04 00:00:00.0000000,2020-02-04 00:00:00.0000000,,0,0,1
40,605712,0.844543726,1182.398435,0,844543726,0,1182,398435,3,2019-02-22 00:00:00.0000000,2018-10-11 00:00:00.0000000,2,2020-01-27 00:00:00.0000000,2020-01-07 00:00:00.0000000,,0,0,1
40,433438,0.648766986,0,0,648766986,0,0,1,2018-12-28 00:00:00.0000000,2018-12-28 00:00:00.0000000,NULL,NULL,NULL,NULL,1,,1,1
40,744452,0.635320595,0,0,635320595,0,0,1,2018-11-27 00:00:00.0000000,2018-11-27 00:00:00.0000000,NULL,NULL,NULL,NULL,1,,1,1
40,475529,0.619173358,0,0,619173358,0,0,1,2018-10-17 00:00:00.0000000,2018-10-17 00:00:00.0000000,NULL,NULL,NULL,NULL,1,,1,1
40,735534,0.997412246,11324.41682,0,997412246,0,11324,41682,28,2019-09-24 00:00:00.0000000,2018-10-29 00:00:00.0000000,25,2020-09-21 00:00:00.0000000,2019-10-21 00:00:00.0000000,,0,0,1
40,432331,0.998178428,56137.89769,0,998178428,0,56137,89769,115,2019-09-25 00:00:00.0000000,2018-10-01 00:00:00.0000000,115,2020-09-29 00:00:00.0000000,2019-10-01 00:00:00.0000000,,0,0,1
40,733096,0.681324698,1496.474761,0,681324698,0,1496,474761,3,2019-02-28 00:00:00.0000000,2018-12-17 00:00:00.0000000,1,2020-06-05 00:00:00.0000000,2020-06-05 00:00:00.0000000,,0,0,1
40,659319,0.789053147,0,0,789053147,0,0,1,2019-07-18 00:00:00.0000000,2019-07-18 00:00:00.0000000,1,2020-01-31 00:00:00.0000000,2020-01-31 00:00:00.0000000,NULL,0,,0,1
40,613136,0.786248704,2989.794132,0,786248704,0,2989,794132,19,2019-07-10 00:00:00.0000000,2018-10-08 00:00:00.0000000,6,2020-08-28 00:00:00.0000000,2019-10-28 00:00:00.0000000,,0,0,1
40,646392,0.999008301,171363.7483,0,999008301,0,171363,7483,101,2019-09-27 00:00:00.0000000,2018-10-01 00:00:00.0000000,67,2020-09-30 00:00:00.0000000,2019-10-02 00:00:00.0000000,,0,0,1
40,426635,0.642984296,0,0,642984296,0,0,1,2018-12-15 00:00:00.0000000,2018-12-15 00:00:00.0000000,NULL,NULL,NULL,NULL,1,,1,1
40,434832,0.554738867,116.8944593,0,554738867,0,116,8944593,2,2019-03-12 00:00:00.0000000,2019-02-21 00:00:00.0000000,4,2020-09-10 00:00:00.0000000,2019-12-05 00:00:00.0000000,,0,0,1
40,682620,0.998830437,51390.52625,0,998830437,0,51390,52625,38,2019-09-30 00:00:00.0000000,2018-10-01 00:00:00.0000000,17,2020-08-04 00:00:00.0000000,2019-10-15 00:00:00.0000000,,0,0,1
40,557937,0.968881621,508.0273726,0,968881621,0,508,273726,5,2019-07-08 00:00:00.0000000,2018-10-15 00:00:00.0000000,6,2020-09-07 00:00:00.0000000,2019-10-01 00:00:00.0000000,,0,0,1
40,581897,0.991294516,3922.968309,0,991294516,0,3922,968309,12,2019-09-04 00:00:00.0000000,2018-10-02 00:00:00.0000000,8,2020-07-13 00:00:00.0000000,2019-10-28 00:00:00.0000000,,0,0,1
40,667840,0.069653339,1375.164233,0,69653339,1,1375,164233,22,2019-06-03 00:00:00.0000000,2018-10-16 00:00:00.0000000,11,2020-07-09 00:00:00.0000000,2019-10-23 00:00:00.0000000,,0,0,1
40,426168,0.996250573,21999.1495,0,996250573,0,21999,1495,25,2019-09-19 00:00:00.0000000,2018-10-03 00:00:00.0000000,14,2020-09-15 00:00:00.0000000,2019-11-14 00:00:00.0000000,,0,0,1
40,673974,0.9972251,12285.56221,0,9972251,0,12285,56221,24,2019-09-24 00:00:00.0000000,2018-10-16 00:00:00.0000000,15,2020-09-22 00:00:00.0000000,2019-10-21 00:00:00.0000000,,0,0,1
40,749750,0.106402854,494367.0204,0,106402854,1,494367,204,34,2019-09-03 00:00:00.0000000,2019-06-11 00:00:00.0000000,NULL,NULL,NULL,,1,1,1
40,674920,0.868690885,8739.969351,0,868690885,0,8739,969351,3,2019-06-03 00:00:00.0000000,2019-03-15 00:00:00.0000000,5,2020-09-25 00:00:00.0000000,2019-12-10 00:00:00.0000000,,0,0,1
40,725667,0.837934604,31237.26392,0,837934604,0,31237,26392,2,2019-01-23 00:00:00.0000000,2018-10-25 00:00:00.0000000,NULL,NULL,NULL,,1,1,1
40,435998,0.999473017,431951.2933,0,999473017,0,431951,2933,84,2019-09-30 00:00:00.0000000,2018-10-02 00:00:00.0000000,69,2020-09-30 00:00:00.0000000,2019-10-01 00:00:00.0000000,,0,0,1
40,726773,0.994557383,2745.844563,0,994557383,0,2745,844563,10,2019-09-23 00:00:00.0000000,2018-10-02 00:00:00.0000000,17,2020-09-28 00:00:00.0000000,2019-10-16 00:00:00.0000000,,0,0,1
40,503108,0.921864285,160764.1843,0,921864285,0,160764,1843,2,2019-07-30 00:00:00.0000000,2019-06-11 00:00:00.0000000,11,2020-05-21 00:00:00.0000000,2019-11-15 00:00:00.0000000,,0,0,1
40,606166,0.049162408,86.55088247,0,49162408,1,86,55088247,3,2018-10-18 00:00:00.0000000,2018-10-01 00:00:00.0000000,NULL,NULL,NULL,,1,1,1
40,432635,0.932649614,13612.07034,0,932649614,0,13612,7034,7,2019-06-18 00:00:00.0000000,2018-10-31 00:00:00.0000000,3,2019-12-10 00:00:00.0000000,2019-10-04 00:00:00.0000000,,0,0,1
40,433799,0.705740597,0,0,705740597,0,0,1,2019-04-12 00:00:00.0000000,2019-04-12 00:00:00.0000000,NULL,NULL,NULL,NULL,1,,1,1
40,509315,0.998313927,36846.08178,0,998313927,0,36846,8178,35,2019-09-27 00:00:00.0000000,2018-10-04 00:00:00.0000000,35,2020-09-30 00:00:00.0000000,2019-10-02 00:00:00.0000000,,0,0,1
40,710162,0.613666875,0,0,613666875,0,0,1,2018-10-02 00:00:00.0000000,2018-10-02 00:00:00.0000000,NULL,NULL,NULL,NULL,1,,1,1
40,494927,0.998764961,271859.7724,0,998764961,0,271859,7724,36,2019-09-30 00:00:00.0000000,2018-10-01 00:00:00.0000000,31,2020-09-30 00:00:00.0000000,2019-10-01 00:00:00.0000000,,0,0,1
40,730888,0.988274269,394.8334746,0,988274269,0,394,8334746,6,2019-09-04 00:00:00.0000000,2018-10-17 00:00:00.0000000,6,2020-09-04 00:00:00.0000000,2020-03-09 00:00:00.0000000,,0,0,1
40,422778,0.892465697,19674.93563,0,892465697,0,19674,93563,25,2019-08-05 00:00:00.0000000,2018-10-16 00:00:00.0000000,20,2020-09-02 00:00:00.0000000,2019-10-02 00:00:00.0000000,,0,0,1
40,686377,0.623725872,0,0,623725872,0,0,1,2018-10-29 00:00:00.0000000,2018-10-29 00:00:00.0000000,NULL,NULL,NULL,NULL,1,,1,1
40,424244,0.834597829,1257.467285,0,834597829,0,1257,467285,6,2019-05-08 00:00:00.0000000,2018-11-12 00:00:00.0000000,9,2020-09-23 00:00:00.0000000,2019-10-02 00:00:00.0000000,,0,0,1
40,672887,0.986858321,4652.919866,0,986858321,0,4652,919866,14,2019-08-27 00:00:00.0000000,2018-10-29 00:00:00.0000000,6,2020-06-17 00:00:00.0000000,2019-10-01 00:00:00.0000000,,0,0,1
40,662771,0.112431203,1181.313438,0,112431203,1,1181,313438,26,2019-07-16 00:00:00.0000000,2019-01-09 00:00:00.0000000,NULL,NULL,NULL,,1,1,1
40,473026,0.463942708,789.8760594,0,463942708,1,789,8760594,2,2019-07-05 00:00:00.0000000,2019-07-03 00:00:00.0000000,3,2020-01-23 00:00:00.0000000,2019-10-31 00:00:00.0000000,,0,0,1
40,709237,0.974312874,3361.466862,0,974312874,0,3361,466862,3,2019-08-07 00:00:00.0000000,2018-11-19 00:00:00.0000000,5,2019-11-29 00:00:00.0000000,2019-10-15 00:00:00.0000000,,0,0,1
40,528014,0.998993544,1748428.651,0,998993544,0,1748428,651,156,2019-09-27 00:00:00.0000000,2018-10-02 00:00:00.0000000,194,2020-09-30 00:00:00.0000000,2019-10-01 00:00:00.0000000,,0,0,1
40,433993,0.9997385,161816.9351,0,9997385,0,161816,9351,169,2019-09-30 00:00:00.0000000,2018-10-01 00:00:00.0000000,179,2020-09-30 00:00:00.0000000,2019-10-01 00:00:00.0000000,,0,0,1
40,557152,0.166081687,8143.663888,0,166081687,1,8143,663888,4,2018-12-04 00:00:00.0000000,2018-10-04 00:00:00.0000000,NULL,NULL,NULL,,1,1,1
40,424093,0.995653101,34818.94901,0,995653101,0,34818,94901,46,2019-09-18 00:00:00.0000000,2018-10-03 00:00:00.0000000,53,2020-09-30 00:00:00.0000000,2019-10-14 00:00:00.0000000,,0,0,1
40,723649,0.636153477,0,0,636153477,0,0,1,2018-11-29 00:00:00.0000000,2018-11-29 00:00:00.0000000,1,2020-04-02 00:00:00.0000000,2020-04-02 00:00:00.0000000,NULL,0,,0,1
40,709338,0.995952976,21162.43757,0,995952976,0,21162,43757,15,2019-09-23 00:00:00.0000000,2018-10-30 00:00:00.0000000,13,2020-09-21 00:00:00.0000000,2019-10-30 00:00:00.0000000,,0,0,1
40,571979,0.682603531,0,0,682603531,0,0,1,2019-03-05 00:00:00.0000000,2019-03-05 00:00:00.0000000,NULL,NULL,NULL,NULL,1,,1,1
40,495085,0.990359138,8527.485232,0,990359138,0,8527,485232,6,2019-09-19 00:00:00.0000000,2019-01-03 00:00:00.0000000,44,2020-09-18 00:00:00.0000000,2019-10-09 00:00:00.0000000,,0,0,1
40,436533,0.997763144,14853.92219,0,997763144,0,14853,92219,20,2019-09-30 00:00:00.0000000,2018-10-08 00:00:00.0000000,19,2020-09-10 00:00:00.0000000,2019-11-06 00:00:00.0000000,,0,0,1
40,600801,0.99771167,58896.77004,0,99771167,0,58896,77004,56,2019-09-23 00:00:00.0000000,2018-10-02 00:00:00.0000000,64,2020-09-29 00:00:00.0000000,2019-10-02 00:00:00.0000000,,0,0,1
40,429390,0.998446509,30708.55264,0,998446509,0,30708,55264,53,2019-09-26 00:00:00.0000000,2018-10-30 00:00:00.0000000,55,2020-09-30 00:00:00.0000000,2019-10-02 00:00:00.0000000,,0,0,1
40,670102,0.6743544,0,0,6743544,0,0,1,2019-02-18 00:00:00.0000000,2019-02-18 00:00:00.0000000,NULL,NULL,NULL,NULL,1,,1,1
40,705921,0.993369826,130764.4224,0,993369826,0,130764,4224,31,2019-09-12 00:00:00.0000000,2018-10-04 00:00:00.0000000,11,2020-06-11 00:00:00.0000000,2019-10-23 00:00:00.0000000,,0,0,1
40,624196,0.622193276,0,0,622193276,0,0,1,2018-10-25 00:00:00.0000000,2018-10-25 00:00:00.0000000,NULL,NULL,NULL,NULL,1,,1,1
40,717955,0.644740527,0,0,644740527,0,0,1,2018-12-19 00:00:00.0000000,2018-12-19 00:00:00.0000000,NULL,NULL,NULL,NULL,1,,1,1
40,423447,0.999130178,339227.4929,0,999130178,0,339227,4929,51,2019-09-30 00:00:00.0000000,2018-10-02 00:00:00.0000000,18,2020-09-29 00:00:00.0000000,2019-11-29 00:00:00.0000000,,0,0,1
40,593834,0.904694817,2585.970678,0,904694817,0,2585,970678,4,2019-05-08 00:00:00.0000000,2018-11-23 00:00:00.0000000,NULL,NULL,NULL,,1,1,1
40,424052,0.992566818,14340.68146,0,992566818,0,14340,68146,31,2019-09-12 00:00:00.0000000,2018-10-29 00:00:00.0000000,16,2020-09-24 00:00:00.0000000,2019-10-09 00:00:00.0000000,,0,0,1
40,699581,0.281956381,49.58537638,0,281956381,1,49,58537638,2,2019-03-11 00:00:00.0000000,2019-03-06 00:00:00.0000000,4,2020-07-21 00:00:00.0000000,2020-02-03 00:00:00.0000000,,0,0,1
40,709003,0.698883474,145997.4048,0,698883474,0,145997,4048,7,2019-04-17 00:00:00.0000000,2018-10-19 00:00:00.0000000,1,2020-09-25 00:00:00.0000000,2020-09-25 00:00:00.0000000,,0,0,1
40,431687,0.99066172,3051.029582,0,99066172,0,3051,29582,5,2019-09-30 00:00:00.0000000,2018-10-22 00:00:00.0000000,13,2020-09-22 00:00:00.0000000,2019-10-11 00:00:00.0000000,,0,0,1
40,584563,0.998990926,38091.53961,0,998990926,0,38091,53961,44,2019-09-30 00:00:00.0000000,2018-10-02 00:00:00.0000000,55,2020-09-28 00:00:00.0000000,2019-10-03 00:00:00.0000000,,0,0,1
40,566293,0.999822609,7175474.455,0,999822609,0,7175474,455,249,2019-09-30 00:00:00.0000000,2018-10-01 00:00:00.0000000,260,2020-09-30 00:00:00.0000000,2019-10-01 00:00:00.0000000,,0,0,1
40,622089,0.998098358,76273.04639,0,998098358,0,76273,4639,41,2019-09-25 00:00:00.0000000,2018-10-09 00:00:00.0000000,42,2020-09-30 00:00:00.0000000,2019-10-11 00:00:00.0000000,,0,0,1
40,705373,0.997283563,25425.5799,0,997283563,0,25425,5799,29,2019-09-23 00:00:00.0000000,2018-10-18 00:00:00.0000000,26,2020-09-21 00:00:00.0000000,2019-10-30 00:00:00.0000000,,0,0,1
40,432876,0.995750739,7390.558754,0,995750739,0,7390,558754,29,2019-09-17 00:00:00.0000000,2018-10-01 00:00:00.0000000,37,2020-09-28 00:00:00.0000000,2019-10-04 00:00:00.0000000,,0,0,1
40,687064,0.754795324,422.1462915,0,754795324,0,422,1462915,2,2019-06-24 00:00:00.0000000,2019-06-06 00:00:00.0000000,3,2020-09-14 00:00:00.0000000,2020-04-29 00:00:00.0000000,,0,0,1
40,582080,0.987415594,7459.741507,0,987415594,0,7459,741507,14,2019-08-28 00:00:00.0000000,2018-10-29 00:00:00.0000000,5,2020-09-11 00:00:00.0000000,2019-12-24 00:00:00.0000000,,0,0,1
40,552931,0.756630642,1624.918295,0,756630642,0,1624,918295,4,2019-03-22 00:00:00.0000000,2018-11-22 00:00:00.0000000,8,2020-09-03 00:00:00.0000000,2019-12-03 00:00:00.0000000,,0,0,1
40,710289,0.815953565,0,0,815953565,0,0,1,2019-08-08 00:00:00.0000000,2019-08-08 00:00:00.0000000,NULL,NULL,NULL,NULL,1,,1,1
40,733213,0.630818813,0,0,630818813,0,0,1,2018-11-16 00:00:00.0000000,2018-11-16 00:00:00.0000000,NULL,NULL,NULL,NULL,1,,1,1
40,643777,0.656196338,0,0,656196338,0,0,1,2019-01-13 00:00:00.0000000,2019-01-13 00:00:00.0000000,NULL,NULL,NULL,NULL,1,,1,1
40,740571,0.983907359,12718.75997,0,983907359,0,12718,75997,7,2019-09-16 00:00:00.0000000,2019-06-20 00:00:00.0000000,NULL,NULL,NULL,,1,1,1
40,427068,0.8660985,961.1805704,0,8660985,0,961,1805704,4,2019-04-04 00:00:00.0000000,2018-10-22 00:00:00.0000000,NULL,NULL,NULL,,1,1,1
40,706312,0.703780667,0,0,703780667,0,0,1,2019-04-09 00:00:00.0000000,2019-04-09 00:00:00.0000000,NULL,NULL,NULL,NULL,1,,1,1
40,425683,0.967446512,1854.659853,0,967446512,0,1854,659853,3,2019-07-12 00:00:00.0000000,2018-11-12 00:00:00.0000000,NULL,NULL,NULL,,1,1,1
40,740080,0.988922554,457814.8463,0,988922554,0,457814,8463,12,2019-08-30 00:00:00.0000000,2018-10-26 00:00:00.0000000,1,2019-10-09 00:00:00.0000000,2019-10-09 00:00:00.0000000,,0,0,1
40,430033,0.99879859,70727.11634,0,99879859,0,70727,11634,37,2019-09-30 00:00:00.0000000,2018-10-11 00:00:00.0000000,24,2020-09-17 00:00:00.0000000,2019-10-11 00:00:00.0000000,,0,0,1
40,750269,0.986821736,4382.873567,0,986821736,0,4382,873567,4,2019-09-27 00:00:00.0000000,2019-06-28 00:00:00.0000000,12,2020-09-23 00:00:00.0000000,2019-12-23 00:00:00.0000000,,0,0,1
40,430555,0.616946906,0,0,616946906,0,0,1,2018-10-11 00:00:00.0000000,2018-10-11 00:00:00.0000000,1,2020-06-10 00:00:00.0000000,2020-06-10 00:00:00.0000000,NULL,0,,0,1
40,434069,0.982879127,128.9303816,0,982879127,0,128,9303816,3,2019-09-25 00:00:00.0000000,2019-02-20 00:00:00.0000000,13,2020-07-10 00:00:00.0000000,2019-10-14 00:00:00.0000000,,0,0,1
40,731195,0.796209808,0,0,796209808,0,0,1,2019-07-24 00:00:00.0000000,2019-07-24 00:00:00.0000000,NULL,NULL,NULL,NULL,1,,1,1
40,734936,0.652786414,12891.73065,0,652786414,0,12891,73065,4,2019-02-15 00:00:00.0000000,2018-10-25 00:00:00.0000000,5,2020-09-23 00:00:00.0000000,2020-01-31 00:00:00.0000000,,0,0,1
40,714394,0.964628887,1584.276646,0,964628887,0,1584,276646,5,2019-07-19 00:00:00.0000000,2018-12-27 00:00:00.0000000,6,2020-07-08 00:00:00.0000000,2020-02-12 00:00:00.0000000,,0,0,1
40,436162,0.997947028,43800.48978,0,997947028,0,43800,48978,44,2019-09-24 00:00:00.0000000,2018-10-01 00:00:00.0000000,57,2020-09-30 00:00:00.0000000,2019-10-08 00:00:00.0000000,,0,0,1
40,556872,0.966433373,59588.88958,0,966433373,0,59588,88958,4,2019-07-09 00:00:00.0000000,2018-11-19 00:00:00.0000000,9,2020-07-21 00:00:00.0000000,2020-01-31 00:00:00.0000000,,0,0,1
40,710100,0.692523393,0,0,692523393,0,0,1,2019-03-22 00:00:00.0000000,2019-03-22 00:00:00.0000000,NULL,NULL,NULL,NULL,1,,1,1
40,432287,0.991018039,4845.151818,0,991018039,0,4845,151818,15,2019-09-05 00:00:00.0000000,2018-10-29 00:00:00.0000000,12,2020-09-23 00:00:00.0000000,2019-10-08 00:00:00.0000000,,0,0,1
40,426528,0.998929731,1103294.344,0,998929731,0,1103294,344,185,2019-09-27 00:00:00.0000000,2018-10-01 00:00:00.0000000,169,2020-09-30 00:00:00.0000000,2019-10-01 00:00:00.0000000,,0,0,1
40,667204,0.990860032,3752.923522,0,990860032,0,3752,923522,6,2019-09-20 00:00:00.0000000,2018-11-12 00:00:00.0000000,NULL,NULL,NULL,,1,1,1
40,717571,0.914289906,0,0,914289906,0,0,1,2019-09-24 00:00:00.0000000,2019-09-24 00:00:00.0000000,1,2019-10-25 00:00:00.0000000,2019-10-25 00:00:00.0000000,NULL,0,,0,1
40,593442,0.997643685,83578.52515,0,997643685,0,83578,52515,19,2019-09-30 00:00:00.0000000,2018-10-01 00:00:00.0000000,9,2020-07-17 00:00:00.0000000,2019-10-04 00:00:00.0000000,,0,0,1
40,700357,0.959131604,300.5105339,0,959131604,0,300,5105339,4,2019-06-26 00:00:00.0000000,2018-11-20 00:00:00.0000000,8,2020-09-21 00:00:00.0000000,2019-10-24 00:00:00.0000000,,0,0,1
40,704569,0.709379715,314.9111295,0,709379715,0,314,9111295,3,2019-05-29 00:00:00.0000000,2019-04-16 00:00:00.0000000,1,2019-12-31 00:00:00.0000000,2019-12-31 00:00:00.0000000,,0,0,1
40,584789,0.99879859,880168.9853,0,99879859,0,880168,9853,37,2019-09-30 00:00:00.0000000,2019-04-02 00:00:00.0000000,72,2020-09-01 00:00:00.0000000,2019-10-03 00:00:00.0000000,,0,0,1
40,715168,0.262816266,105.6841519,0,262816266,1,105,6841519,2,2018-10-16 00:00:00.0000000,2018-10-04 00:00:00.0000000,4,2020-09-16 00:00:00.0000000,2019-12-03 00:00:00.0000000,,0,0,1
40,705363,0.814519244,6072.423258,0,814519244,0,6072,423258,10,2019-06-03 00:00:00.0000000,2018-10-17 00:00:00.0000000,7,2020-07-07 00:00:00.0000000,2019-10-10 00:00:00.0000000,,0,0,1
40,435456,0.947955374,364.4527894,0,947955374,0,364,4527894,2,2019-07-09 00:00:00.0000000,2019-02-28 00:00:00.0000000,11,2020-07-09 00:00:00.0000000,2019-10-01 00:00:00.0000000,,0,0,1
40,726433,0.9943475,8003.205472,0,9943475,0,8003,205472,12,2019-09-18 00:00:00.0000000,2018-10-26 00:00:00.0000000,8,2020-07-07 00:00:00.0000000,2019-10-24 00:00:00.0000000,,0,0,1
40,435793,0.974507877,1600.852359,0,974507877,0,1600,852359,4,2019-07-26 00:00:00.0000000,2018-11-05 00:00:00.0000000,NULL,NULL,NULL,,1,1,1
40,434672,0.975484944,3336.000541,0,975484944,0,3336,541,4,2019-08-14 00:00:00.0000000,2019-01-29 00:00:00.0000000,9,2020-09-29 00:00:00.0000000,2019-10-23 00:00:00.0000000,,0,0,1
40,718050,0.014165406,471.9950991,0,14165406,1,471,9950991,9,2019-01-25 00:00:00.0000000,2018-10-02 00:00:00.0000000,NULL,NULL,NULL,,1,1,1
40,656917,0.996631813,8463.333938,0,996631813,0,8463,333938,47,2019-09-20 00:00:00.0000000,2018-10-01 00:00:00.0000000,21,2020-09-23 00:00:00.0000000,2019-10-11 00:00:00.0000000,,0,0,1
40,705970,0.005070436,1460.701644,0,5070436,1,1460,701644,29,2019-05-28 00:00:00.0000000,2018-10-01 00:00:00.0000000,7,2020-09-12 00:00:00.0000000,2020-06-11 00:00:00.0000000,,0,0,1
40,604965,0.705084472,0,0,705084472,0,0,1,2019-04-11 00:00:00.0000000,2019-04-11 00:00:00.0000000,1,2020-09-01 00:00:00.0000000,2020-09-01 00:00:00.0000000,NULL,0,,0,1
40,746937,0.678148839,0,0,678148839,0,0,1,2019-02-25 00:00:00.0000000,2019-02-25 00:00:00.0000000,NULL,NULL,NULL,NULL,1,,1,1
40,581282,0.997429885,8641.326306,0,997429885,0,8641,326306,22,2019-09-26 00:00:00.0000000,2018-10-04 00:00:00.0000000,17,2020-09-29 00:00:00.0000000,2019-10-02 00:00:00.0000000,,0,0,1
40,510987,0.996016045,6138.020855,0,996016045,0,6138,20855,13,2019-09-26 00:00:00.0000000,2018-10-09 00:00:00.0000000,12,2020-09-11 00:00:00.0000000,2019-10-29 00:00:00.0000000,,0,0,1
40,686488,0.983235009,163757.963,0,983235009,0,163757,963,12,2019-08-20 00:00:00.0000000,2018-11-05 00:00:00.0000000,NULL,NULL,NULL,,1,1,1
40,682043,0.636153477,0,0,636153477,0,0,1,2018-11-29 00:00:00.0000000,2018-11-29 00:00:00.0000000,NULL,NULL,NULL,NULL,1,,1,1
40,704254,0.915146764,19161.59815,0,915146764,0,19161,59815,2,2019-05-02 00:00:00.0000000,2019-01-07 00:00:00.0000000,NULL,NULL,NULL,,1,1,1
40,714933,0.992948313,12508.25932,0,992948313,0,12508,25932,7,2019-09-26 00:00:00.0000000,2018-10-08 00:00:00.0000000,8,2020-08-21 00:00:00.0000000,2019-10-04 00:00:00.0000000,,0,0,1
40,429448,0.67596911,0,0,67596911,0,0,1,2019-02-21 00:00:00.0000000,2019-02-21 00:00:00.0000000,NULL,NULL,NULL,X,1,,1,1
40,436456,0.993270207,4014.64394,0,993270207,0,4014,64394,9,2019-09-18 00:00:00.0000000,2018-10-08 00:00:00.0000000,15,2020-09-15 00:00:00.0000000,2019-10-11 00:00:00.0000000,,0,0,1
40,422587,0.936595551,6384.249429,0,936595551,0,6384,249429,16,2019-07-25 00:00:00.0000000,2018-10-09 00:00:00.0000000,5,2020-03-11 00:00:00.0000000,2019-11-28 00:00:00.0000000,,0,0,1
40,745171,0.459897294,1121.481472,0,459897294,1,1121,481472,2,2019-07-04 00:00:00.0000000,2019-07-02 00:00:00.0000000,NULL,NULL,NULL,,1,1,1
40,428496,0.962337101,1438.992052,0,962337101,0,1438,992052,7,2019-07-09 00:00:00.0000000,2018-10-22 00:00:00.0000000,3,2020-08-25 00:00:00.0000000,2019-11-21 00:00:00.0000000,,0,0,1
40,684847,0.998671458,48621.27147,0,998671458,0,48621,27147,50,2019-09-27 00:00:00.0000000,2018-10-02 00:00:00.0000000,57,2020-09-25 00:00:00.0000000,2019-10-02 00:00:00.0000000,,0,0,1
40,655267,0.991340878,5781.937005,0,991340878,0,5781,937005,19,2019-09-05 00:00:00.0000000,2018-10-04 00:00:00.0000000,9,2020-08-28 00:00:00.0000000,2019-10-17 00:00:00.0000000,,0,0,1
40,525942,0.997803417,12897.12879,0,997803417,0,12897,12879,25,2019-09-27 00:00:00.0000000,2018-10-16 00:00:00.0000000,4,2020-09-21 00:00:00.0000000,2019-10-07 00:00:00.0000000,,0,0,1
40,749631,0.744525586,0,0,744525586,0,0,1,2019-06-03 00:00:00.0000000,2019-06-03 00:00:00.0000000,NULL,NULL,NULL,NULL,1,,1,1
40,432732,0.969357373,3652.404334,0,969357373,0,3652,404334,4,2019-07-08 00:00:00.0000000,2018-10-19 00:00:00.0000000,10,2020-07-20 00:00:00.0000000,2019-11-07 00:00:00.0000000,,0,0,1
40,553066,0.978212572,4712.537182,0,978212572,0,4712,537182,3,2019-09-04 00:00:00.0000000,2019-02-15 00:00:00.0000000,2,2020-03-05 00:00:00.0000000,2020-02-20 00:00:00.0000000,,0,0,1
40,562999,0.820626012,31385.76239,0,820626012,0,31385,76239,13,2019-06-25 00:00:00.0000000,2018-10-26 00:00:00.0000000,NULL,NULL,NULL,,1,1,1
40,464497,0.001987796,95.18117176,0,1987796,1,95,18117176,27,2019-05-14 00:00:00.0000000,2018-10-04 00:00:00.0000000,1,2019-11-21 00:00:00.0000000,2019-11-21 00:00:00.0000000,,0,0,1
40,730858,0.969484595,1062.032975,0,969484595,0,1062,32975,4,2019-07-05 00:00:00.0000000,2018-10-05 00:00:00.0000000,NULL,NULL,NULL,,1,1,1
40,572228,0.644740527,0,0,644740527,0,0,1,2018-12-19 00:00:00.0000000,2018-12-19 00:00:00.0000000,NULL,NULL,NULL,NULL,1,,1,1
40,575832,0.998249263,28600.36589,0,998249263,0,28600,36589,51,2019-09-25 00:00:00.0000000,2018-10-08 00:00:00.0000000,84,2020-09-23 00:00:00.0000000,2019-10-02 00:00:00.0000000,,0,0,1
40,745351,0.030179899,419.4485879,0,30179899,1,419,4485879,13,2019-05-20 00:00:00.0000000,2019-01-22 00:00:00.0000000,2,2020-06-05 00:00:00.0000000,2019-10-15 00:00:00.0000000,,0,0,1
40,678763,0.690725404,0,0,690725404,0,0,1,2019-03-19 00:00:00.0000000,2019-03-19 00:00:00.0000000,NULL,NULL,NULL,NULL,1,,1,1
40,735094,0.913907374,847.492081,0,913907374,0,847,492081,2,2019-06-10 00:00:00.0000000,2019-03-20 00:00:00.0000000,1,2020-06-22 00:00:00.0000000,2020-06-22 00:00:00.0000000,,0,0,1
40,669246,0.993220002,6160.250295,0,993220002,0,6160,250295,20,2019-09-10 00:00:00.0000000,2018-10-10 00:00:00.0000000,7,2020-09-09 00:00:00.0000000,2019-10-21 00:00:00.0000000,,0,0,1
40,577785,0.996795221,3320.526977,0,996795221,0,3320,526977,17,2019-09-26 00:00:00.0000000,2018-10-30 00:00:00.0000000,15,2020-09-21 00:00:00.0000000,2019-10-04 00:00:00.0000000,,0,0,1
40,605830,0.997709982,44360.68623,0,997709982,0,44360,68623,52,2019-09-23 00:00:00.0000000,2018-10-03 00:00:00.0000000,93,2020-09-30 00:00:00.0000000,2019-10-08 00:00:00.0000000,,0,0,1
40,434130,0.931021505,748.9948245,0,931021505,0,748,9948245,3,2019-05-20 00:00:00.0000000,2018-12-11 00:00:00.0000000,NULL,NULL,NULL,,1,1,1
40,749518,0.741156892,0,0,741156892,0,0,1,2019-05-30 00:00:00.0000000,2019-05-30 00:00:00.0000000,NULL,NULL,NULL,NULL,1,,1,1
40,636943,0.996038907,6009.025693,0,996038907,0,6009,25693,15,2019-09-23 00:00:00.0000000,2018-10-04 00:00:00.0000000,16,2020-09-23 00:00:00.0000000,2019-10-07 00:00:00.0000000,,0,0,1
40,565349,0.922419659,687.9182653,0,922419659,0,687,9182653,3,2019-04-17 00:00:00.0000000,2018-10-19 00:00:00.0000000,5,2020-07-31 00:00:00.0000000,2020-01-23 00:00:00.0000000,,0,0,1
40,588405,2.97E-06,0.236981157,2,9.70E-05,1,0,236981157,15,2019-01-07 00:00:00.0000000,2018-10-02 00:00:00.0000000,NULL,NULL,NULL,,1,1,1
40,651085,0.99486092,13980.94799,0,99486092,0,13980,94799,17,2019-09-16 00:00:00.0000000,2018-10-18 00:00:00.0000000,13,2020-09-23 00:00:00.0000000,2019-10-10 00:00:00.0000000,,0,0,1
40,421929,0.9744296,174.6085009,0,9744296,0,174,6085009,5,2019-08-01 00:00:00.0000000,2018-12-12 00:00:00.0000000,1,2019-11-21 00:00:00.0000000,2019-11-21 00:00:00.0000000,,0,0,1
40,538597,0.867568126,2940.101575,0,867568126,0,2940,101575,8,2019-06-05 00:00:00.0000000,2018-11-08 00:00:00.0000000,5,2020-07-09 00:00:00.0000000,2020-01-20 00:00:00.0000000,,0,0,1
40,608715,0.989454886,738.1626425,0,989454886,0,738,1626425,7,2019-09-05 00:00:00.0000000,2018-10-16 00:00:00.0000000,14,2020-09-16 00:00:00.0000000,2019-10-17 00:00:00.0000000,,0,0,1
40,686551,0.376023644,90.20408135,0,376023644,1,90,20408135,2,2018-12-07 00:00:00.0000000,2018-11-21 00:00:00.0000000,NULL,NULL,NULL,,1,1,1
40,424952,0.97229412,189318.6252,0,97229412,0,189318,6252,7,2019-07-24 00:00:00.0000000,2018-10-31 00:00:00.0000000,NULL,NULL,NULL,,1,1,1
40,749536,0.740326584,0,0,740326584,0,0,1,2019-05-29 00:00:00.0000000,2019-05-29 00:00:00.0000000,NULL,NULL,NULL,NULL,1,,1,1
40,734553,0.754208326,0,0,754208326,0,0,1,2019-06-14 00:00:00.0000000,2019-06-14 00:00:00.0000000,NULL,NULL,NULL,NULL,1,,1,1
40,431338,0.58396922,71888.8023,0,58396922,0,71888,8023,74,2019-08-27 00:00:00.0000000,2018-10-01 00:00:00.0000000,57,2020-09-23 00:00:00.0000000,2019-11-13 00:00:00.0000000,,0,0,1
40,435407,0.950206905,10788.47396,0,950206905,0,10788,47396,15,2019-07-29 00:00:00.0000000,2018-10-18 00:00:00.0000000,6,2020-09-07 00:00:00.0000000,2019-10-07 00:00:00.0000000,,0,0,1
40,747418,0.345474084,508.3011509,0,345474084,1,508,3011509,2,2019-04-17 00:00:00.0000000,2019-04-12 00:00:00.0000000,NULL,NULL,NULL,,1,1,1
40,503107,0.986114126,1655.028114,0,986114126,0,1655,28114,5,2019-09-02 00:00:00.0000000,2018-11-08 00:00:00.0000000,5,2020-05-18 00:00:00.0000000,2020-01-13 00:00:00.0000000,,0,0,1
40,432325,0.012171554,71.66446293,0,12171554,1,71,66446293,5,2018-11-23 00:00:00.0000000,2018-10-11 00:00:00.0000000,2,2019-11-13 00:00:00.0000000,2019-11-04 00:00:00.0000000,,0,0,1
40,713430,0.998729394,29560.81571,0,998729394,0,29560,81571,35,2019-09-30 00:00:00.0000000,2018-10-24 00:00:00.0000000,50,2020-09-30 00:00:00.0000000,2019-10-01 00:00:00.0000000,,0,0,1
40,745305,0.588059771,19248.00626,0,588059771,0,19248,626,5,2019-04-22 00:00:00.0000000,2019-01-16 00:00:00.0000000,NULL,NULL,NULL,,1,1,1
40,647456,0.997301416,24528.5156,0,997301416,0,24528,5156,20,2019-09-27 00:00:00.0000000,2018-11-27 00:00:00.0000000,14,2020-07-22 00:00:00.0000000,2019-10-09 00:00:00.0000000,,0,0,1
40,608995,0.976619833,5703.445102,0,976619833,0,5703,445102,10,2019-08-02 00:00:00.0000000,2018-10-01 00:00:00.0000000,9,2020-09-04 00:00:00.0000000,2019-10-14 00:00:00.0000000,,0,0,1
40,654498,0.9778568,60225.75239,0,9778568,0,60225,75239,62,2019-09-10 00:00:00.0000000,2018-10-05 00:00:00.0000000,61,2020-09-21 00:00:00.0000000,2019-10-03 00:00:00.0000000,,0,0,1
40,558773,0.785609151,0,0,785609151,0,0,1,2019-07-15 00:00:00.0000000,2019-07-15 00:00:00.0000000,4,2020-09-14 00:00:00.0000000,2019-11-29 00:00:00.0000000,NULL,0,,0,1
40,706292,0.776787849,468.169254,0,776787849,0,468,169254,2,2019-01-21 00:00:00.0000000,2018-11-19 00:00:00.0000000,1,2020-09-21 00:00:00.0000000,2020-09-21 00:00:00.0000000,,0,0,1
40,422791,0.976933479,3089.867093,0,976933479,0,3089,867093,8,2019-08-05 00:00:00.0000000,2018-11-12 00:00:00.0000000,2,2020-04-15 00:00:00.0000000,2019-12-11 00:00:00.0000000,,0,0,1
40,426646,0.999631475,1164573.566,0,999631475,0,1164573,566,120,2019-09-30 00:00:00.0000000,2018-10-02 00:00:00.0000000,113,2020-09-30 00:00:00.0000000,2019-10-01 00:00:00.0000000,,0,0,1
40,422519,0.975650732,50398.14398,0,975650732,0,50398,14398,41,2019-09-04 00:00:00.0000000,2018-10-22 00:00:00.0000000,23,2020-09-28 00:00:00.0000000,2019-10-01 00:00:00.0000000,,0,0,1
40,430774,0.996519391,12342.55733,0,996519391,0,12342,55733,17,2019-09-24 00:00:00.0000000,2018-10-11 00:00:00.0000000,3,2020-01-22 00:00:00.0000000,2019-10-09 00:00:00.0000000,,0,0,1
40,669094,0.998764961,23965.76769,0,998764961,0,23965,76769,36,2019-09-30 00:00:00.0000000,2018-10-30 00:00:00.0000000,49,2020-09-28 00:00:00.0000000,2019-10-08 00:00:00.0000000,,0,0,1
40,565056,0.997481275,12816.82956,0,997481275,0,12816,82956,28,2019-09-24 00:00:00.0000000,2018-10-09 00:00:00.0000000,45,2020-09-23 00:00:00.0000000,2019-10-09 00:00:00.0000000,,0,0,1
40,448063,0.608828525,3976.273127,0,608828525,0,3976,273127,4,2019-02-27 00:00:00.0000000,2018-11-21 00:00:00.0000000,2,2020-09-28 00:00:00.0000000,2020-06-10 00:00:00.0000000,,0,0,1
40,432409,0.997556023,94342.98115,0,997556023,0,94342,98115,75,2019-09-23 00:00:00.0000000,2018-10-01 00:00:00.0000000,63,2020-09-21 00:00:00.0000000,2019-10-08 00:00:00.0000000,,0,0,1
40,676689,0.985192977,7503.515594,0,985192977,0,7503,515594,15,2019-08-26 00:00:00.0000000,2018-11-06 00:00:00.0000000,14,2020-04-23 00:00:00.0000000,2019-11-22 00:00:00.0000000,,0,0,1
40,655569,0.940501892,9507.790257,0,940501892,0,9507,790257,19,2019-08-02 00:00:00.0000000,2018-10-08 00:00:00.0000000,7,2020-06-23 00:00:00.0000000,2019-10-22 00:00:00.0000000,,0,0,1
40,740260,0.998319729,115336.3024,0,998319729,0,115336,3024,58,2019-09-25 00:00:00.0000000,2018-10-04 00:00:00.0000000,51,2020-07-13 00:00:00.0000000,2019-10-01 00:00:00.0000000,,0,0,1
40,745656,0.991739487,99.69583365,0,991739487,0,99,69583365,7,2019-09-23 00:00:00.0000000,2019-03-19 00:00:00.0000000,13,2020-09-22 00:00:00.0000000,2019-10-30 00:00:00.0000000,,0,0,1
40,434409,0.996489195,7249.01345,0,996489195,0,7249,1345,15,2019-09-26 00:00:00.0000000,2018-10-03 00:00:00.0000000,31,2020-09-24 00:00:00.0000000,2019-10-07 00:00:00.0000000,,0,0,1
40,514427,0.999811224,2860608.11,0,999811224,0,2860608,11,234,2019-09-30 00:00:00.0000000,2018-10-02 00:00:00.0000000,204,2020-09-30 00:00:00.0000000,2019-10-01 00:00:00.0000000,,0,0,1
40,426121,0.359570455,7471.47506,0,359570455,1,7471,47506,2,2019-04-10 00:00:00.0000000,2019-04-04 00:00:00.0000000,NULL,NULL,NULL,,1,1,1
40,522047,0.994928552,19981.93248,0,994928552,0,19981,93248,20,2019-09-16 00:00:00.0000000,2018-10-31 00:00:00.0000000,18,2020-08-25 00:00:00.0000000,2019-10-10 00:00:00.0000000,,0,0,1
40,435569,0.998898739,2558698.788,0,998898739,0,2558698,788,195,2019-09-27 00:00:00.0000000,2018-10-01 00:00:00.0000000,197,2020-09-30 00:00:00.0000000,2019-10-01 00:00:00.0000000,,0,0,1
40,425429,0.987331092,3191.101478,0,987331092,0,3191,101478,8,2019-08-30 00:00:00.0000000,2018-12-03 00:00:00.0000000,3,2020-04-20 00:00:00.0000000,2019-11-12 00:00:00.0000000,,0,0,1
40,425641,0.98784803,1121.490612,0,98784803,0,1121,490612,5,2019-09-09 00:00:00.0000000,2018-10-01 00:00:00.0000000,3,2020-09-11 00:00:00.0000000,2020-04-14 00:00:00.0000000,,0,0,1
40,593913,0.991115508,324843.3949,0,991115508,0,324843,3949,8,2019-09-09 00:00:00.0000000,2018-10-04 00:00:00.0000000,13,2020-08-25 00:00:00.0000000,2019-10-23 00:00:00.0000000,,0,0,1
40,734598,0.941893198,26743.60151,0,941893198,0,26743,60151,2,2019-06-19 00:00:00.0000000,2019-02-04 00:00:00.0000000,5,2020-09-01 00:00:00.0000000,2019-12-30 00:00:00.0000000,,0,0,1
40,655534,0.909117226,2199.170289,0,909117226,0,2199,170289,8,2019-06-13 00:00:00.0000000,2018-10-25 00:00:00.0000000,9,2020-09-30 00:00:00.0000000,2020-03-26 00:00:00.0000000,,0,0,1
40,533956,0.885390297,282.9679159,0,885390297,0,282,9679159,2,2019-02-19 00:00:00.0000000,2018-10-23 00:00:00.0000000,2,2020-06-08 00:00:00.0000000,2020-06-06 00:00:00.0000000,,0,0,1
40,695793,0.99678527,348563.4272,0,99678527,0,348563,4272,14,2019-09-30 00:00:00.0000000,2018-10-05 00:00:00.0000000,34,2020-09-08 00:00:00.0000000,2019-10-09 00:00:00.0000000,,0,0,1
40,730916,0.991109711,2510.503867,0,991109711,0,2510,503867,8,2019-09-10 00:00:00.0000000,2018-10-22 00:00:00.0000000,20,2020-09-30 00:00:00.0000000,2019-10-11 00:00:00.0000000,,0,0,1
40,670184,0.621812512,0,0,621812512,0,0,1,2018-10-24 00:00:00.0000000,2018-10-24 00:00:00.0000000,NULL,NULL,NULL,NULL,1,,1,1
40,426803,0.99348445,35998.85176,0,99348445,0,35998,85176,8,2019-09-24 00:00:00.0000000,2018-10-26 00:00:00.0000000,5,2020-09-21 00:00:00.0000000,2020-01-09 00:00:00.0000000,,0,0,1
40,713188,0.994969606,9558.396669,0,994969606,0,9558,396669,11,2019-09-23 00:00:00.0000000,2018-10-02 00:00:00.0000000,4,2019-11-08 00:00:00.0000000,2019-10-10 00:00:00.0000000,,0,0,1
40,678980,0.99528417,3977.834596,0,99528417,0,3977,834596,24,2019-09-16 00:00:00.0000000,2018-10-11 00:00:00.0000000,7,2020-07-06 00:00:00.0000000,2019-10-07 00:00:00.0000000,,0,0,1
40,424889,0.795158513,2098.91046,0,795158513,0,2098,91046,13,2019-06-18 00:00:00.0000000,2018-10-13 00:00:00.0000000,12,2020-09-09 00:00:00.0000000,2019-11-06 00:00:00.0000000,,0,0,1
40,537059,0.990437387,8971.350119,0,990437387,0,8971,350119,16,2019-09-03 00:00:00.0000000,2018-10-17 00:00:00.0000000,5,2019-12-30 00:00:00.0000000,2019-10-07 00:00:00.0000000,,0,0,1
40,433306,0.908012859,265.9222725,0,908012859,0,265,9222725,2,2019-03-21 00:00:00.0000000,2018-11-07 00:00:00.0000000,NULL,NULL,NULL,,1,1,1
40,551975,0.997114464,7478.189706,0,997114464,0,7478,189706,22,2019-09-24 00:00:00.0000000,2018-10-01 00:00:00.0000000,9,2020-05-14 00:00:00.0000000,2019-11-08 00:00:00.0000000,,0,0,1
40,430077,0.999651832,164347.9086,0,999651832,0,164347,9086,127,2019-09-30 00:00:00.0000000,2018-10-02 00:00:00.0000000,185,2020-09-30 00:00:00.0000000,2019-10-01 00:00:00.0000000,,0,0,1
40,744588,0.709960835,2470.301692,0,709960835,0,2470,301692,9,2019-06-28 00:00:00.0000000,2019-02-14 00:00:00.0000000,5,2020-05-25 00:00:00.0000000,2019-10-28 00:00:00.0000000,,0,0,1
40,731873,0.998800301,173533.0492,0,998800301,0,173533,492,61,2019-09-27 00:00:00.0000000,2018-10-08 00:00:00.0000000,52,2020-09-29 00:00:00.0000000,2019-10-03 00:00:00.0000000,,0,0,1
40,701401,0.996527847,33861.83801,0,996527847,0,33861,83801,19,2019-09-24 00:00:00.0000000,2018-12-21 00:00:00.0000000,10,2020-06-15 00:00:00.0000000,2019-12-03 00:00:00.0000000,,0,0,1
40,699674,0.999491247,104204.6328,0,999491247,0,104204,6328,87,2019-09-30 00:00:00.0000000,2018-10-01 00:00:00.0000000,57,2020-09-30 00:00:00.0000000,2019-10-01 00:00:00.0000000,,0,0,1
40,435761,0.275215351,173.3722039,0,275215351,1,173,3722039,2,2019-01-11 00:00:00.0000000,2019-01-03 00:00:00.0000000,NULL,NULL,NULL,,1,1,1
40,430291,0.968723998,5291.819521,0,968723998,0,5291,819521,5,2019-07-11 00:00:00.0000000,2018-10-29 00:00:00.0000000,2,2020-08-31 00:00:00.0000000,2020-01-08 00:00:00.0000000,,0,0,1
40,743204,0.364795292,1878.08998,0,364795292,1,1878,8998,2,2019-05-10 00:00:00.0000000,2019-05-06 00:00:00.0000000,8,2020-06-19 00:00:00.0000000,2020-02-28 00:00:00.0000000,,0,0,1
40,620478,0.150577755,271.8696819,0,150577755,1,271,8696819,2,2019-01-18 00:00:00.0000000,2019-01-16 00:00:00.0000000,6,2020-06-03 00:00:00.0000000,2020-02-17 00:00:00.0000000,,0,0,1
40,464257,0.790220413,0,0,790220413,0,0,1,2019-07-19 00:00:00.0000000,2019-07-19 00:00:00.0000000,NULL,NULL,NULL,NULL,1,,1,1
40,434486,0.997694425,42037.79406,0,997694425,0,42037,79406,29,2019-09-25 00:00:00.0000000,2018-10-18 00:00:00.0000000,9,2020-02-28 00:00:00.0000000,2019-10-10 00:00:00.0000000,,0,0,1
40,428793,0.769249763,760.1430579,0,769249763,0,760,1430579,5,2019-04-02 00:00:00.0000000,2018-10-31 00:00:00.0000000,NULL,NULL,NULL,,1,1,1
40,734863,0.768497228,136.5830942,0,768497228,0,136,5830942,3,2019-02-11 00:00:00.0000000,2018-10-31 00:00:00.0000000,1,2019-12-09 00:00:00.0000000,2019-12-09 00:00:00.0000000,,0,0,1
40,432567,0.992686508,9923.729364,0,992686508,0,9923,729364,10,2019-09-12 00:00:00.0000000,2018-10-04 00:00:00.0000000,4,2020-06-16 00:00:00.0000000,2019-10-24 00:00:00.0000000,,0,0,1
40,599845,0.00455864,18.1823215,0,455864,1,18,1823215,12,2019-03-14 00:00:00.0000000,2018-11-14 00:00:00.0000000,25,2020-09-30 00:00:00.0000000,2019-11-05 00:00:00.0000000,,0,0,1
40,719266,0.980986219,12360.0066,0,980986219,0,12360,66,3,2019-09-16 00:00:00.0000000,2019-02-22 00:00:00.0000000,2,2020-05-28 00:00:00.0000000,2020-02-03 00:00:00.0000000,,0,0,1
40,426606,0.755371848,111028.439,0,755371848,0,111028,439,38,2019-08-12 00:00:00.0000000,2018-10-19 00:00:00.0000000,15,2020-08-25 00:00:00.0000000,2019-10-14 00:00:00.0000000,,0,0,1
40,724853,0.687191674,0,0,687191674,0,0,1,2019-03-13 00:00:00.0000000,2019-03-13 00:00:00.0000000,NULL,NULL,NULL,NULL,1,,1,1
40,623792,0.996025091,7924.482315,0,996025091,0,7924,482315,13,2019-09-26 00:00:00.0000000,2018-10-03 00:00:00.0000000,1,2019-12-11 00:00:00.0000000,2019-12-11 00:00:00.0000000,,0,0,1
40,714693,0.974779485,9035.185213,0,974779485,0,9035,185213,3,2019-08-08 00:00:00.0000000,2018-11-13 00:00:00.0000000,5,2020-04-01 00:00:00.0000000,2019-10-02 00:00:00.0000000,,0,0,1
40,423465,0.99869357,102200.04,0,99869357,0,102200,4,95,2019-09-26 00:00:00.0000000,2018-10-03 00:00:00.0000000,105,2020-09-30 00:00:00.0000000,2019-10-03 00:00:00.0000000,,0,0,1
40,464566,0.699935038,0,0,699935038,0,0,1,2019-04-03 00:00:00.0000000,2019-04-03 00:00:00.0000000,NULL,NULL,NULL,NULL,1,,1,1
40,651232,0.994921383,49441.38862,0,994921383,0,49441,38862,40,2019-09-16 00:00:00.0000000,2018-10-01 00:00:00.0000000,32,2020-09-28 00:00:00.0000000,2019-10-09 00:00:00.0000000,,0,0,1
40,660153,0.994655768,4391.483689,0,994655768,0,4391,483689,12,2019-09-19 00:00:00.0000000,2018-10-05 00:00:00.0000000,19,2020-06-29 00:00:00.0000000,2019-10-07 00:00:00.0000000,,0,0,1
40,524113,0.998563976,14207.87027,0,998563976,0,14207,87027,31,2019-09-30 00:00:00.0000000,2018-10-04 00:00:00.0000000,42,2020-09-28 00:00:00.0000000,2019-10-04 00:00:00.0000000,,0,0,1
40,687775,0.999810413,2282094.114,0,999810413,0,2282094,114,233,2019-09-30 00:00:00.0000000,2018-10-02 00:00:00.0000000,202,2020-09-30 00:00:00.0000000,2019-10-01 00:00:00.0000000,,0,0,1
40,431988,0.987718716,6841.295196,0,987718716,0,6841,295196,7,2019-09-09 00:00:00.0000000,2019-02-20 00:00:00.0000000,7,2020-09-17 00:00:00.0000000,2019-10-03 00:00:00.0000000,,0,0,1
40,433254,0.982645358,6202.086988,0,982645358,0,6202,86988,3,2019-09-20 00:00:00.0000000,2018-10-03 00:00:00.0000000,5,2020-09-21 00:00:00.0000000,2020-02-28 00:00:00.0000000,,0,0,1
40,679097,0.642548356,0,0,642548356,0,0,1,2018-12-14 00:00:00.0000000,2018-12-14 00:00:00.0000000,NULL,NULL,NULL,NULL,1,,1,1
40,657984,0.185124277,21.77175974,0,185124277,1,21,77175974,3,2019-03-06 00:00:00.0000000,2019-02-14 00:00:00.0000000,NULL,NULL,NULL,,1,1,1
40,497602,0.638255662,0,0,638255662,0,0,1,2018-12-04 00:00:00.0000000,2018-12-04 00:00:00.0000000,NULL,NULL,NULL,NULL,1,,1,1
40,722208,0.999208224,15374.49293,0,999208224,0,15374,49293,56,2019-09-30 00:00:00.0000000,2018-10-04 00:00:00.0000000,37,2020-09-16 00:00:00.0000000,2019-10-01 00:00:00.0000000,,0,0,1
40,432272,0.630818813,0,0,630818813,0,0,1,2018-11-16 00:00:00.0000000,2018-11-16 00:00:00.0000000,NULL,NULL,NULL,NULL,1,,1,1
40,718566,0.713843951,0,0,713843951,0,0,1,2019-04-24 00:00:00.0000000,2019-04-24 00:00:00.0000000,1,2020-04-24 00:00:00.0000000,2020-04-24 00:00:00.0000000,NULL,0,,0,1
40,495376,0.94825152,2572.124681,0,94825152,0,2572,124681,3,2019-06-03 00:00:00.0000000,2018-11-22 00:00:00.0000000,3,2020-08-06 00:00:00.0000000,2020-03-19 00:00:00.0000000,,0,0,1
40,601236,0.988993874,5599.695812,0,988993874,0,5599,695812,11,2019-08-28 00:00:00.0000000,2018-10-03 00:00:00.0000000,1,2020-06-30 00:00:00.0000000,2020-06-30 00:00:00.0000000,,0,0,1
40,739831,0.990677577,62801.4029,0,990677577,0,62801,4029,23,2019-09-05 00:00:00.0000000,2018-10-01 00:00:00.0000000,20,2020-09-28 00:00:00.0000000,2019-10-04 00:00:00.0000000,,0,0,1
40,424422,0.097308484,9.094427107,0,97308484,1,9,94427107,2,2018-11-22 00:00:00.0000000,2018-11-21 00:00:00.0000000,NULL,NULL,NULL,,1,1,1
40,424084,0.972776691,4309.234073,0,972776691,0,4309,234073,8,2019-07-29 00:00:00.0000000,2018-11-07 00:00:00.0000000,2,2020-07-03 00:00:00.0000000,2019-12-05 00:00:00.0000000,,0,0,1
40,701834,0.914893064,30824.11294,0,914893064,0,30824,11294,4,2019-06-12 00:00:00.0000000,2019-01-28 00:00:00.0000000,NULL,NULL,NULL,,1,1,1
40,721071,0.999615414,1653113.206,0,999615414,0,1653113,206,115,2019-09-30 00:00:00.0000000,2018-10-01 00:00:00.0000000,99,2020-09-30 00:00:00.0000000,2019-10-02 00:00:00.0000000,,0,0,1
40,717566,0.669367849,2899.917468,0,669367849,0,2899,917468,6,2019-04-26 00:00:00.0000000,2018-12-12 00:00:00.0000000,NULL,NULL,NULL,,1,1,1
40,696302,0.97862412,1267.03125,0,97862412,0,1267,3125,4,2019-08-20 00:00:00.0000000,2019-01-15 00:00:00.0000000,NULL,NULL,NULL,,1,1,1
40,672520,0.62411143,0,0,62411143,0,0,1,2018-10-30 00:00:00.0000000,2018-10-30 00:00:00.0000000,1,2020-04-28 00:00:00.0000000,2020-04-28 00:00:00.0000000,X,0,,0,1
40,435492,0.999485312,42591.10073,0,999485312,0,42591,10073,86,2019-09-30 00:00:00.0000000,2018-10-04 00:00:00.0000000,67,2020-09-23 00:00:00.0000000,2019-10-02 00:00:00.0000000,,0,0,1
40,589173,0.975887314,34242.96784,0,975887314,0,34242,96784,7,2019-08-06 00:00:00.0000000,2018-11-27 00:00:00.0000000,6,2020-03-06 00:00:00.0000000,2019-10-09 00:00:00.0000000,,0,0,1
40,728515,0.959480542,489.7526856,0,959480542,0,489,7526856,3,2019-07-26 00:00:00.0000000,2019-03-06 00:00:00.0000000,3,2020-01-28 00:00:00.0000000,2019-10-15 00:00:00.0000000,,0,0,1
40,681184,0.999725484,622932.3723,0,999725484,0,622932,3723,161,2019-09-30 00:00:00.0000000,2018-10-03 00:00:00.0000000,150,2020-09-30 00:00:00.0000000,2019-10-01 00:00:00.0000000,,0,0,1
40,719262,0.980267422,5982.945319,0,980267422,0,5982,945319,7,2019-08-30 00:00:00.0000000,2019-03-22 00:00:00.0000000,18,2020-06-09 00:00:00.0000000,2019-10-17 00:00:00.0000000,,0,0,1
40,722350,0.572187011,96260.90085,0,572187011,0,96260,90085,2,2019-06-13 00:00:00.0000000,2019-06-05 00:00:00.0000000,NULL,NULL,NULL,,1,1,1
40,435341,0.632440587,0,0,632440587,0,0,1,2018-11-20 00:00:00.0000000,2018-11-20 00:00:00.0000000,1,2020-03-13 00:00:00.0000000,2020-03-13 00:00:00.0000000,NULL,0,,0,1
40,668594,0.989026805,10737.63336,0,989026805,0,10737,63336,5,2019-09-25 00:00:00.0000000,2019-05-17 00:00:00.0000000,16,2020-09-15 00:00:00.0000000,2019-10-14 00:00:00.0000000,,0,0,1
40,704019,0.976769308,381859.9769,0,976769308,0,381859,9769,38,2019-09-02 00:00:00.0000000,2018-10-08 00:00:00.0000000,12,2020-08-28 00:00:00.0000000,2019-10-01 00:00:00.0000000,,0,0,1
40,707693,0.670651523,0,0,670651523,0,0,1,2019-02-11 00:00:00.0000000,2019-02-11 00:00:00.0000000,NULL,NULL,NULL,NULL,1,,1,1
40,422751,0.897557346,21215.20648,0,897557346,0,21215,20648,16,2019-07-18 00:00:00.0000000,2018-10-22 00:00:00.0000000,1,2019-11-18 00:00:00.0000000,2019-11-18 00:00:00.0000000,,0,0,1
40,620613,0.805322984,1688.101771,0,805322984,0,1688,101771,4,2019-03-28 00:00:00.0000000,2018-11-14 00:00:00.0000000,NULL,NULL,NULL,,1,1,1
40,730636,0.993404599,17175.90249,0,993404599,0,17175,90249,14,2019-09-11 00:00:00.0000000,2018-10-05 00:00:00.0000000,31,2020-09-25 00:00:00.0000000,2019-10-07 00:00:00.0000000,,0,0,1
40,745340,0.67596911,0,0,67596911,0,0,1,2019-02-21 00:00:00.0000000,2019-02-21 00:00:00.0000000,NULL,NULL,NULL,X,1,,1,1
40,447017,0.759491605,451.8370614,0,759491605,0,451,8370614,4,2019-04-15 00:00:00.0000000,2018-12-31 00:00:00.0000000,3,2020-05-04 00:00:00.0000000,2019-10-25 00:00:00.0000000,,0,0,1
40,669521,0.939800306,2431.942032,0,939800306,0,2431,942032,11,2019-07-08 00:00:00.0000000,2018-10-04 00:00:00.0000000,16,2020-09-29 00:00:00.0000000,2019-10-17 00:00:00.0000000,,0,0,1
40,733820,0.997652218,31410.40193,0,997652218,0,31410,40193,65,2019-09-23 00:00:00.0000000,2018-10-03 00:00:00.0000000,53,2020-09-28 00:00:00.0000000,2019-10-14 00:00:00.0000000,,0,0,1
40,432631,0.975816983,2948.58996,0,975816983,0,2948,58996,6,2019-07-23 00:00:00.0000000,2018-10-05 00:00:00.0000000,11,2020-08-19 00:00:00.0000000,2019-10-01 00:00:00.0000000,,0,0,1
40,731966,0.994410863,41980.9124,0,994410863,0,41980,9124,18,2019-09-19 00:00:00.0000000,2019-02-05 00:00:00.0000000,9,2020-05-28 00:00:00.0000000,2019-10-04 00:00:00.0000000,,0,0,1
40,680925,0.638713399,358.8678171,0,638713399,0,358,8678171,2,2018-12-31 00:00:00.0000000,2018-11-23 00:00:00.0000000,NULL,NULL,NULL,,1,1,1
40,678898,0.9955774,1358.990747,0,9955774,0,1358,990747,13,2019-09-23 00:00:00.0000000,2018-10-08 00:00:00.0000000,18,2020-09-21 00:00:00.0000000,2019-10-15 00:00:00.0000000,,0,0,1
40,424042,0.999843388,6049243.902,0,999843388,0,6049243,902,282,2019-09-30 00:00:00.0000000,2018-10-01 00:00:00.0000000,265,2020-09-30 00:00:00.0000000,2019-10-01 00:00:00.0000000,,0,0,1
40,659687,0.75883106,0,0,75883106,0,0,1,2019-06-19 00:00:00.0000000,2019-06-19 00:00:00.0000000,NULL,NULL,NULL,NULL,1,,1,1
40,608977,0.999446577,355511.315,0,999446577,0,355511,315,80,2019-09-30 00:00:00.0000000,2018-10-01 00:00:00.0000000,117,2020-09-30 00:00:00.0000000,2019-10-07 00:00:00.0000000,,0,0,1
40,426536,0.705536603,983.6654467,0,705536603,0,983,6654467,4,2019-02-19 00:00:00.0000000,2018-10-18 00:00:00.0000000,NULL,NULL,NULL,,1,1,1
40,435979,0.850696192,5625.116558,0,850696192,0,5625,116558,9,2019-06-28 00:00:00.0000000,2019-01-02 00:00:00.0000000,8,2020-05-05 00:00:00.0000000,2019-11-12 00:00:00.0000000,,0,0,1
40,726295,0.993310244,11102.83521,0,993310244,0,11102,83521,12,2019-09-13 00:00:00.0000000,2018-10-23 00:00:00.0000000,3,2020-05-19 00:00:00.0000000,2019-10-02 00:00:00.0000000,,0,0,1
40,678058,0.999748917,4554389.109,0,999748917,0,4554389,109,176,2019-09-30 00:00:00.0000000,2018-10-04 00:00:00.0000000,153,2020-09-30 00:00:00.0000000,2019-10-01 00:00:00.0000000,,0,0,1
40,566439,0.56058862,539547.601,0,56058862,0,539547,601,2,2019-07-26 00:00:00.0000000,2019-07-24 00:00:00.0000000,NULL,NULL,NULL,,1,1,1
40,703205,0.99066172,2558.91395,0,99066172,0,2558,91395,5,2019-09-30 00:00:00.0000000,2018-11-08 00:00:00.0000000,8,2020-09-09 00:00:00.0000000,2020-03-11 00:00:00.0000000,,0,0,1
40,749709,0.895327439,0,0,895327439,0,0,1,2019-09-18 00:00:00.0000000,2019-09-18 00:00:00.0000000,8,2020-02-05 00:00:00.0000000,2019-10-10 00:00:00.0000000,NULL,0,,0,1
40,623375,0.995685614,12967.25993,0,995685614,0,12967,25993,24,2019-09-17 00:00:00.0000000,2018-10-02 00:00:00.0000000,67,2020-08-11 00:00:00.0000000,2019-10-03 00:00:00.0000000,,0,0,1
40,677244,0.873628303,17952.71954,0,873628303,0,17952,71954,3,2019-09-04 00:00:00.0000000,2019-08-22 00:00:00.0000000,3,2020-02-19 00:00:00.0000000,2019-12-27 00:00:00.0000000,,0,0,1
40,739858,0.621812512,0,0,621812512,0,0,1,2018-10-24 00:00:00.0000000,2018-10-24 00:00:00.0000000,NULL,NULL,NULL,NULL,1,,1,1
40,712627,0.703091091,4013.861975,0,703091091,0,4013,861975,2,2019-05-08 00:00:00.0000000,2019-04-15 00:00:00.0000000,1,2020-01-24 00:00:00.0000000,2020-01-24 00:00:00.0000000,,0,0,1
40,676011,0.99869688,553919.5258,0,99869688,0,553919,5258,85,2019-09-26 00:00:00.0000000,2018-10-01 00:00:00.0000000,113,2020-09-29 00:00:00.0000000,2019-10-01 00:00:00.0000000,,0,0,1
40,424567,0.98885363,10125.50639,0,98885363,0,10125,50639,6,2019-09-13 00:00:00.0000000,2019-01-17 00:00:00.0000000,14,2020-09-22 00:00:00.0000000,2019-10-08 00:00:00.0000000,,0,0,1
40,721354,0.999570488,519505.554,0,999570488,0,519505,554,103,2019-09-30 00:00:00.0000000,2018-10-01 00:00:00.0000000,107,2020-09-30 00:00:00.0000000,2019-10-02 00:00:00.0000000,,0,0,1
40,707525,0.974597382,10531.5722,0,974597382,0,10531,5722,9,2019-07-29 00:00:00.0000000,2018-10-09 00:00:00.0000000,4,2020-07-29 00:00:00.0000000,2020-02-26 00:00:00.0000000,,0,0,1
40,608944,0.969677518,8312.572647,0,969677518,0,8312,572647,19,2019-08-13 00:00:00.0000000,2018-10-02 00:00:00.0000000,11,2020-09-15 00:00:00.0000000,2019-10-30 00:00:00.0000000,,0,0,1
40,539190,0.999812826,1599986.048,0,999812826,0,1599986,48,236,2019-09-30 00:00:00.0000000,2018-10-02 00:00:00.0000000,199,2020-09-30 00:00:00.0000000,2019-10-01 00:00:00.0000000,,0,0,1
40,743716,0.404776681,371.4776756,0,404776681,1,371,4776756,4,2019-02-12 00:00:00.0000000,2018-11-30 00:00:00.0000000,1,2020-02-24 00:00:00.0000000,2020-02-24 00:00:00.0000000,,0,0,1
40,426179,0.99456874,21131.11952,0,99456874,0,21131,11952,13,2019-09-18 00:00:00.0000000,2018-10-31 00:00:00.0000000,NULL,NULL,NULL,,1,1,1
40,649432,0.998202271,18327.23968,0,998202271,0,18327,23968,29,2019-09-28 00:00:00.0000000,2018-10-08 00:00:00.0000000,19,2020-09-02 00:00:00.0000000,2019-10-29 00:00:00.0000000,,0,0,1
40,563504,2.35E-06,0.366307659,2,3.50E-05,1,0,366307659,8,2018-10-31 00:00:00.0000000,2018-10-04 00:00:00.0000000,13,2020-09-17 00:00:00.0000000,2020-03-25 00:00:00.0000000,,0,0,1
40,589752,0.999690863,456700.3118,0,999690863,0,456700,3118,143,2019-09-30 00:00:00.0000000,2018-10-01 00:00:00.0000000,137,2020-09-30 00:00:00.0000000,2019-10-01 00:00:00.0000000,,0,0,1
40,533448,0.996876065,15682.49343,0,996876065,0,15682,49343,20,2019-09-24 00:00:00.0000000,2018-10-18 00:00:00.0000000,27,2020-09-21 00:00:00.0000000,2019-10-21 00:00:00.0000000,,0,0,1
40,427397,0.961527291,2382.487765,0,961527291,0,2382,487765,5,2019-06-26 00:00:00.0000000,2018-10-18 00:00:00.0000000,15,2020-09-30 00:00:00.0000000,2019-10-17 00:00:00.0000000,,0,0,1
40,698692,0.745379919,0,0,745379919,0,0,1,2019-06-04 00:00:00.0000000,2019-06-04 00:00:00.0000000,NULL,NULL,NULL,NULL,1,,1,1
40,431973,0.999803664,1600865.924,0,999803664,0,1600865,924,225,2019-09-30 00:00:00.0000000,2018-10-02 00:00:00.0000000,201,2020-09-30 00:00:00.0000000,2019-10-01 00:00:00.0000000,,0,0,1
40,575798,0.999811224,1659163.203,0,999811224,0,1659163,203,234,2019-09-30 00:00:00.0000000,2018-10-02 00:00:00.0000000,198,2020-09-30 00:00:00.0000000,2019-10-01 00:00:00.0000000,,0,0,1
40,740182,0.936246923,13191.24445,0,936246923,0,13191,24445,20,2019-08-02 00:00:00.0000000,2018-10-03 00:00:00.0000000,5,2020-09-07 00:00:00.0000000,2019-10-08 00:00:00.0000000,,0,0,1
40,425329,0.996737852,27987.85841,0,996737852,0,27987,85841,38,2019-09-20 00:00:00.0000000,2018-10-01 00:00:00.0000000,35,2020-09-24 00:00:00.0000000,2019-10-04 00:00:00.0000000,,0,0,1
40,422798,0.9989721,119389.2089,0,9989721,0,119389,2089,87,2019-09-27 00:00:00.0000000,2018-10-01 00:00:00.0000000,47,2020-09-14 00:00:00.0000000,2019-10-01 00:00:00.0000000,,0,0,1
40,705360,0.998358625,434803.3205,0,998358625,0,434803,3205,65,2019-09-25 00:00:00.0000000,2018-10-02 00:00:00.0000000,26,2020-09-14 00:00:00.0000000,2019-10-01 00:00:00.0000000,,0,0,1
40,720258,0.857620471,0,0,857620471,0,0,1,2019-09-02 00:00:00.0000000,2019-09-02 00:00:00.0000000,NULL,NULL,NULL,NULL,1,,1,1
40,424924,0.996121458,4201.00495,0,996121458,0,4201,495,14,2019-09-25 00:00:00.0000000,2018-10-09 00:00:00.0000000,NULL,NULL,NULL,,1,1,1
40,431289,0.712419797,51977.64076,0,712419797,0,51977,64076,2,2019-07-09 00:00:00.0000000,2019-06-28 00:00:00.0000000,NULL,NULL,NULL,,1,1,1
40,712845,0.995356598,3627.552175,0,995356598,0,3627,552175,11,2019-09-26 00:00:00.0000000,2018-10-22 00:00:00.0000000,12,2020-09-17 00:00:00.0000000,2019-10-15 00:00:00.0000000,,0,0,1
40,734084,0.688360532,0,0,688360532,0,0,1,2019-03-15 00:00:00.0000000,2019-03-15 00:00:00.0000000,NULL,NULL,NULL,NULL,1,,1,1
40,589230,0.947367092,38021.06627,0,947367092,0,38021,6627,5,2019-07-01 00:00:00.0000000,2018-12-28 00:00:00.0000000,1,2019-12-17 00:00:00.0000000,2019-12-17 00:00:00.0000000,,0,0,1
40,741880,0.998284864,16118.4717,0,998284864,0,16118,4717,26,2019-09-30 00:00:00.0000000,2019-06-14 00:00:00.0000000,79,2020-09-23 00:00:00.0000000,2019-10-01 00:00:00.0000000,,0,0,1
40,432211,0.997235691,8995.193587,0,997235691,0,8995,193587,27,2019-09-23 00:00:00.0000000,2018-10-08 00:00:00.0000000,21,2020-09-23 00:00:00.0000000,2019-10-09 00:00:00.0000000,,0,0,1
40,660960,0.827834697,0,0,827834697,0,0,1,2019-08-16 00:00:00.0000000,2019-08-16 00:00:00.0000000,1,2020-04-06 00:00:00.0000000,2020-04-06 00:00:00.0000000,NULL,0,,0,1
40,552594,0.667035837,0,0,667035837,0,0,1,2019-02-04 00:00:00.0000000,2019-02-04 00:00:00.0000000,NULL,NULL,NULL,NULL,1,,1,1
40,432796,0.998889834,86528.8266,0,998889834,0,86528,8266,73,2019-09-27 00:00:00.0000000,2018-10-10 00:00:00.0000000,110,2020-09-29 00:00:00.0000000,2019-10-01 00:00:00.0000000,,0,0,1
40,676016,0.998347749,63290.70568,0,998347749,0,63290,70568,62,2019-09-25 00:00:00.0000000,2018-10-02 00:00:00.0000000,73,2020-09-30 00:00:00.0000000,2019-10-03 00:00:00.0000000,,0,0,1
40,566100,0.989185869,1254.017051,0,989185869,0,1254,17051,8,2019-09-05 00:00:00.0000000,2018-12-04 00:00:00.0000000,7,2020-09-30 00:00:00.0000000,2019-10-21 00:00:00.0000000,,0,0,1
40,432291,0.999446577,1141097.898,0,999446577,0,1141097,898,80,2019-09-30 00:00:00.0000000,2018-10-11 00:00:00.0000000,72,2020-09-30 00:00:00.0000000,2019-10-07 00:00:00.0000000,,0,0,1
40,432050,0.993942904,104495.8054,0,993942904,0,104495,8054,94,2019-09-20 00:00:00.0000000,2018-10-01 00:00:00.0000000,93,2020-09-28 00:00:00.0000000,2019-10-01 00:00:00.0000000,,0,0,1
40,617221,0.990938741,13741.20763,0,990938741,0,13741,20763,19,2019-09-05 00:00:00.0000000,2018-10-16 00:00:00.0000000,13,2020-09-30 00:00:00.0000000,2019-10-01 00:00:00.0000000,,0,0,1
40,632455,0.997677765,26517.82019,0,997677765,0,26517,82019,28,2019-09-25 00:00:00.0000000,2018-10-05 00:00:00.0000000,23,2020-09-15 00:00:00.0000000,2019-10-07 00:00:00.0000000,,0,0,1
40,631246,0.963365645,246.1125289,0,963365645,0,246,1125289,3,2019-07-23 00:00:00.0000000,2019-02-01 00:00:00.0000000,NULL,NULL,NULL,,1,1,1
40,428151,0.978830997,47858.38078,0,978830997,0,47858,38078,5,2019-08-07 00:00:00.0000000,2018-11-16 00:00:00.0000000,3,2019-10-25 00:00:00.0000000,2019-10-22 00:00:00.0000000,,0,0,1
40,588433,0.996102749,19051.21105,0,996102749,0,19051,21105,14,2019-09-25 00:00:00.0000000,2018-10-18 00:00:00.0000000,8,2020-09-24 00:00:00.0000000,2019-11-27 00:00:00.0000000,,0,0,1
40,715160,0.526796513,19.42479558,0,526796513,0,19,42479558,2,2018-11-29 00:00:00.0000000,2018-10-31 00:00:00.0000000,NULL,NULL,NULL,,1,1,1
40,433189,0.605110255,332.2544422,0,605110255,0,332,2544422,2,2019-05-27 00:00:00.0000000,2019-05-15 00:00:00.0000000,NULL,NULL,NULL,,1,1,1
40,714511,0.995851736,150293.4636,0,995851736,0,150293,4636,25,2019-09-18 00:00:00.0000000,2018-10-17 00:00:00.0000000,4,2020-01-21 00:00:00.0000000,2019-10-24 00:00:00.0000000,,0,0,1
40,551540,0.958625964,575.0395886,0,958625964,0,575,395886,2,2019-07-03 00:00:00.0000000,2018-11-14 00:00:00.0000000,1,2020-09-14 00:00:00.0000000,2020-09-14 00:00:00.0000000,,0,0,1
40,422744,0.919715115,419.7787573,0,919715115,0,419,7787573,2,2019-04-18 00:00:00.0000000,2018-12-03 00:00:00.0000000,1,2019-12-18 00:00:00.0000000,2019-12-18 00:00:00.0000000,,0,0,1
40,610651,0.99659539,11735.37804,0,99659539,0,11735,37804,15,2019-09-27 00:00:00.0000000,2018-10-29 00:00:00.0000000,14,2020-08-19 00:00:00.0000000,2019-10-21 00:00:00.0000000,,0,0,1
40,433742,0.994942976,3578.30232,0,994942976,0,3578,30232,9,2019-09-30 00:00:00.0000000,2018-10-23 00:00:00.0000000,12,2020-09-25 00:00:00.0000000,2019-10-23 00:00:00.0000000,,0,0,1
40,435636,0.997192425,7882.09174,0,997192425,0,7882,9174,20,2019-09-26 00:00:00.0000000,2018-10-26 00:00:00.0000000,20,2020-09-18 00:00:00.0000000,2019-10-21 00:00:00.0000000,,0,0,1
40,428441,0.875060789,19009.77264,0,875060789,0,19009,77264,3,2019-04-01 00:00:00.0000000,2018-11-21 00:00:00.0000000,3,2020-06-23 00:00:00.0000000,2020-06-08 00:00:00.0000000,,0,0,1
40,428796,0.807703062,0,0,807703062,0,0,1,2019-08-02 00:00:00.0000000,2019-08-02 00:00:00.0000000,7,2020-09-21 00:00:00.0000000,2020-02-22 00:00:00.0000000,NULL,0,,0,1
40,427805,0.734641132,0,0,734641132,0,0,1,2019-05-22 00:00:00.0000000,2019-05-22 00:00:00.0000000,NULL,NULL,NULL,NULL,1,,1,1
40,682929,0.966959404,1002.099044,0,966959404,0,1002,99044,2,2019-08-19 00:00:00.0000000,2019-01-09 00:00:00.0000000,2,2020-05-21 00:00:00.0000000,2020-05-19 00:00:00.0000000,,0,0,1
40,605796,0.987694214,6687.57596,0,987694214,0,6687,57596,5,2019-09-12 00:00:00.0000000,2018-12-07 00:00:00.0000000,6,2020-07-29 00:00:00.0000000,2019-10-31 00:00:00.0000000,,0,0,1
40,745916,0.668575007,0,0,668575007,0,0,1,2019-02-07 00:00:00.0000000,2019-02-07 00:00:00.0000000,NULL,NULL,NULL,NULL,1,,1,1
40,645491,0.999804534,1239017.273,0,999804534,0,1239017,273,226,2019-09-30 00:00:00.0000000,2018-10-02 00:00:00.0000000,199,2020-09-30 00:00:00.0000000,2019-10-01 00:00:00.0000000,,0,0,1
40,428828,0.984093487,1548.641767,0,984093487,0,1548,641767,4,2019-09-10 00:00:00.0000000,2019-01-31 00:00:00.0000000,6,2020-09-25 00:00:00.0000000,2020-02-18 00:00:00.0000000,,0,0,1
40,703080,0.005536923,96.40292603,0,5536923,1,96,40292603,14,2019-03-19 00:00:00.0000000,2018-10-19 00:00:00.0000000,NULL,NULL,NULL,,1,1,1
40,626019,0.011014021,25.19652518,0,11014021,1,25,19652518,4,2019-02-12 00:00:00.0000000,2019-01-29 00:00:00.0000000,2,2019-10-28 00:00:00.0000000,2019-10-24 00:00:00.0000000,,0,0,1
40,434978,0.96892952,2361.26397,0,96892952,0,2361,26397,9,2019-07-23 00:00:00.0000000,2018-10-15 00:00:00.0000000,16,2020-09-25 00:00:00.0000000,2019-10-04 00:00:00.0000000,,0,0,1
40,552123,0.99599363,10625.60508,0,99599363,0,10625,60508,13,2019-09-26 00:00:00.0000000,2018-10-23 00:00:00.0000000,10,2020-09-14 00:00:00.0000000,2019-10-08 00:00:00.0000000,,0,0,1
40,746514,0.872187138,6162.678958,0,872187138,0,6162,678958,2,2019-09-09 00:00:00.0000000,2019-09-05 00:00:00.0000000,NULL,NULL,NULL,,1,1,1
40,744849,0.499922749,865.0139258,0,499922749,1,865,139258,2,2019-01-18 00:00:00.0000000,2018-12-28 00:00:00.0000000,1,2020-05-26 00:00:00.0000000,2020-05-26 00:00:00.0000000,,0,0,1
40,632746,0.889101323,22739.16597,0,889101323,0,22739,16597,20,2019-07-31 00:00:00.0000000,2018-11-12 00:00:00.0000000,36,2020-09-17 00:00:00.0000000,2019-10-22 00:00:00.0000000,,0,0,1
40,654162,0.777888699,0,0,777888699,0,0,1,2019-07-08 00:00:00.0000000,2019-07-08 00:00:00.0000000,NULL,NULL,NULL,NULL,1,,1,1
40,719069,0.995267559,26393.2656,0,995267559,0,26393,2656,23,2019-09-16 00:00:00.0000000,2018-10-11 00:00:00.0000000,26,2020-09-23 00:00:00.0000000,2019-10-16 00:00:00.0000000,,0,0,1
40,572061,0.705740597,0,0,705740597,0,0,1,2019-04-12 00:00:00.0000000,2019-04-12 00:00:00.0000000,NULL,NULL,NULL,NULL,1,,1,1
40,704360,0.643859903,0,0,643859903,0,0,1,2018-12-17 00:00:00.0000000,2018-12-17 00:00:00.0000000,NULL,NULL,NULL,NULL,1,,1,1
40,724377,0.988947532,4341.683485,0,988947532,0,4341,683485,7,2019-09-02 00:00:00.0000000,2018-10-08 00:00:00.0000000,1,2020-06-01 00:00:00.0000000,2020-06-01 00:00:00.0000000,,0,0,1
40,427203,0.999424938,46248.03504,0,999424938,0,46248,3504,77,2019-09-30 00:00:00.0000000,2018-10-01 00:00:00.0000000,97,2020-09-28 00:00:00.0000000,2019-10-03 00:00:00.0000000,,0,0,1
40,625797,0.989032871,1463.615815,0,989032871,0,1463,615815,9,2019-08-29 00:00:00.0000000,2018-10-04 00:00:00.0000000,2,2020-07-02 00:00:00.0000000,2020-02-21 00:00:00.0000000,,0,0,1
40,422545,0.999273418,21404.55671,0,999273418,0,21404,55671,61,2019-09-30 00:00:00.0000000,2018-10-01 00:00:00.0000000,53,2020-09-22 00:00:00.0000000,2019-10-03 00:00:00.0000000,,0,0,1
40,698932,0.988207199,262511.527,0,988207199,0,262511,527,30,2019-09-05 00:00:00.0000000,2018-10-04 00:00:00.0000000,18,2020-09-10 00:00:00.0000000,2019-10-29 00:00:00.0000000,,0,0,1
40,546202,0.999728858,742022.3523,0,999728858,0,742022,3523,163,2019-09-30 00:00:00.0000000,2018-10-01 00:00:00.0000000,108,2020-09-30 00:00:00.0000000,2019-10-01 00:00:00.0000000,,0,0,1
40,434236,0.654775715,0,0,654775715,0,0,1,2019-01-10 00:00:00.0000000,2019-01-10 00:00:00.0000000,NULL,NULL,NULL,NULL,1,,1,1
40,578205,0.991975785,10633.82071,0,991975785,0,10633,82071,7,2019-09-19 00:00:00.0000000,2018-10-10 00:00:00.0000000,NULL,NULL,NULL,,1,1,1
40,676425,0.99711834,10587.88344,0,99711834,0,10587,88344,25,2019-09-23 00:00:00.0000000,2018-10-10 00:00:00.0000000,25,2020-09-30 00:00:00.0000000,2019-10-30 00:00:00.0000000,,0,0,1
40,710705,0.900872527,646.9035633,0,900872527,0,646,9035633,2,2019-05-02 00:00:00.0000000,2019-01-28 00:00:00.0000000,1,2020-02-10 00:00:00.0000000,2020-02-10 00:00:00.0000000,,0,0,1
40,433305,0.820445803,2675.47648,0,820445803,0,2675,47648,3,2019-05-30 00:00:00.0000000,2019-03-27 00:00:00.0000000,4,2020-05-13 00:00:00.0000000,2019-11-26 00:00:00.0000000,,0,0,1
40,655131,0.997871076,8798.557872,0,997871076,0,8798,557872,21,2019-09-30 00:00:00.0000000,2018-10-08 00:00:00.0000000,4,2020-06-30 00:00:00.0000000,2019-10-28 00:00:00.0000000,,0,0,1
40,713719,0.996244901,6538.843129,0,996244901,0,6538,843129,53,2019-09-20 00:00:00.0000000,2018-10-17 00:00:00.0000000,54,2020-09-30 00:00:00.0000000,2019-10-23 00:00:00.0000000,,0,0,1
40,429001,0.311543613,913.3082814,0,311543613,1,913,3082814,10,2019-04-08 00:00:00.0000000,2018-10-04 00:00:00.0000000,14,2020-09-21 00:00:00.0000000,2019-10-09 00:00:00.0000000,,0,0,1
40,720509,0.618427601,0,0,618427601,0,0,1,2018-10-15 00:00:00.0000000,2018-10-15 00:00:00.0000000,NULL,NULL,NULL,NULL,1,,1,1
40,425345,0.996642889,51671.64737,0,996642889,0,51671,64737,29,2019-09-20 00:00:00.0000000,2018-10-02 00:00:00.0000000,64,2020-09-28 00:00:00.0000000,2019-10-01 00:00:00.0000000,,0,0,1
40,688496,0.922526514,5558.347954,0,922526514,0,5558,347954,6,2019-05-24 00:00:00.0000000,2018-10-01 00:00:00.0000000,12,2020-09-16 00:00:00.0000000,2019-11-26 00:00:00.0000000,,0,0,1
40,426143,0.998118649,21338.07122,0,998118649,0,21338,7122,41,2019-09-25 00:00:00.0000000,2018-10-02 00:00:00.0000000,50,2020-09-23 00:00:00.0000000,2019-10-03 00:00:00.0000000,,0,0,1
40,429762,0.991253367,1865503.976,0,991253367,0,1865503,976,59,2019-09-19 00:00:00.0000000,2019-01-15 00:00:00.0000000,43,2020-09-29 00:00:00.0000000,2019-10-11 00:00:00.0000000,,0,0,1
40,708313,0.879556828,0,0,879556828,0,0,1,2019-09-12 00:00:00.0000000,2019-09-12 00:00:00.0000000,NULL,NULL,NULL,NULL,1,,1,1
40,718853,0.977292427,1897.564238,0,977292427,0,1897,564238,4,2019-08-07 00:00:00.0000000,2018-11-22 00:00:00.0000000,1,2020-05-25 00:00:00.0000000,2020-05-25 00:00:00.0000000,,0,0,1
40,741892,0.95998112,656.4237446,0,95998112,0,656,4237446,2,2019-07-15 00:00:00.0000000,2018-12-10 00:00:00.0000000,NULL,NULL,NULL,,1,1,1
40,608853,0.712527577,1164.311669,0,712527577,0,1164,311669,9,2019-05-08 00:00:00.0000000,2018-10-09 00:00:00.0000000,NULL,NULL,NULL,,1,1,1
40,607935,0.99522351,108.8506886,0,99522351,0,108,8506886,12,2019-09-23 00:00:00.0000000,2018-10-30 00:00:00.0000000,12,2020-09-21 00:00:00.0000000,2019-10-30 00:00:00.0000000,,0,0,1
40,431166,0.998609241,14938.10116,0,998609241,0,14938,10116,32,2019-09-30 00:00:00.0000000,2018-10-30 00:00:00.0000000,25,2020-09-21 00:00:00.0000000,2019-10-02 00:00:00.0000000,,0,0,1
40,431802,0.908358616,692.0195869,0,908358616,0,692,195869,3,2019-04-24 00:00:00.0000000,2018-11-27 00:00:00.0000000,1,2020-02-06 00:00:00.0000000,2020-02-06 00:00:00.0000000,,0,0,1
40,583445,0.962198598,335.8127927,0,962198598,0,335,8127927,2,2019-07-10 00:00:00.0000000,2018-10-11 00:00:00.0000000,NULL,NULL,NULL,,1,1,1
40,606686,0.997506866,39389.4069,0,997506866,0,39389,4069,37,2019-09-23 00:00:00.0000000,2018-10-18 00:00:00.0000000,33,2020-09-21 00:00:00.0000000,2019-10-16 00:00:00.0000000,,0,0,1
40,431440,0.798674011,5730.266947,0,798674011,0,5730,266947,5,2019-05-28 00:00:00.0000000,2019-02-05 00:00:00.0000000,6,2020-03-12 00:00:00.0000000,2019-12-27 00:00:00.0000000,,0,0,1
40,695652,0.995886028,5234.136248,0,995886028,0,5234,136248,11,2019-09-30 00:00:00.0000000,2018-10-11 00:00:00.0000000,11,2020-05-20 00:00:00.0000000,2019-10-02 00:00:00.0000000,,0,0,1
40,748055,0.963716048,99583.09876,0,963716048,0,99583,9876,2,2019-09-13 00:00:00.0000000,2019-07-16 00:00:00.0000000,NULL,NULL,NULL,,1,1,1
40,622603,0.971691787,3757.490378,0,971691787,0,3757,490378,12,2019-08-01 00:00:00.0000000,2018-10-01 00:00:00.0000000,3,2020-06-25 00:00:00.0000000,2020-03-11 00:00:00.0000000,,0,0,1
40,631147,0.750543717,150.1120116,0,750543717,0,150,1120116,2,2019-04-22 00:00:00.0000000,2019-03-20 00:00:00.0000000,1,2019-12-17 00:00:00.0000000,2019-12-17 00:00:00.0000000,,0,0,1
40,660913,0.943839859,1468.995516,0,943839859,0,1468,995516,2,2019-06-06 00:00:00.0000000,2018-12-26 00:00:00.0000000,3,2020-07-23 00:00:00.0000000,2020-06-24 00:00:00.0000000,,0,0,1
40,422789,0.998558823,26545.75719,0,998558823,0,26545,75719,57,2019-09-26 00:00:00.0000000,2018-10-03 00:00:00.0000000,75,2020-09-28 00:00:00.0000000,2019-10-08 00:00:00.0000000,,0,0,1
40,695722,0.995828726,52668.22868,0,995828726,0,52668,22868,24,2019-09-19 00:00:00.0000000,2018-11-15 00:00:00.0000000,12,2020-09-24 00:00:00.0000000,2019-11-29 00:00:00.0000000,,0,0,1
40,688225,0.997715212,614377.5527,0,997715212,0,614377,5527,51,2019-09-23 00:00:00.0000000,2018-10-02 00:00:00.0000000,57,2020-09-17 00:00:00.0000000,2019-10-08 00:00:00.0000000,,0,0,1
40,435248,0.975899423,4167.545012,0,975899423,0,4167,545012,6,2019-09-04 00:00:00.0000000,2019-05-21 00:00:00.0000000,3,2020-07-14 00:00:00.0000000,2019-10-04 00:00:00.0000000,,0,0,1
40,624184,0.99763346,55987.76299,0,99763346,0,55987,76299,46,2019-09-23 00:00:00.0000000,2018-10-13 00:00:00.0000000,34,2020-09-21 00:00:00.0000000,2019-10-28 00:00:00.0000000,,0,0,1
40,718852,0.359496254,1156.917109,0,359496254,1,1156,917109,8,2019-05-06 00:00:00.0000000,2019-01-03 00:00:00.0000000,4,2020-06-29 00:00:00.0000000,2020-03-02 00:00:00.0000000,,0,0,1
40,739506,0.895221626,603771.7737,0,895221626,0,603771,7737,7,2019-05-23 00:00:00.0000000,2018-10-05 00:00:00.0000000,NULL,NULL,NULL,,1,1,1
40,658747,0.987963195,3050.089845,0,987963195,0,3050,89845,10,2019-08-29 00:00:00.0000000,2018-11-13 00:00:00.0000000,4,2019-12-27 00:00:00.0000000,2019-11-25 00:00:00.0000000,,0,0,1
40,685496,0.973612567,1399.175428,0,973612567,0,1399,175428,2,2019-09-25 00:00:00.0000000,2019-02-01 00:00:00.0000000,4,2020-02-25 00:00:00.0000000,2019-10-11 00:00:00.0000000,,0,0,1
40,571367,0.9967195,4327.020016,0,9967195,0,4327,20016,22,2019-09-23 00:00:00.0000000,2018-11-23 00:00:00.0000000,28,2020-09-21 00:00:00.0000000,2019-10-28 00:00:00.0000000,,0,0,1
40,600727,0.90140999,278.350528,0,90140999,0,278,350528,5,2019-04-29 00:00:00.0000000,2018-10-01 00:00:00.0000000,NULL,NULL,NULL,,1,1,1
40,706394,0.98862969,154272.2614,0,98862969,0,154272,2614,13,2019-08-30 00:00:00.0000000,2018-10-30 00:00:00.0000000,5,2020-08-28 00:00:00.0000000,2019-11-18 00:00:00.0000000,,0,0,1
40,730496,0.995506822,883.9073165,0,995506822,0,883,9073165,13,2019-09-23 00:00:00.0000000,2018-10-30 00:00:00.0000000,20,2020-09-21 00:00:00.0000000,2019-10-30 00:00:00.0000000,,0,0,1
40,741777,0.641680169,0,0,641680169,0,0,1,2018-12-12 00:00:00.0000000,2018-12-12 00:00:00.0000000,NULL,NULL,NULL,NULL,1,,1,1
40,427052,1.17E-04,0.881825635,0,117,1,0,881825635,25,2019-04-12 00:00:00.0000000,2018-10-04 00:00:00.0000000,NULL,NULL,NULL,,1,1,1
40,716086,0.817920362,14686.92037,0,817920362,0,14686,92037,4,2019-06-21 00:00:00.0000000,2019-04-09 00:00:00.0000000,8,2020-04-24 00:00:00.0000000,2019-10-22 00:00:00.0000000,,0,0,1
40,709598,0.988154667,13504.61794,0,988154667,0,13504,61794,4,2019-09-30 00:00:00.0000000,2019-07-18 00:00:00.0000000,9,2020-06-22 00:00:00.0000000,2019-10-16 00:00:00.0000000,,0,0,1
40,586450,0.676491369,1019.495686,0,676491369,0,1019,495686,2,2018-11-23 00:00:00.0000000,2018-10-03 00:00:00.0000000,NULL,NULL,NULL,,1,1,1
40,611373,0.982313763,825.1195643,0,982313763,0,825,1195643,3,2019-09-20 00:00:00.0000000,2018-12-20 00:00:00.0000000,2,2020-09-29 00:00:00.0000000,2020-01-20 00:00:00.0000000,,0,0,1
40,650732,0.935307232,2886.536313,0,935307232,0,2886,536313,6,2019-06-11 00:00:00.0000000,2018-10-30 00:00:00.0000000,2,2020-02-12 00:00:00.0000000,2020-02-06 00:00:00.0000000,,0,0,1
40,712864,0.998699811,271053.7988,0,998699811,0,271053,7988,97,2019-09-26 00:00:00.0000000,2018-10-01 00:00:00.0000000,1,2019-10-10 00:00:00.0000000,2019-10-10 00:00:00.0000000,,0,0,1
40,718888,0.999208224,209689.9575,0,999208224,0,209689,9575,56,2019-09-30 00:00:00.0000000,2018-10-03 00:00:00.0000000,47,2020-08-18 00:00:00.0000000,2019-10-07 00:00:00.0000000,,0,0,1
40,435515,0.998613185,108381.5221,0,998613185,0,108381,5221,130,2019-09-26 00:00:00.0000000,2018-10-01 00:00:00.0000000,130,2020-09-30 00:00:00.0000000,2019-10-01 00:00:00.0000000,,0,0,1
40,737480,0.146551177,583.2631513,0,146551177,1,583,2631513,6,2019-01-18 00:00:00.0000000,2018-10-05 00:00:00.0000000,NULL,NULL,NULL,,1,1,1
40,424392,0.978726792,175734.7532,0,978726792,0,175734,7532,10,2019-08-13 00:00:00.0000000,2018-11-22 00:00:00.0000000,4,2020-07-10 00:00:00.0000000,2019-10-24 00:00:00.0000000,,0,0,1
40,423709,0.034022189,65.99198194,0,34022189,1,65,99198194,6,2018-12-26 00:00:00.0000000,2018-10-11 00:00:00.0000000,4,2019-11-26 00:00:00.0000000,2019-10-17 00:00:00.0000000,,0,0,1
40,435949,0.999812826,2391055.433,0,999812826,0,2391055,433,236,2019-09-30 00:00:00.0000000,2018-10-02 00:00:00.0000000,199,2020-09-30 00:00:00.0000000,2019-10-01 00:00:00.0000000,,0,0,1
40,426822,0.303785042,348.0086288,0,303785042,1,348,86288,2,2019-03-25 00:00:00.0000000,2019-03-20 00:00:00.0000000,NULL,NULL,NULL,,1,1,1
40,645440,0.99736191,17471.95584,0,99736191,0,17471,95584,17,2019-09-30 00:00:00.0000000,2018-10-05 00:00:00.0000000,18,2020-09-17 00:00:00.0000000,2019-10-03 00:00:00.0000000,,0,0,1
40,686419,0.990025933,1342.297514,0,990025933,0,1342,297514,5,2019-09-25 00:00:00.0000000,2018-10-26 00:00:00.0000000,1,2020-01-24 00:00:00.0000000,2020-01-24 00:00:00.0000000,,0,0,1
40,631021,0.962280555,3470.542858,0,962280555,0,3470,542858,4,2019-07-05 00:00:00.0000000,2018-12-03 00:00:00.0000000,1,2020-09-17 00:00:00.0000000,2020-09-17 00:00:00.0000000,,0,0,1
40,434416,0.995075031,2960.868063,0,995075031,0,2960,868063,10,2019-09-27 00:00:00.0000000,2018-10-22 00:00:00.0000000,6,2020-06-10 00:00:00.0000000,2019-10-16 00:00:00.0000000,,0,0,1
40,580425,0.99736191,2498.150956,0,99736191,0,2498,150956,17,2019-09-30 00:00:00.0000000,2018-10-03 00:00:00.0000000,23,2020-09-22 00:00:00.0000000,2019-10-23 00:00:00.0000000,,0,0,1
40,720667,0.993526343,16602.57174,0,993526343,0,16602,57174,22,2019-09-16 00:00:00.0000000,2019-01-13 00:00:00.0000000,3,2020-09-21 00:00:00.0000000,2019-12-11 00:00:00.0000000,,0,0,1
40,423914,0.999693014,125346.0192,0,999693014,0,125346,192,144,2019-09-30 00:00:00.0000000,2018-10-08 00:00:00.0000000,150,2020-09-30 00:00:00.0000000,2019-10-02 00:00:00.0000000,,0,0,1
40,715089,0.99840859,4786.355347,0,99840859,0,4786,355347,28,2019-09-30 00:00:00.0000000,2018-10-03 00:00:00.0000000,2,2019-11-18 00:00:00.0000000,2019-10-21 00:00:00.0000000,,0,0,1
40,726228,0.998739571,40583.23526,0,998739571,0,40583,23526,55,2019-09-27 00:00:00.0000000,2018-10-04 00:00:00.0000000,41,2020-09-30 00:00:00.0000000,2019-10-01 00:00:00.0000000,,0,0,1
40,681501,0.997694807,53042.65607,0,997694807,0,53042,65607,45,2019-09-23 00:00:00.0000000,2018-10-01 00:00:00.0000000,39,2020-09-29 00:00:00.0000000,2019-10-03 00:00:00.0000000,,0,0,1
40,434719,0.992785075,9582.725417,0,992785075,0,9582,725417,12,2019-09-10 00:00:00.0000000,2018-10-08 00:00:00.0000000,13,2020-09-29 00:00:00.0000000,2019-10-30 00:00:00.0000000,,0,0,1
40,429129,0.999640484,142528.9018,0,999640484,0,142528,9018,123,2019-09-30 00:00:00.0000000,2018-10-04 00:00:00.0000000,18,2020-07-17 00:00:00.0000000,2019-10-01 00:00:00.0000000,,0,0,1
40,702329,0.817159417,1302.035934,0,817159417,0,1302,35934,9,2019-05-21 00:00:00.0000000,2018-10-02 00:00:00.0000000,8,2020-08-28 00:00:00.0000000,2019-10-22 00:00:00.0000000,,0,0,1
40,429558,0.984882667,41138.12465,0,984882667,0,41138,12465,38,2019-09-06 00:00:00.0000000,2018-10-09 00:00:00.0000000,44,2020-09-30 00:00:00.0000000,2019-10-22 00:00:00.0000000,,0,0,1
40,750747,0.772621981,0,0,772621981,0,0,1,2019-07-03 00:00:00.0000000,2019-07-03 00:00:00.0000000,NULL,NULL,NULL,NULL,1,,1,1
40,492759,0.989340424,7814.089277,0,989340424,0,7814,89277,6,2019-09-09 00:00:00.0000000,2018-10-04 00:00:00.0000000,1,2020-03-12 00:00:00.0000000,2020-03-12 00:00:00.0000000,,0,0,1
40,428417,0.998665435,38205.67349,0,998665435,0,38205,67349,51,2019-09-27 00:00:00.0000000,2018-10-16 00:00:00.0000000,67,2020-09-30 00:00:00.0000000,2019-10-16 00:00:00.0000000,,0,0,1
40,428154,0.99869723,67461.90369,0,99869723,0,67461,90369,95,2019-09-26 00:00:00.0000000,2018-10-02 00:00:00.0000000,109,2020-09-29 00:00:00.0000000,2019-10-02 00:00:00.0000000,,0,0,1
40,426539,0.753301133,0,0,753301133,0,0,1,2019-06-13 00:00:00.0000000,2019-06-13 00:00:00.0000000,NULL,NULL,NULL,NULL,1,,1,1
40,422675,0.996650854,29561.19142,0,996650854,0,29561,19142,17,2019-09-25 00:00:00.0000000,2018-10-23 00:00:00.0000000,17,2020-09-28 00:00:00.0000000,2019-10-29 00:00:00.0000000,,0,0,1
40,634383,0.993386087,2945.761097,0,993386087,0,2945,761097,8,2019-09-24 00:00:00.0000000,2018-11-30 00:00:00.0000000,7,2020-05-06 00:00:00.0000000,2019-12-05 00:00:00.0000000,,0,0,1
40,731198,0.20930129,168.2138541,0,20930129,1,168,2138541,5,2019-03-06 00:00:00.0000000,2018-12-26 00:00:00.0000000,2,2020-08-07 00:00:00.0000000,2020-08-04 00:00:00.0000000,,0,0,1
40,588314,0.958599015,1197.313966,0,958599015,0,1197,313966,8,2019-07-09 00:00:00.0000000,2018-10-17 00:00:00.0000000,18,2020-08-28 00:00:00.0000000,2019-10-23 00:00:00.0000000,,0,0,1
40,422006,0.920642069,4179.785087,0,920642069,0,4179,785087,6,2019-06-14 00:00:00.0000000,2018-12-03 00:00:00.0000000,2,2019-11-14 00:00:00.0000000,2019-11-13 00:00:00.0000000,,0,0,1
40,743180,0.984808188,4274.30488,0,984808188,0,4274,30488,9,2019-08-23 00:00:00.0000000,2018-11-28 00:00:00.0000000,17,2020-09-29 00:00:00.0000000,2019-10-03 00:00:00.0000000,,0,0,1
40,435185,0.006133273,33.2199497,0,6133273,1,33,2199497,12,2019-02-20 00:00:00.0000000,2018-10-03 00:00:00.0000000,3,2020-07-01 00:00:00.0000000,2019-10-16 00:00:00.0000000,,0,0,1
40,646311,0.996263306,7963.115903,0,996263306,0,7963,115903,17,2019-09-23 00:00:00.0000000,2018-11-05 00:00:00.0000000,23,2020-09-21 00:00:00.0000000,2019-10-14 00:00:00.0000000,,0,0,1
40,719829,0.787978269,5432.132694,0,787978269,0,5432,132694,4,2019-05-24 00:00:00.0000000,2019-02-27 00:00:00.0000000,1,2020-06-22 00:00:00.0000000,2020-06-22 00:00:00.0000000,,0,0,1
40,426325,0.719498051,0,0,719498051,0,0,1,2019-05-02 00:00:00.0000000,2019-05-02 00:00:00.0000000,NULL,NULL,NULL,NULL,1,,1,1
40,592331,0.967233441,985.9933735,0,967233441,0,985,9933735,6,2019-07-10 00:00:00.0000000,2018-10-19 00:00:00.0000000,11,2020-09-16 00:00:00.0000000,2019-10-24 00:00:00.0000000,,0,0,1
40,740696,0.330040566,24506.94803,0,330040566,1,24506,94803,2,2018-10-24 00:00:00.0000000,2018-10-08 00:00:00.0000000,NULL,NULL,NULL,,1,1,1
40,707252,0.522341602,3115.404464,0,522341602,0,3115,404464,9,2019-04-25 00:00:00.0000000,2018-10-24 00:00:00.0000000,16,2020-07-02 00:00:00.0000000,2019-10-01 00:00:00.0000000,,0,0,1
40,430837,0.997707433,33892.68479,0,997707433,0,33892,68479,55,2019-09-23 00:00:00.0000000,2018-10-03 00:00:00.0000000,58,2020-09-29 00:00:00.0000000,2019-10-01 00:00:00.0000000,,0,0,1
40,506412,0.997599509,16763.82851,0,997599509,0,16763,82851,24,2019-09-26 00:00:00.0000000,2018-10-01 00:00:00.0000000,45,2020-09-30 00:00:00.0000000,2019-10-07 00:00:00.0000000,,0,0,1
40,606744,0.815796897,538.2366703,0,815796897,0,538,2366703,3,2019-03-05 00:00:00.0000000,2018-11-14 00:00:00.0000000,NULL,NULL,NULL,,1,1,1
40,644155,0.628021321,0,0,628021321,0,0,1,2018-11-09 00:00:00.0000000,2018-11-09 00:00:00.0000000,2,2020-06-16 00:00:00.0000000,2020-06-11 00:00:00.0000000,NULL,0,,0,1
40,642688,0.857773021,5953.343419,0,857773021,0,5953,343419,11,2019-06-13 00:00:00.0000000,2018-10-02 00:00:00.0000000,5,2020-05-11 00:00:00.0000000,2019-11-27 00:00:00.0000000,,0,0,1
40,708932,0.614752414,0,0,614752414,0,0,1,2018-10-05 00:00:00.0000000,2018-10-05 00:00:00.0000000,NULL,NULL,NULL,NULL,1,,1,1
40,698931,0.997106113,5649.551557,0,997106113,0,5649,551557,22,2019-09-24 00:00:00.0000000,2018-10-04 00:00:00.0000000,21,2020-09-21 00:00:00.0000000,2019-10-21 00:00:00.0000000,,0,0,1
40,588154,0.996410146,164976.1587,0,996410146,0,164976,1587,54,2019-09-20 00:00:00.0000000,2018-10-04 00:00:00.0000000,41,2020-09-30 00:00:00.0000000,2019-10-03 00:00:00.0000000,,0,0,1
40,712863,0.857620471,0,0,857620471,0,0,1,2019-09-02 00:00:00.0000000,2019-09-02 00:00:00.0000000,10,2020-09-25 00:00:00.0000000,2019-10-29 00:00:00.0000000,NULL,0,,0,1
40,732393,0.682603531,0,0,682603531,0,0,1,2019-03-05 00:00:00.0000000,2019-03-05 00:00:00.0000000,NULL,NULL,NULL,NULL,1,,1,1
40,677882,0.623725872,0,0,623725872,0,0,1,2018-10-29 00:00:00.0000000,2018-10-29 00:00:00.0000000,NULL,NULL,NULL,NULL,1,,1,1
40,469328,0.999273418,92270.15432,0,999273418,0,92270,15432,61,2019-09-30 00:00:00.0000000,2018-10-02 00:00:00.0000000,10,2020-09-02 00:00:00.0000000,2019-10-02 00:00:00.0000000,,0,0,1
40,597619,0.998515666,16189.44353,0,998515666,0,16189,44353,30,2019-09-30 00:00:00.0000000,2018-10-22 00:00:00.0000000,20,2020-09-28 00:00:00.0000000,2019-10-02 00:00:00.0000000,,0,0,1
40,435257,0.998313773,153657.1274,0,998313773,0,153657,1274,177,2019-09-26 00:00:00.0000000,2018-10-01 00:00:00.0000000,172,2020-09-30 00:00:00.0000000,2019-10-01 00:00:00.0000000,,0,0,1
40,430529,0.645626226,0,0,645626226,0,0,1,2018-12-21 00:00:00.0000000,2018-12-21 00:00:00.0000000,1,2020-09-04 00:00:00.0000000,2020-09-04 00:00:00.0000000,NULL,0,,0,1
40,713638,0.979897709,405.1483584,0,979897709,0,405,1483584,8,2019-08-05 00:00:00.0000000,2018-10-10 00:00:00.0000000,5,2020-09-25 00:00:00.0000000,2019-11-22 00:00:00.0000000,,0,0,1
40,745583,0.097971238,1243.610092,0,97971238,1,1243,610092,3,2019-01-30 00:00:00.0000000,2019-01-14 00:00:00.0000000,NULL,NULL,NULL,,1,1,1
40,708986,0.998689164,41026.05081,0,998689164,0,41026,5081,82,2019-09-26 00:00:00.0000000,2018-10-02 00:00:00.0000000,72,2020-09-30 00:00:00.0000000,2019-10-03 00:00:00.0000000,,0,0,1
40,436436,0.615845721,0,0,615845721,0,0,1,2018-10-08 00:00:00.0000000,2018-10-08 00:00:00.0000000,NULL,NULL,NULL,NULL,1,,1,1
40,659770,0.187673531,92.61711175,0,187673531,1,92,61711175,2,2018-11-19 00:00:00.0000000,2018-11-13 00:00:00.0000000,NULL,NULL,NULL,,1,1,1
40,431698,0.999771065,1451004.289,0,999771065,0,1451004,289,193,2019-09-30 00:00:00.0000000,2018-10-01 00:00:00.0000000,181,2020-09-30 00:00:00.0000000,2019-10-01 00:00:00.0000000,,0,0,1
40,741222,0.614027865,0,0,614027865,0,0,1,2018-10-03 00:00:00.0000000,2018-10-03 00:00:00.0000000,NULL,NULL,NULL,NULL,1,,1,1
40,716193,0.309591533,412.2049399,0,309591533,1,412,2049399,2,2018-11-19 00:00:00.0000000,2018-11-06 00:00:00.0000000,2,2020-04-02 00:00:00.0000000,2019-12-19 00:00:00.0000000,,0,0,1
40,433026,0.998600169,32988.23059,0,998600169,0,32988,23059,46,2019-09-27 00:00:00.0000000,2018-10-03 00:00:00.0000000,42,2020-09-28 00:00:00.0000000,2019-10-09 00:00:00.0000000,,0,0,1
40,609250,0.994038885,1941.702157,0,994038885,0,1941,702157,10,2019-09-20 00:00:00.0000000,2018-10-18 00:00:00.0000000,7,2020-04-22 00:00:00.0000000,2019-10-11 00:00:00.0000000,,0,0,1
40,750946,0.980969912,4373.690664,0,980969912,0,4373,690664,3,2019-09-25 00:00:00.0000000,2019-07-18 00:00:00.0000000,22,2020-07-22 00:00:00.0000000,2019-10-02 00:00:00.0000000,,0,0,1
40,729031,0.997947018,85061.67022,0,997947018,0,85061,67022,27,2019-09-27 00:00:00.0000000,2018-10-05 00:00:00.0000000,28,2020-09-23 00:00:00.0000000,2019-10-15 00:00:00.0000000,,0,0,1
40,655361,0.891833472,350.4799743,0,891833472,0,350,4799743,3,2019-04-03 00:00:00.0000000,2018-11-08 00:00:00.0000000,NULL,NULL,NULL,,1,1,1
40,737862,0.460059942,416.9639956,0,460059942,1,416,9639956,2,2018-11-07 00:00:00.0000000,2018-10-13 00:00:00.0000000,NULL,NULL,NULL,,1,1,1
40,578056,0.997614095,8965.98927,0,997614095,0,8965,98927,27,2019-09-25 00:00:00.0000000,2018-10-09 00:00:00.0000000,12,2020-07-15 00:00:00.0000000,2019-10-23 00:00:00.0000000,,0,0,1
40,434283,0.993324424,5524.55619,0,993324424,0,5524,55619,20,2019-09-10 00:00:00.0000000,2018-10-05 00:00:00.0000000,23,2020-09-16 00:00:00.0000000,2019-10-08 00:00:00.0000000,,0,0,1
40,435382,0.958905998,744.9715703,0,958905998,0,744,9715703,2,2019-06-26 00:00:00.0000000,2018-10-15 00:00:00.0000000,1,2019-11-20 00:00:00.0000000,2019-11-20 00:00:00.0000000,,0,0,1
40,560261,0.996873455,12046.64,0,996873455,0,12046,64,22,2019-09-23 00:00:00.0000000,2018-10-19 00:00:00.0000000,25,2020-09-21 00:00:00.0000000,2019-10-30 00:00:00.0000000,,0,0,1
40,737615,0.997283104,284720.2155,0,997283104,0,284720,2155,28,2019-09-23 00:00:00.0000000,2018-10-08 00:00:00.0000000,17,2020-09-30 00:00:00.0000000,2019-10-14 00:00:00.0000000,,0,0,1
40,433756,0.941827497,12151.07773,0,941827497,0,12151,7773,13,2019-07-17 00:00:00.0000000,2018-10-05 00:00:00.0000000,6,2020-09-24 00:00:00.0000000,2019-10-07 00:00:00.0000000,,0,0,1
40,742661,0.74303928,478.7555074,0,74303928,0,478,7555074,2,2019-01-10 00:00:00.0000000,2018-11-15 00:00:00.0000000,2,2019-11-13 00:00:00.0000000,2019-10-17 00:00:00.0000000,,0,0,1
40,661921,0.999553086,761934.348,0,999553086,0,761934,348,99,2019-09-30 00:00:00.0000000,2018-10-02 00:00:00.0000000,110,2020-09-30 00:00:00.0000000,2019-10-02 00:00:00.0000000,,0,0,1
40,581738,0.997821552,50036.76665,0,997821552,0,50036,76665,28,2019-09-26 00:00:00.0000000,2018-10-19 00:00:00.0000000,25,2020-09-15 00:00:00.0000000,2019-10-25 00:00:00.0000000,,0,0,1
40,589608,0.683169585,0,0,683169585,0,0,1,2019-03-06 00:00:00.0000000,2019-03-06 00:00:00.0000000,2,2020-02-06 00:00:00.0000000,2020-01-09 00:00:00.0000000,NULL,0,,0,1
40,724810,0.649230605,437.5172631,0,649230605,0,437,5172631,5,2019-04-08 00:00:00.0000000,2018-12-13 00:00:00.0000000,NULL,NULL,NULL,,1,1,1
40,434846,0.995274198,39901.79295,0,995274198,0,39901,79295,43,2019-09-17 00:00:00.0000000,2018-10-02 00:00:00.0000000,30,2020-09-29 00:00:00.0000000,2019-10-16 00:00:00.0000000,,0,0,1
40,734767,0.983100877,707.5942063,0,983100877,0,707,5942063,3,2019-09-25 00:00:00.0000000,2018-12-13 00:00:00.0000000,NULL,NULL,NULL,,1,1,1
40,705303,0.165561262,152.6667698,0,165561262,1,152,6667698,5,2019-01-02 00:00:00.0000000,2018-10-09 00:00:00.0000000,NULL,NULL,NULL,,1,1,1
40,432428,0.635736472,0,0,635736472,0,0,1,2018-11-28 00:00:00.0000000,2018-11-28 00:00:00.0000000,NULL,NULL,NULL,NULL,1,,1,1
40,702539,0.996542767,1204.955029,0,996542767,0,1204,955029,19,2019-09-23 00:00:00.0000000,2018-10-30 00:00:00.0000000,21,2020-09-29 00:00:00.0000000,2019-10-30 00:00:00.0000000,,0,0,1
40,469234,0.641680169,0,0,641680169,0,0,1,2018-12-12 00:00:00.0000000,2018-12-12 00:00:00.0000000,NULL,NULL,NULL,NULL,1,,1,1
40,663041,0.996003711,19504.08892,0,996003711,0,19504,8892,31,2019-09-18 00:00:00.0000000,2018-10-08 00:00:00.0000000,19,2020-07-15 00:00:00.0000000,2019-10-09 00:00:00.0000000,,0,0,1
40,563373,0.994833021,17279.80672,0,994833021,0,17279,80672,15,2019-09-18 00:00:00.0000000,2018-11-15 00:00:00.0000000,9,2020-06-02 00:00:00.0000000,2019-11-07 00:00:00.0000000,,0,0,1
40,432167,0.927393378,18271.26479,0,927393378,0,18271,26479,3,2019-08-12 00:00:00.0000000,2019-06-21 00:00:00.0000000,3,2020-07-21 00:00:00.0000000,2020-02-10 00:00:00.0000000,,0,0,1
40,713112,0.994127735,3058.069631,0,994127735,0,3058,69631,29,2019-09-13 00:00:00.0000000,2018-10-02 00:00:00.0000000,6,2019-12-10 00:00:00.0000000,2019-10-03 00:00:00.0000000,,0,0,1
40,599468,0.236445696,1158.054586,0,236445696,1,1158,54586,2,2019-01-14 00:00:00.0000000,2019-01-08 00:00:00.0000000,3,2020-01-31 00:00:00.0000000,2020-01-20 00:00:00.0000000,,0,0,1
40,425014,0.991207212,4823.153399,0,991207212,0,4823,153399,9,2019-09-09 00:00:00.0000000,2018-11-07 00:00:00.0000000,4,2020-09-29 00:00:00.0000000,2019-12-10 00:00:00.0000000,,0,0,1
40,733058,0.655247799,0,0,655247799,0,0,1,2019-01-11 00:00:00.0000000,2019-01-11 00:00:00.0000000,14,2020-09-08 00:00:00.0000000,2019-10-29 00:00:00.0000000,NULL,0,,0,1
40,732390,0.998830437,15634.98182,0,998830437,0,15634,98182,38,2019-09-30 00:00:00.0000000,2018-10-03 00:00:00.0000000,22,2020-09-24 00:00:00.0000000,2019-10-09 00:00:00.0000000,,0,0,1
40,613457,0.939176138,6676.052926,0,939176138,0,6676,52926,9,2019-06-27 00:00:00.0000000,2018-10-02 00:00:00.0000000,NULL,NULL,NULL,,1,1,1
40,503862,0.997641843,67439.8993,0,997641843,0,67439,8993,67,2019-09-23 00:00:00.0000000,2018-10-02 00:00:00.0000000,25,2020-09-17 00:00:00.0000000,2019-10-07 00:00:00.0000000,,0,0,1
40,733544,0.764580284,0,0,764580284,0,0,1,2019-06-25 00:00:00.0000000,2019-06-25 00:00:00.0000000,NULL,NULL,NULL,NULL,1,,1,1
40,435165,0.999807937,1331001.135,0,999807937,0,1331001,135,230,2019-09-30 00:00:00.0000000,2018-10-02 00:00:00.0000000,195,2020-09-30 00:00:00.0000000,2019-10-01 00:00:00.0000000,,0,0,1
40,677697,0.996202464,7407.799541,0,996202464,0,7407,799541,14,2019-09-26 00:00:00.0000000,2018-11-14 00:00:00.0000000,13,2020-09-23 00:00:00.0000000,2019-10-31 00:00:00.0000000,,0,0,1
40,579849,0.986393393,2040.631245,0,986393393,0,2040,631245,4,2019-09-18 00:00:00.0000000,2018-11-30 00:00:00.0000000,3,2020-07-20 00:00:00.0000000,2020-02-28 00:00:00.0000000,,0,0,1
40,613240,0.999409546,3255692.5,0,999409546,0,3255692,5,75,2019-09-30 00:00:00.0000000,2018-10-13 00:00:00.0000000,96,2020-09-30 00:00:00.0000000,2019-10-01 00:00:00.0000000,,0,0,1
40,720949,0.813023828,1113.70214,0,813023828,0,1113,70214,6,2019-05-10 00:00:00.0000000,2018-11-27 00:00:00.0000000,1,2019-11-25 00:00:00.0000000,2019-11-25 00:00:00.0000000,,0,0,1
40,733278,0.824759882,0,0,824759882,0,0,1,2019-08-14 00:00:00.0000000,2019-08-14 00:00:00.0000000,5,2020-09-01 00:00:00.0000000,2019-11-06 00:00:00.0000000,NULL,0,,0,1
40,717681,0.632033533,0,0,632033533,0,0,1,2018-11-19 00:00:00.0000000,2018-11-19 00:00:00.0000000,NULL,NULL,NULL,NULL,1,,1,1
40,422598,0.997633113,20695.8248,0,997633113,0,20695,8248,27,2019-09-25 00:00:00.0000000,2018-10-01 00:00:00.0000000,69,2020-09-30 00:00:00.0000000,2019-10-03 00:00:00.0000000,,0,0,1
40,743177,0.634905843,0,0,634905843,0,0,1,2018-11-26 00:00:00.0000000,2018-11-26 00:00:00.0000000,NULL,NULL,NULL,NULL,1,,1,1
40,431527,0.998539544,27587.19292,0,998539544,0,27587,19292,43,2019-09-27 00:00:00.0000000,2018-10-02 00:00:00.0000000,23,2020-09-24 00:00:00.0000000,2019-10-04 00:00:00.0000000,,0,0,1
40,588958,0.998860639,199537.9191,0,998860639,0,199537,9191,39,2019-09-30 00:00:00.0000000,2018-10-01 00:00:00.0000000,5,2020-09-30 00:00:00.0000000,2019-11-07 00:00:00.0000000,,0,0,1
40,745076,0.269313299,562.0914068,0,269313299,1,562,914068,3,2019-01-23 00:00:00.0000000,2018-12-21 00:00:00.0000000,NULL,NULL,NULL,,1,1,1
40,724795,0.989699681,1001.170298,0,989699681,0,1001,170298,8,2019-09-02 00:00:00.0000000,2018-10-01 00:00:00.0000000,NULL,NULL,NULL,,1,1,1
40,745552,0.996923569,22137.73216,0,996923569,0,22137,73216,22,2019-09-25 00:00:00.0000000,2019-01-18 00:00:00.0000000,58,2020-09-23 00:00:00.0000000,2019-10-01 00:00:00.0000000,,0,0,1
40,430200,0.93614716,976.9212569,0,93614716,0,976,9212569,3,2019-05-08 00:00:00.0000000,2018-10-31 00:00:00.0000000,2,2020-08-06 00:00:00.0000000,2020-07-30 00:00:00.0000000,,0,0,1
40,424681,0.998104337,35056.09834,0,998104337,0,35056,9834,30,2019-09-27 00:00:00.0000000,2018-10-08 00:00:00.0000000,82,2020-09-30 00:00:00.0000000,2019-10-02 00:00:00.0000000,,0,0,1
40,552227,0.997639271,29433.16041,0,997639271,0,29433,16041,41,2019-09-23 00:00:00.0000000,2018-10-04 00:00:00.0000000,39,2020-09-30 00:00:00.0000000,2019-10-17 00:00:00.0000000,,0,0,1
40,433892,0.998463992,13247.66568,0,998463992,0,13247,66568,29,2019-09-30 00:00:00.0000000,2018-10-11 00:00:00.0000000,63,2020-09-29 00:00:00.0000000,2019-10-03 00:00:00.0000000,,0,0,1
40,588157,0.824045042,216639.5135,0,824045042,0,216639,5135,61,2019-08-28 00:00:00.0000000,2018-10-03 00:00:00.0000000,66,2020-09-22 00:00:00.0000000,2019-10-03 00:00:00.0000000,,0,0,1
40,710686,0.391975853,2858.087896,0,391975853,1,2858,87896,3,2019-06-12 00:00:00.0000000,2019-05-27 00:00:00.0000000,NULL,NULL,NULL,,1,1,1
40,742788,0.084288114,14.57475625,0,84288114,1,14,57475625,2,2018-10-19 00:00:00.0000000,2018-10-18 00:00:00.0000000,NULL,NULL,NULL,,1,1,1
40,697659,0.988253735,6863.095859,0,988253735,0,6863,95859,7,2019-09-13 00:00:00.0000000,2019-03-22 00:00:00.0000000,1,2019-11-12 00:00:00.0000000,2019-11-12 00:00:00.0000000,,0,0,1
40,433680,0.997706913,29051.44638,0,997706913,0,29051,44638,48,2019-09-23 00:00:00.0000000,2018-10-02 00:00:00.0000000,53,2020-09-29 00:00:00.0000000,2019-10-10 00:00:00.0000000,,0,0,1
40,422699,0.996372729,21514.9469,0,996372729,0,21514,9469,17,2019-09-23 00:00:00.0000000,2018-10-05 00:00:00.0000000,20,2020-09-21 00:00:00.0000000,2019-10-30 00:00:00.0000000,,0,0,1
40,662640,0.996940197,10625.66065,0,996940197,0,10625,66065,18,2019-09-26 00:00:00.0000000,2018-10-30 00:00:00.0000000,38,2020-09-28 00:00:00.0000000,2019-10-30 00:00:00.0000000,,0,0,1
40,578957,0.778965986,0,0,778965986,0,0,1,2019-07-09 00:00:00.0000000,2019-07-09 00:00:00.0000000,11,2020-09-25 00:00:00.0000000,2019-11-27 00:00:00.0000000,NULL,0,,0,1
40,675086,0.992742503,6459.979425,0,992742503,0,6459,979425,7,2019-09-25 00:00:00.0000000,2018-11-15 00:00:00.0000000,2,2020-08-10 00:00:00.0000000,2019-10-31 00:00:00.0000000,,0,0,1
40,527730,0.960178466,3219.503454,0,960178466,0,3219,503454,5,2019-07-17 00:00:00.0000000,2019-01-09 00:00:00.0000000,1,2019-12-16 00:00:00.0000000,2019-12-16 00:00:00.0000000,,0,0,1
40,576335,0.774705252,0,0,774705252,0,0,1,2019-07-05 00:00:00.0000000,2019-07-05 00:00:00.0000000,NULL,NULL,NULL,NULL,1,,1,1
40,673933,0.390337439,435.9787797,0,390337439,1,435,9787797,3,2019-01-30 00:00:00.0000000,2018-12-18 00:00:00.0000000,3,2020-06-17 00:00:00.0000000,2020-03-26 00:00:00.0000000,,0,0,1
40,559456,0.694342808,0,0,694342808,0,0,1,2019-03-25 00:00:00.0000000,2019-03-25 00:00:00.0000000,NULL,NULL,NULL,NULL,1,,1,1
40,676399,0.992921615,5957.120486,0,992921615,0,5957,120486,7,2019-09-26 00:00:00.0000000,2018-10-26 00:00:00.0000000,6,2020-08-26 00:00:00.0000000,2019-10-23 00:00:00.0000000,,0,0,1
40,685794,0.996131075,3407.356279,0,996131075,0,3407,356279,16,2019-09-23 00:00:00.0000000,2018-10-30 00:00:00.0000000,16,2020-09-21 00:00:00.0000000,2019-10-30 00:00:00.0000000,,0,0,1
40,558204,0.927294693,1221.119021,0,927294693,0,1221,119021,6,2019-05-27 00:00:00.0000000,2018-10-01 00:00:00.0000000,1,2020-09-22 00:00:00.0000000,2020-09-22 00:00:00.0000000,,0,0,1
40,434441,0.848830894,2343.459458,0,848830894,0,2343,459458,5,2019-06-04 00:00:00.0000000,2019-01-31 00:00:00.0000000,NULL,NULL,NULL,,1,1,1
40,710080,0.996131075,15862.73879,0,996131075,0,15862,73879,16,2019-09-23 00:00:00.0000000,2018-10-30 00:00:00.0000000,21,2020-09-21 00:00:00.0000000,2019-10-30 00:00:00.0000000,,0,0,1
40,429318,0.998199309,23829.30825,0,998199309,0,23829,30825,32,2019-09-27 00:00:00.0000000,2018-10-04 00:00:00.0000000,34,2020-09-22 00:00:00.0000000,2019-10-11 00:00:00.0000000,,0,0,1
40,744380,0.959300048,109.4329453,0,959300048,0,109,4329453,2,2019-07-08 00:00:00.0000000,2018-11-23 00:00:00.0000000,NULL,NULL,NULL,,1,1,1
40,430736,0.999460121,304320.6652,0,999460121,0,304320,6652,82,2019-09-30 00:00:00.0000000,2018-10-03 00:00:00.0000000,47,2020-09-30 00:00:00.0000000,2019-10-02 00:00:00.0000000,,0,0,1
40,613047,0.962512141,10074.42999,0,962512141,0,10074,42999,14,2019-07-30 00:00:00.0000000,2018-10-02 00:00:00.0000000,9,2020-08-28 00:00:00.0000000,2019-11-28 00:00:00.0000000,,0,0,1
40,753252,0.941318859,3945.091412,0,941318859,0,3945,91412,2,2019-09-23 00:00:00.0000000,2019-09-20 00:00:00.0000000,2,2020-08-03 00:00:00.0000000,2020-04-30 00:00:00.0000000,,0,0,1
40,722507,0.633257947,0,0,633257947,0,0,1,2018-11-22 00:00:00.0000000,2018-11-22 00:00:00.0000000,NULL,NULL,NULL,NULL,1,,1,1
40,592849,0.997503258,26043.09801,0,997503258,0,26043,9801,28,2019-09-24 00:00:00.0000000,2018-10-02 00:00:00.0000000,36,2020-09-17 00:00:00.0000000,2019-10-25 00:00:00.0000000,,0,0,1
40,424186,0.998349042,162630.5094,0,998349042,0,162630,5094,27,2019-09-30 00:00:00.0000000,2018-10-15 00:00:00.0000000,25,2020-09-28 00:00:00.0000000,2019-10-18 00:00:00.0000000,,0,0,1
40,720516,0.997294254,20018.13085,0,997294254,0,20018,13085,30,2019-09-23 00:00:00.0000000,2018-10-24 00:00:00.0000000,22,2020-09-30 00:00:00.0000000,2019-10-07 00:00:00.0000000,,0,0,1
40,556808,0.848069765,0,0,848069765,0,0,1,2019-08-28 00:00:00.0000000,2019-08-28 00:00:00.0000000,1,2020-03-11 00:00:00.0000000,2020-03-11 00:00:00.0000000,NULL,0,,0,1
40,604762,0.350159513,421.0755875,0,350159513,1,421,755875,2,2018-10-30 00:00:00.0000000,2018-10-13 00:00:00.0000000,NULL,NULL,NULL,,1,1,1
40,433181,0.999832062,1082303.865,0,999832062,0,1082303,865,263,2019-09-30 00:00:00.0000000,2018-10-01 00:00:00.0000000,263,2020-09-30 00:00:00.0000000,2019-10-01 00:00:00.0000000,,0,0,1
40,433383,0.357973998,38.51308556,0,357973998,1,38,51308556,3,2019-06-20 00:00:00.0000000,2019-06-07 00:00:00.0000000,NULL,NULL,NULL,,1,1,1
40,572412,0.925717204,5681.23015,0,925717204,0,5681,23015,9,2019-06-26 00:00:00.0000000,2018-10-23 00:00:00.0000000,6,2020-07-29 00:00:00.0000000,2019-10-07 00:00:00.0000000,,0,0,1
40,584460,0.985111018,28148.56059,0,985111018,0,28148,56059,8,2019-08-26 00:00:00.0000000,2018-12-19 00:00:00.0000000,1,2019-10-04 00:00:00.0000000,2019-10-04 00:00:00.0000000,,0,0,1
40,717838,0.574893785,6370.3239,0,574893785,0,6370,3239,15,2019-06-06 00:00:00.0000000,2018-10-03 00:00:00.0000000,14,2020-09-30 00:00:00.0000000,2019-10-11 00:00:00.0000000,,0,0,1
40,559280,0.999348517,47756.94932,0,999348517,0,47756,94932,68,2019-09-30 00:00:00.0000000,2018-10-02 00:00:00.0000000,83,2020-09-24 00:00:00.0000000,2019-10-09 00:00:00.0000000,,0,0,1
40,666382,0.99888932,21252.54429,0,99888932,0,21252,54429,40,2019-09-30 00:00:00.0000000,2018-10-01 00:00:00.0000000,31,2020-07-23 00:00:00.0000000,2019-10-07 00:00:00.0000000,,0,0,1
40,672823,0.856215085,1320.905825,0,856215085,0,1320,905825,3,2019-06-18 00:00:00.0000000,2019-04-15 00:00:00.0000000,NULL,NULL,NULL,,1,1,1
40,429864,0.986698806,4068.068727,0,986698806,0,4068,68727,5,2019-09-05 00:00:00.0000000,2018-11-09 00:00:00.0000000,2,2020-09-14 00:00:00.0000000,2020-07-27 00:00:00.0000000,,0,0,1
40,739414,0.475744892,8.336267301,0,475744892,1,8,336267301,2,2018-12-21 00:00:00.0000000,2018-11-29 00:00:00.0000000,NULL,NULL,NULL,,1,1,1
40,425743,0.247879038,686.0215677,0,247879038,1,686,215677,4,2019-01-14 00:00:00.0000000,2018-11-12 00:00:00.0000000,2,2020-08-28 00:00:00.0000000,2019-10-11 00:00:00.0000000,,0,0,1
40,422962,0.997636018,52402.12847,0,997636018,0,52402,12847,60,2019-09-23 00:00:00.0000000,2018-10-10 00:00:00.0000000,67,2020-09-25 00:00:00.0000000,2019-10-07 00:00:00.0000000,,0,0,1
40,430686,0.995206755,21150.86004,0,995206755,0,21150,86004,23,2019-09-16 00:00:00.0000000,2018-10-16 00:00:00.0000000,19,2020-09-30 00:00:00.0000000,2019-11-27 00:00:00.0000000,,0,0,1
40,432380,0.999020972,130015.3901,0,999020972,0,130015,3901,119,2019-09-27 00:00:00.0000000,2018-10-03 00:00:00.0000000,98,2020-09-22 00:00:00.0000000,2019-10-01 00:00:00.0000000,,0,0,1
40,726506,0.993970764,1963.582138,0,993970764,0,1963,582138,9,2019-09-23 00:00:00.0000000,2018-10-29 00:00:00.0000000,1,2020-06-02 00:00:00.0000000,2020-06-02 00:00:00.0000000,,0,0,1
40,659596,0.978935165,2723.392936,0,978935165,0,2723,392936,8,2019-08-05 00:00:00.0000000,2018-10-22 00:00:00.0000000,2,2020-05-13 00:00:00.0000000,2020-05-08 00:00:00.0000000,,0,0,1
40,685548,0.641247908,0,0,641247908,0,0,1,2018-12-11 00:00:00.0000000,2018-12-11 00:00:00.0000000,NULL,NULL,NULL,NULL,1,,1,1
40,733106,0.960672454,233310.3286,0,960672454,0,233310,3286,2,2019-07-29 00:00:00.0000000,2019-01-25 00:00:00.0000000,NULL,NULL,NULL,,1,1,1
40,717145,0.990606553,838.8180962,0,990606553,0,838,8180962,6,2019-09-18 00:00:00.0000000,2018-10-31 00:00:00.0000000,5,2020-06-26 00:00:00.0000000,2019-10-23 00:00:00.0000000,,0,0,1
40,427782,0.994397334,3415.96595,0,994397334,0,3415,96595,9,2019-09-26 00:00:00.0000000,2018-11-06 00:00:00.0000000,7,2020-09-08 00:00:00.0000000,2019-11-19 00:00:00.0000000,,0,0,1
40,425192,0.973489366,1641.268931,0,973489366,0,1641,268931,6,2019-07-18 00:00:00.0000000,2018-10-05 00:00:00.0000000,5,2020-09-24 00:00:00.0000000,2020-05-19 00:00:00.0000000,,0,0,1
40,730184,0.027330242,64.2858068,0,27330242,1,64,2858068,6,2019-02-13 00:00:00.0000000,2018-12-17 00:00:00.0000000,3,2020-05-26 00:00:00.0000000,2019-12-23 00:00:00.0000000,,0,0,1
40,725881,0.99107461,3242.456407,0,99107461,0,3242,456407,8,2019-09-10 00:00:00.0000000,2018-10-25 00:00:00.0000000,4,2020-07-15 00:00:00.0000000,2019-12-20 00:00:00.0000000,,0,0,1
40,696291,0.096880537,35.86420452,0,96880537,1,35,86420452,2,2018-11-21 00:00:00.0000000,2018-11-20 00:00:00.0000000,2,2020-05-13 00:00:00.0000000,2019-11-13 00:00:00.0000000,,0,0,1
40,586949,0.92249181,14984.46596,0,92249181,0,14984,46596,4,2019-07-08 00:00:00.0000000,2019-03-21 00:00:00.0000000,6,2020-08-27 00:00:00.0000000,2019-10-28 00:00:00.0000000,,0,0,1
40,425176,0.998289575,460746.25,0,998289575,0,460746,25,97,2019-09-25 00:00:00.0000000,2018-10-04 00:00:00.0000000,72,2020-09-22 00:00:00.0000000,2019-10-01 00:00:00.0000000,,0,0,1
40,704197,0.469997348,198.1219658,0,469997348,1,198,1219658,2,2019-02-15 00:00:00.0000000,2019-01-30 00:00:00.0000000,NULL,NULL,NULL,,1,1,1
40,429691,0.837536767,0,0,837536767,0,0,1,2019-08-22 00:00:00.0000000,2019-08-22 00:00:00.0000000,2,2020-03-02 00:00:00.0000000,2019-10-29 00:00:00.0000000,NULL,0,,0,1
40,711118,0.870407371,32.35252284,0,870407371,0,32,35252284,2,2019-04-17 00:00:00.0000000,2019-02-01 00:00:00.0000000,1,2020-01-16 00:00:00.0000000,2020-01-16 00:00:00.0000000,,0,0,1
40,425991,0.992292916,2992.449789,0,992292916,0,2992,449789,6,2019-09-30 00:00:00.0000000,2018-11-21 00:00:00.0000000,9,2020-09-30 00:00:00.0000000,2019-11-08 00:00:00.0000000,,0,0,1
40,424147,0.999799196,3052135.029,0,999799196,0,3052135,29,220,2019-09-30 00:00:00.0000000,2018-10-01 00:00:00.0000000,239,2020-09-30 00:00:00.0000000,2019-10-01 00:00:00.0000000,,0,0,1
40,604494,0.998284864,19307.63672,0,998284864,0,19307,63672,26,2019-09-30 00:00:00.0000000,2018-10-10 00:00:00.0000000,12,2020-06-09 00:00:00.0000000,2019-10-01 00:00:00.0000000,,0,0,1
40,434749,0.992101435,14957.63479,0,992101435,0,14957,63479,28,2019-09-09 00:00:00.0000000,2018-10-01 00:00:00.0000000,30,2020-09-22 00:00:00.0000000,2019-10-01 00:00:00.0000000,,0,0,1
40,582058,0.998178346,15437.50721,0,998178346,0,15437,50721,36,2019-09-26 00:00:00.0000000,2018-10-04 00:00:00.0000000,31,2020-09-28 00:00:00.0000000,2019-12-27 00:00:00.0000000,,0,0,1
40,431993,0.960814193,5140.392368,0,960814193,0,5140,392368,6,2019-06-27 00:00:00.0000000,2018-10-03 00:00:00.0000000,1,2020-01-28 00:00:00.0000000,2020-01-28 00:00:00.0000000,,0,0,1
40,694125,0.993244951,10617.95219,0,993244951,0,10617,95219,13,2019-09-12 00:00:00.0000000,2018-10-25 00:00:00.0000000,14,2020-09-17 00:00:00.0000000,2019-10-09 00:00:00.0000000,,0,0,1
40,424532,0.997836996,134588.3886,0,997836996,0,134588,3886,41,2019-09-24 00:00:00.0000000,2018-10-17 00:00:00.0000000,36,2020-09-23 00:00:00.0000000,2019-10-03 00:00:00.0000000,,0,0,1
40,570835,0.907491784,4694.949378,0,907491784,0,4694,949378,3,2019-07-22 00:00:00.0000000,2019-05-22 00:00:00.0000000,2,2020-02-26 00:00:00.0000000,2019-10-11 00:00:00.0000000,,0,0,1
40,650964,0.910829884,0,0,910829884,0,0,1,2019-09-23 00:00:00.0000000,2019-09-23 00:00:00.0000000,NULL,NULL,NULL,NULL,1,,1,1
40,749703,0.140565298,24658.25616,0,140565298,1,24658,25616,3,2019-06-18 00:00:00.0000000,2019-06-13 00:00:00.0000000,NULL,NULL,NULL,,1,1,1
40,422456,0.916767195,1362.405558,0,916767195,0,1362,405558,6,2019-05-31 00:00:00.0000000,2018-10-30 00:00:00.0000000,9,2020-07-15 00:00:00.0000000,2019-11-11 00:00:00.0000000,,0,0,1
40,612342,0.632848723,0,0,632848723,0,0,1,2018-11-21 00:00:00.0000000,2018-11-21 00:00:00.0000000,3,2020-07-09 00:00:00.0000000,2020-06-03 00:00:00.0000000,NULL,0,,0,1
40,703293,0.813194844,362.5505714,0,813194844,0,362,5505714,3,2019-03-01 00:00:00.0000000,2018-11-09 00:00:00.0000000,NULL,NULL,NULL,,1,1,1
40,748049,0.328229033,2903.192596,0,328229033,1,2903,192596,3,2019-07-17 00:00:00.0000000,2019-07-10 00:00:00.0000000,NULL,NULL,NULL,,1,1,1
40,746848,0.757894676,0,0,757894676,0,0,1,2019-06-18 00:00:00.0000000,2019-06-18 00:00:00.0000000,4,2020-09-30 00:00:00.0000000,2020-09-07 00:00:00.0000000,NULL,0,,0,1
40,426701,0.778485422,4617.741969,0,778485422,0,4617,741969,4,2019-04-29 00:00:00.0000000,2019-01-18 00:00:00.0000000,1,2020-03-16 00:00:00.0000000,2020-03-16 00:00:00.0000000,,0,0,1
40,615706,0.952505919,6889.476077,0,952505919,0,6889,476077,6,2019-06-19 00:00:00.0000000,2018-10-09 00:00:00.0000000,6,2020-09-02 00:00:00.0000000,2019-10-23 00:00:00.0000000,,0,0,1
40,681091,0.99776784,25803.03733,0,99776784,0,25803,3733,32,2019-09-25 00:00:00.0000000,2018-11-05 00:00:00.0000000,10,2019-11-18 00:00:00.0000000,2019-10-07 00:00:00.0000000,,0,0,1
40,429131,0.947022441,3393.545894,0,947022441,0,3393,545894,7,2019-07-11 00:00:00.0000000,2018-12-19 00:00:00.0000000,21,2020-09-30 00:00:00.0000000,2019-10-01 00:00:00.0000000,,0,0,1
40,428779,0.985351437,124935.6982,0,985351437,0,124935,6982,52,2019-09-11 00:00:00.0000000,2018-10-19 00:00:00.0000000,45,2020-09-30 00:00:00.0000000,2019-10-09 00:00:00.0000000,,0,0,1
40,623490,0.998680099,56146.0622,0,998680099,0,56146,622,52,2019-09-27 00:00:00.0000000,2018-10-16 00:00:00.0000000,51,2020-09-21 00:00:00.0000000,2019-10-02 00:00:00.0000000,,0,0,1
40,434986,0.952473827,2345.904912,0,952473827,0,2345,904912,9,2019-07-09 00:00:00.0000000,2018-10-17 00:00:00.0000000,6,2020-08-31 00:00:00.0000000,2019-11-07 00:00:00.0000000,,0,0,1
40,631053,0.32571118,319.9260187,0,32571118,1,319,9260187,3,2018-12-27 00:00:00.0000000,2018-11-14 00:00:00.0000000,NULL,NULL,NULL,,1,1,1
40,431847,0.999570488,252730.3731,0,999570488,0,252730,3731,103,2019-09-30 00:00:00.0000000,2018-10-02 00:00:00.0000000,41,2020-09-10 00:00:00.0000000,2019-10-03 00:00:00.0000000,,0,0,1
40,429362,0.997501648,34452.15868,0,997501648,0,34452,15868,37,2019-09-23 00:00:00.0000000,2018-10-19 00:00:00.0000000,62,2020-09-22 00:00:00.0000000,2019-10-01 00:00:00.0000000,,0,0,1
40,432260,0.999460121,195021.3826,0,999460121,0,195021,3826,82,2019-09-30 00:00:00.0000000,2018-10-08 00:00:00.0000000,66,2020-09-30 00:00:00.0000000,2019-10-08 00:00:00.0000000,,0,0,1
40,433790,0.872549693,137.1325801,0,872549693,0,137,1325801,2,2019-03-19 00:00:00.0000000,2018-12-18 00:00:00.0000000,7,2020-09-21 00:00:00.0000000,2019-12-12 00:00:00.0000000,,0,0,1
40,435313,0.99898395,1197075.726,0,99898395,0,1197075,726,163,2019-09-27 00:00:00.0000000,2018-10-01 00:00:00.0000000,169,2020-09-30 00:00:00.0000000,2019-10-01 00:00:00.0000000,,0,0,1
40,719263,6.41E-04,65.63878255,0,641,1,65,63878255,12,2019-01-29 00:00:00.0000000,2018-10-09 00:00:00.0000000,13,2020-09-29 00:00:00.0000000,2019-10-28 00:00:00.0000000,,0,0,1
40,729091,0.621812512,0,0,621812512,0,0,1,2018-10-24 00:00:00.0000000,2018-10-24 00:00:00.0000000,1,2020-02-27 00:00:00.0000000,2020-02-27 00:00:00.0000000,NULL,0,,0,1
40,746039,0.994705865,88906.46362,0,994705865,0,88906,46362,10,2019-09-27 00:00:00.0000000,2019-04-03 00:00:00.0000000,2,2019-10-03 00:00:00.0000000,2019-10-01 00:00:00.0000000,,0,0,1
40,583641,0.998598728,130658.2634,0,998598728,0,130658,2634,61,2019-09-26 00:00:00.0000000,2018-10-01 00:00:00.0000000,41,2020-09-29 00:00:00.0000000,2019-10-01 00:00:00.0000000,,0,0,1
40,750570,0.949723918,1263.590133,0,949723918,0,1263,590133,3,2019-09-02 00:00:00.0000000,2019-07-22 00:00:00.0000000,2,2020-08-20 00:00:00.0000000,2020-01-09 00:00:00.0000000,,0,0,1
40,749455,0.832591652,0,0,832591652,0,0,1,2019-08-19 00:00:00.0000000,2019-08-19 00:00:00.0000000,NULL,NULL,NULL,NULL,1,,1,1
40,705436,0.969770701,1224.677747,0,969770701,0,1224,677747,4,2019-07-18 00:00:00.0000000,2018-11-26 00:00:00.0000000,2,2019-11-27 00:00:00.0000000,2019-10-07 00:00:00.0000000,,0,0,1
40,587843,0.988725131,1312.338679,0,988725131,0,1312,338679,5,2019-09-16 00:00:00.0000000,2018-10-29 00:00:00.0000000,5,2020-07-31 00:00:00.0000000,2019-10-30 00:00:00.0000000,,0,0,1
40,606552,0.995447615,19949.39141,0,995447615,0,19949,39141,22,2019-09-19 00:00:00.0000000,2018-12-12 00:00:00.0000000,15,2020-09-14 00:00:00.0000000,2019-10-02 00:00:00.0000000,,0,0,1
40,690324,0.971666087,2141.151978,0,971666087,0,2141,151978,2,2019-09-10 00:00:00.0000000,2018-12-03 00:00:00.0000000,4,2020-06-24 00:00:00.0000000,2019-10-15 00:00:00.0000000,,0,0,1
40,422644,0.99617004,8260.228548,0,99617004,0,8260,228548,16,2019-09-23 00:00:00.0000000,2018-10-19 00:00:00.0000000,14,2020-07-15 00:00:00.0000000,2019-10-23 00:00:00.0000000,,0,0,1
40,729219,0.997029687,2711.942296,0,997029687,0,2711,942296,22,2019-09-24 00:00:00.0000000,2018-10-29 00:00:00.0000000,23,2020-09-21 00:00:00.0000000,2019-10-21 00:00:00.0000000,,0,0,1
40,712984,0.654775715,0,0,654775715,0,0,1,2019-01-10 00:00:00.0000000,2019-01-10 00:00:00.0000000,NULL,NULL,NULL,NULL,1,,1,1
40,426347,0.998399813,17986.81658,0,998399813,0,17986,81658,38,2019-09-27 00:00:00.0000000,2018-10-11 00:00:00.0000000,49,2020-09-29 00:00:00.0000000,2019-10-01 00:00:00.0000000,,0,0,1
40,720503,0.990705379,17403.2222,0,990705379,0,17403,2222,15,2019-09-05 00:00:00.0000000,2018-11-08 00:00:00.0000000,13,2020-08-31 00:00:00.0000000,2019-11-05 00:00:00.0000000,,0,0,1
40,434519,0.999018916,446218.7461,0,999018916,0,446218,7461,136,2019-09-27 00:00:00.0000000,2018-10-02 00:00:00.0000000,119,2020-09-29 00:00:00.0000000,2019-10-02 00:00:00.0000000,,0,0,1
40,652531,0.997148355,37730.52541,0,997148355,0,37730,52541,25,2019-09-23 00:00:00.0000000,2018-10-02 00:00:00.0000000,30,2020-09-16 00:00:00.0000000,2019-10-07 00:00:00.0000000,,0,0,1
40,712603,0.660538704,0,0,660538704,0,0,1,2019-01-22 00:00:00.0000000,2019-01-22 00:00:00.0000000,NULL,NULL,NULL,NULL,1,,1,1
40,652849,0.987220573,4389.206267,0,987220573,0,4389,206267,11,2019-08-26 00:00:00.0000000,2018-10-30 00:00:00.0000000,3,2020-09-22 00:00:00.0000000,2019-11-13 00:00:00.0000000,,0,0,1
40,710220,0.653835873,0,0,653835873,0,0,1,2019-01-08 00:00:00.0000000,2019-01-08 00:00:00.0000000,NULL,NULL,NULL,NULL,1,,1,1
40,546393,0.643859903,0,0,643859903,0,0,1,2018-12-17 00:00:00.0000000,2018-12-17 00:00:00.0000000,NULL,NULL,NULL,NULL,1,,1,1
40,426741,0.964127034,3826.039411,0,964127034,0,3826,39411,13,2019-07-29 00:00:00.0000000,2018-10-05 00:00:00.0000000,1,2020-03-09 00:00:00.0000000,2020-03-09 00:00:00.0000000,,0,0,1
40,735470,0.964911205,3664.565809,0,964911205,0,3664,565809,7,2019-07-12 00:00:00.0000000,2018-10-22 00:00:00.0000000,4,2020-04-24 00:00:00.0000000,2019-10-16 00:00:00.0000000,,0,0,1
40,717569,0.364142657,2205.32658,0,364142657,1,2205,32658,4,2019-02-18 00:00:00.0000000,2018-12-13 00:00:00.0000000,1,2019-12-31 00:00:00.0000000,2019-12-31 00:00:00.0000000,,0,0,1
40,726854,0.99840859,13693.62374,0,99840859,0,13693,62374,28,2019-09-30 00:00:00.0000000,2018-10-19 00:00:00.0000000,12,2020-09-21 00:00:00.0000000,2019-10-21 00:00:00.0000000,,0,0,1
40,599586,0.980978587,1765.086321,0,980978587,0,1765,86321,3,2019-09-12 00:00:00.0000000,2018-12-20 00:00:00.0000000,1,2019-11-08 00:00:00.0000000,2019-11-08 00:00:00.0000000,,0,0,1
40,433277,0.818222866,170.1636958,0,818222866,0,170,1636958,2,2019-04-12 00:00:00.0000000,2019-02-19 00:00:00.0000000,8,2020-09-15 00:00:00.0000000,2019-12-09 00:00:00.0000000,,0,0,1
40,572748,0.995090668,8686.94044,0,995090668,0,8686,94044,14,2019-09-19 00:00:00.0000000,2018-10-15 00:00:00.0000000,14,2020-06-29 00:00:00.0000000,2019-10-01 00:00:00.0000000,,0,0,1
40,579687,0.997459352,10062.55303,0,997459352,0,10062,55303,32,2019-09-23 00:00:00.0000000,2018-10-02 00:00:00.0000000,23,2020-09-08 00:00:00.0000000,2019-10-01 00:00:00.0000000,,0,0,1
40,429631,0.998609241,16052.18662,0,998609241,0,16052,18662,32,2019-09-30 00:00:00.0000000,2018-10-17 00:00:00.0000000,43,2020-09-25 00:00:00.0000000,2019-10-03 00:00:00.0000000,,0,0,1
40,733275,0.992841755,5808.574006,0,992841755,0,5808,574006,12,2019-09-16 00:00:00.0000000,2019-01-22 00:00:00.0000000,16,2020-09-23 00:00:00.0000000,2019-10-22 00:00:00.0000000,,0,0,1
40,696620,0.983047153,361.9037501,0,983047153,0,361,9037501,3,2019-09-24 00:00:00.0000000,2018-11-08 00:00:00.0000000,NULL,NULL,NULL,,1,1,1
40,421832,0.967884643,39268.37814,0,967884643,0,39268,37814,16,2019-08-08 00:00:00.0000000,2018-10-10 00:00:00.0000000,12,2020-07-07 00:00:00.0000000,2019-10-03 00:00:00.0000000,,0,0,1
40,527732,0.997916331,10796.55238,0,997916331,0,10796,55238,34,2019-09-25 00:00:00.0000000,2018-10-09 00:00:00.0000000,45,2020-09-30 00:00:00.0000000,2019-10-10 00:00:00.0000000,,0,0,1
40,579096,0.999009236,591184.6034,0,999009236,0,591184,6034,148,2019-09-27 00:00:00.0000000,2018-10-01 00:00:00.0000000,121,2020-09-28 00:00:00.0000000,2019-10-01 00:00:00.0000000,,0,0,1
40,435650,0.909493051,19544.15916,0,909493051,0,19544,15916,5,2019-06-04 00:00:00.0000000,2018-12-18 00:00:00.0000000,1,2020-09-18 00:00:00.0000000,2020-09-18 00:00:00.0000000,,0,0,1
40,709159,0.897417393,4495.486455,0,897417393,0,4495,486455,3,2019-05-10 00:00:00.0000000,2019-01-10 00:00:00.0000000,3,2020-08-31 00:00:00.0000000,2020-01-22 00:00:00.0000000,,0,0,1
40,701975,0.637832917,0,0,637832917,0,0,1,2018-12-03 00:00:00.0000000,2018-12-03 00:00:00.0000000,1,2020-08-21 00:00:00.0000000,2020-08-21 00:00:00.0000000,NULL,0,,0,1
40,435371,0.997847662,37791.39217,0,997847662,0,37791,39217,28,2019-09-26 00:00:00.0000000,2018-10-05 00:00:00.0000000,7,2020-07-17 00:00:00.0000000,2019-11-13 00:00:00.0000000,,0,0,1
40,430958,0.951235869,1568.759166,0,951235869,0,1568,759166,4,2019-06-19 00:00:00.0000000,2018-12-03 00:00:00.0000000,2,2020-03-13 00:00:00.0000000,2019-10-31 00:00:00.0000000,,0,0,1
40,429204,0.999741563,3682908.881,0,999741563,0,3682908,881,171,2019-09-30 00:00:00.0000000,2018-10-02 00:00:00.0000000,176,2020-09-30 00:00:00.0000000,2019-10-03 00:00:00.0000000,,0,0,1
40,733955,0.986713995,658.0894458,0,986713995,0,658,894458,4,2019-09-20 00:00:00.0000000,2018-11-29 00:00:00.0000000,8,2020-07-13 00:00:00.0000000,2019-10-21 00:00:00.0000000,,0,0,1
40,719555,0.616578963,0,0,616578963,0,0,1,2018-10-10 00:00:00.0000000,2018-10-10 00:00:00.0000000,NULL,NULL,NULL,NULL,1,,1,1
40,655148,0.998597312,113588.6282,0,998597312,0,113588,6282,46,2019-09-27 00:00:00.0000000,2018-10-05 00:00:00.0000000,47,2020-09-29 00:00:00.0000000,2019-10-10 00:00:00.0000000,,0,0,1
40,726139,0.990478646,5459.684842,0,990478646,0,5459,684842,6,2019-09-19 00:00:00.0000000,2018-12-18 00:00:00.0000000,2,2019-12-18 00:00:00.0000000,2019-12-16 00:00:00.0000000,,0,0,1
40,680826,0.996151984,4807.469727,0,996151984,0,4807,469727,22,2019-09-20 00:00:00.0000000,2018-10-30 00:00:00.0000000,25,2020-09-30 00:00:00.0000000,2019-10-03 00:00:00.0000000,,0,0,1
40,644178,0.997741586,22296.17363,0,997741586,0,22296,17363,27,2019-09-26 00:00:00.0000000,2018-10-31 00:00:00.0000000,19,2020-09-22 00:00:00.0000000,2019-10-03 00:00:00.0000000,,0,0,1
40,720216,0.987591152,6839.214372,0,987591152,0,6839,214372,14,2019-09-02 00:00:00.0000000,2018-12-17 00:00:00.0000000,45,2020-09-22 00:00:00.0000000,2019-10-02 00:00:00.0000000,,0,0,1
40,433531,0.848611677,2898.711829,0,848611677,0,2898,711829,14,2019-07-03 00:00:00.0000000,2018-10-24 00:00:00.0000000,6,2020-09-08 00:00:00.0000000,2019-10-28 00:00:00.0000000,,0,0,1
40,697814,0.880969946,2779.193334,0,880969946,0,2779,193334,2,2019-02-26 00:00:00.0000000,2018-11-08 00:00:00.0000000,1,2020-03-16 00:00:00.0000000,2020-03-16 00:00:00.0000000,,0,0,1
40,724556,0.996532635,11385.22289,0,996532635,0,11385,22289,13,2019-09-30 00:00:00.0000000,2018-11-28 00:00:00.0000000,7,2020-09-21 00:00:00.0000000,2019-10-04 00:00:00.0000000,,0,0,1
40,601478,0.036351706,2874.35079,0,36351706,1,2874,35079,5,2019-01-31 00:00:00.0000000,2018-12-17 00:00:00.0000000,NULL,NULL,NULL,,1,1,1
40,745648,0.977504912,5537.865713,0,977504912,0,5537,865713,3,2019-09-27 00:00:00.0000000,2019-09-12 00:00:00.0000000,4,2020-02-24 00:00:00.0000000,2019-10-18 00:00:00.0000000,,0,0,1
40,423956,0.965992758,57.28449369,0,965992758,0,57,28449369,3,2019-09-06 00:00:00.0000000,2019-07-05 00:00:00.0000000,12,2020-09-07 00:00:00.0000000,2019-10-07 00:00:00.0000000,,0,0,1
40,625106,0.99510392,14178.81719,0,99510392,0,14178,81719,20,2019-09-16 00:00:00.0000000,2018-10-16 00:00:00.0000000,10,2020-09-15 00:00:00.0000000,2019-11-11 00:00:00.0000000,,0,0,1
40,436209,0.753301133,0,0,753301133,0,0,1,2019-06-13 00:00:00.0000000,2019-06-13 00:00:00.0000000,1,2020-03-26 00:00:00.0000000,2020-03-26 00:00:00.0000000,NULL,0,,0,1
40,434959,0.950844353,2354.666459,0,950844353,0,2354,666459,4,2019-07-04 00:00:00.0000000,2019-01-18 00:00:00.0000000,2,2020-03-24 00:00:00.0000000,2020-02-12 00:00:00.0000000,,0,0,1
40,724736,0.710559501,837.1704104,0,710559501,0,837,1704104,12,2019-05-31 00:00:00.0000000,2018-10-05 00:00:00.0000000,NULL,NULL,NULL,,1,1,1
40,693763,0.998350248,19228.77563,0,998350248,0,19228,77563,36,2019-09-27 00:00:00.0000000,2018-10-02 00:00:00.0000000,16,2020-09-23 00:00:00.0000000,2019-10-10 00:00:00.0000000,,0,0,1
40,572673,0.01453677,42.50873285,0,1453677,1,42,50873285,5,2019-02-05 00:00:00.0000000,2019-01-03 00:00:00.0000000,NULL,NULL,NULL,,1,1,1
40,612865,0.871524728,1554.369041,0,871524728,0,1554,369041,6,2019-05-02 00:00:00.0000000,2018-10-04 00:00:00.0000000,2,2020-02-06 00:00:00.0000000,2019-12-03 00:00:00.0000000,,0,0,1
40,695839,0.995674075,7563.653627,0,995674075,0,7563,653627,12,2019-09-26 00:00:00.0000000,2018-11-08 00:00:00.0000000,22,2020-09-23 00:00:00.0000000,2019-10-21 00:00:00.0000000,,0,0,1
40,552124,0.997842263,22033.72822,0,997842263,0,22033,72822,28,2019-09-26 00:00:00.0000000,2018-10-08 00:00:00.0000000,3,2020-02-03 00:00:00.0000000,2020-01-13 00:00:00.0000000,,0,0,1
40,467874,0.978947196,2224.792138,0,978947196,0,2224,792138,7,2019-07-31 00:00:00.0000000,2018-10-01 00:00:00.0000000,NULL,NULL,NULL,,1,1,1
40,746906,0.68373774,0,0,68373774,0,0,1,2019-03-07 00:00:00.0000000,2019-03-07 00:00:00.0000000,NULL,NULL,NULL,NULL,1,,1,1
40,427966,0.991735804,3651.9575,0,991735804,0,3651,9575,9,2019-09-10 00:00:00.0000000,2018-10-15 00:00:00.0000000,4,2019-12-16 00:00:00.0000000,2019-10-29 00:00:00.0000000,,0,0,1
40,591710,0.999605087,608577.1328,0,999605087,0,608577,1328,112,2019-09-30 00:00:00.0000000,2018-10-03 00:00:00.0000000,93,2020-09-30 00:00:00.0000000,2019-10-07 00:00:00.0000000,,0,0,1
40,744596,0.60932784,13376.66834,0,60932784,0,13376,66834,2,2019-03-29 00:00:00.0000000,2019-03-08 00:00:00.0000000,NULL,NULL,NULL,,1,1,1
40,659289,0.99404752,24251.38834,0,99404752,0,24251,38834,11,2019-09-19 00:00:00.0000000,2018-11-22 00:00:00.0000000,16,2020-09-24 00:00:00.0000000,2019-10-17 00:00:00.0000000,,0,0,1
40,740695,0.613666875,0,0,613666875,0,0,1,2018-10-02 00:00:00.0000000,2018-10-02 00:00:00.0000000,NULL,NULL,NULL,NULL,1,,1,1
40,705354,0.616211902,0,0,616211902,0,0,1,2018-10-09 00:00:00.0000000,2018-10-09 00:00:00.0000000,NULL,NULL,NULL,NULL,1,,1,1
40,621525,0.6743544,0,0,6743544,0,0,1,2019-02-18 00:00:00.0000000,2019-02-18 00:00:00.0000000,NULL,NULL,NULL,NULL,1,,1,1
40,669701,0.130882504,20.64747929,0,130882504,1,20,64747929,2,2018-12-20 00:00:00.0000000,2018-12-18 00:00:00.0000000,5,2020-06-29 00:00:00.0000000,2019-10-03 00:00:00.0000000,,0,0,1
40,708612,0.997066788,13257.58797,0,997066788,0,13257,58797,20,2019-09-25 00:00:00.0000000,2018-10-09 00:00:00.0000000,14,2020-08-06 00:00:00.0000000,2019-11-15 00:00:00.0000000,,0,0,1
40,602978,0.976857603,8633.800588,0,976857603,0,8633,800588,22,2019-08-22 00:00:00.0000000,2018-10-09 00:00:00.0000000,12,2020-09-17 00:00:00.0000000,2019-10-21 00:00:00.0000000,,0,0,1
40,608531,0.679804213,0,0,679804213,0,0,1,2019-02-28 00:00:00.0000000,2019-02-28 00:00:00.0000000,2,2020-03-18 00:00:00.0000000,2020-02-27 00:00:00.0000000,NULL,0,,0,1
40,588448,0.645373162,4319.751642,0,645373162,0,4319,751642,2,2019-04-30 00:00:00.0000000,2019-04-11 00:00:00.0000000,1,2020-03-31 00:00:00.0000000,2020-03-31 00:00:00.0000000,,0,0,1
40,607076,0.974594785,2354.449524,0,974594785,0,2354,449524,3,2019-08-21 00:00:00.0000000,2019-02-05 00:00:00.0000000,2,2020-03-13 00:00:00.0000000,2019-10-08 00:00:00.0000000,,0,0,1
40,744597,0.991217197,383053.8018,0,991217197,0,383053,8018,15,2019-09-09 00:00:00.0000000,2018-12-17 00:00:00.0000000,14,2020-09-17 00:00:00.0000000,2019-10-02 00:00:00.0000000,,0,0,1
40,704199,0.796633582,2125.81514,0,796633582,0,2125,81514,2,2019-05-10 00:00:00.0000000,2019-04-03 00:00:00.0000000,NULL,NULL,NULL,,1,1,1
40,431728,0.99251718,24113.70886,0,99251718,0,24113,70886,42,2019-09-13 00:00:00.0000000,2018-10-03 00:00:00.0000000,46,2020-09-21 00:00:00.0000000,2019-10-08 00:00:00.0000000,,0,0,1
40,732136,0.904952537,5519.727272,0,904952537,0,5519,727272,4,2019-04-24 00:00:00.0000000,2018-10-23 00:00:00.0000000,NULL,NULL,NULL,,1,1,1
40,748265,0.986847738,1157.226072,0,986847738,0,1157,226072,5,2019-09-19 00:00:00.0000000,2019-05-09 00:00:00.0000000,5,2020-09-23 00:00:00.0000000,2019-12-03 00:00:00.0000000,,0,0,1
40,527835,0.780051571,0,0,780051571,0,0,1,2019-07-10 00:00:00.0000000,2019-07-10 00:00:00.0000000,50,2020-09-17 00:00:00.0000000,2019-12-12 00:00:00.0000000,NULL,0,,0,1
40,652821,0.995896113,16361.82246,0,995896113,0,16361,82246,15,2019-09-23 00:00:00.0000000,2018-11-14 00:00:00.0000000,25,2020-08-04 00:00:00.0000000,2019-10-17 00:00:00.0000000,,0,0,1
40,587331,0.984741096,4985.678201,0,984741096,0,4985,678201,6,2019-08-30 00:00:00.0000000,2019-01-14 00:00:00.0000000,6,2020-07-15 00:00:00.0000000,2020-01-14 00:00:00.0000000,,0,0,1
40,424674,0.999296585,235420.8264,0,999296585,0,235420,8264,63,2019-09-30 00:00:00.0000000,2018-10-08 00:00:00.0000000,78,2020-09-30 00:00:00.0000000,2019-10-07 00:00:00.0000000,,0,0,1
40,748526,0.978556725,7408.04862,0,978556725,0,7408,4862,5,2019-09-10 00:00:00.0000000,2019-06-10 00:00:00.0000000,22,2020-09-30 00:00:00.0000000,2019-10-04 00:00:00.0000000,,0,0,1
40,425513,0.997580515,31226.75489,0,997580515,0,31226,75489,37,2019-09-23 00:00:00.0000000,2018-10-03 00:00:00.0000000,36,2020-09-21 00:00:00.0000000,2019-10-10 00:00:00.0000000,,0,0,1
40,747143,0.686031679,0,0,686031679,0,0,1,2019-03-11 00:00:00.0000000,2019-03-11 00:00:00.0000000,NULL,NULL,NULL,NULL,1,,1,1
40,427733,0.999524167,235130.3783,0,999524167,0,235130,3783,93,2019-09-30 00:00:00.0000000,2018-10-05 00:00:00.0000000,115,2020-09-30 00:00:00.0000000,2019-10-04 00:00:00.0000000,,0,0,1
40,433763,0.9872565,3912.454151,0,9872565,0,3912,454151,4,2019-09-23 00:00:00.0000000,2018-10-31 00:00:00.0000000,6,2020-09-25 00:00:00.0000000,2019-10-07 00:00:00.0000000,,0,0,1
40,428233,0.621053813,0,0,621053813,0,0,1,2018-10-22 00:00:00.0000000,2018-10-22 00:00:00.0000000,9,2020-09-30 00:00:00.0000000,2019-11-04 00:00:00.0000000,NULL,0,,0,1
40,611540,0.103185139,4.381758181,0,103185139,1,4,381758181,2,2018-10-26 00:00:00.0000000,2018-10-24 00:00:00.0000000,NULL,NULL,NULL,,1,1,1
40,688970,0.485525551,954.2977967,0,485525551,1,954,2977967,4,2019-04-08 00:00:00.0000000,2019-02-04 00:00:00.0000000,7,2020-09-30 00:00:00.0000000,2020-01-30 00:00:00.0000000,,0,0,1
40,433078,0.996734041,11852.8743,0,996734041,0,11852,8743,39,2019-09-20 00:00:00.0000000,2018-10-01 00:00:00.0000000,28,2020-09-25 00:00:00.0000000,2019-10-14 00:00:00.0000000,,0,0,1
40,564195,0.998398589,137735.3063,0,998398589,0,137735,3063,45,2019-09-26 00:00:00.0000000,2018-10-02 00:00:00.0000000,39,2020-09-28 00:00:00.0000000,2019-10-16 00:00:00.0000000,,0,0,1
40,655783,0.998671508,70731.88855,0,998671508,0,70731,88855,75,2019-09-26 00:00:00.0000000,2018-10-02 00:00:00.0000000,47,2020-09-21 00:00:00.0000000,2019-10-02 00:00:00.0000000,,0,0,1
40,464315,0.774705252,0,0,774705252,0,0,1,2019-07-05 00:00:00.0000000,2019-07-05 00:00:00.0000000,5,2020-08-21 00:00:00.0000000,2019-12-13 00:00:00.0000000,NULL,0,,0,1
40,729472,0.733267188,380.7794826,0,733267188,0,380,7794826,2,2018-12-04 00:00:00.0000000,2018-10-03 00:00:00.0000000,3,2020-09-23 00:00:00.0000000,2020-02-13 00:00:00.0000000,,0,0,1
40,434343,0.694342808,0,0,694342808,0,0,1,2019-03-25 00:00:00.0000000,2019-03-25 00:00:00.0000000,3,2020-06-01 00:00:00.0000000,2020-03-26 00:00:00.0000000,NULL,0,,0,1
40,742519,0.820406184,7125.030543,0,820406184,0,7125,30543,14,2019-07-01 00:00:00.0000000,2018-10-31 00:00:00.0000000,11,2020-09-21 00:00:00.0000000,2019-11-04 00:00:00.0000000,,0,0,1
40,428320,0.998818153,31312.59516,0,998818153,0,31312,59516,62,2019-09-27 00:00:00.0000000,2018-10-03 00:00:00.0000000,64,2020-09-29 00:00:00.0000000,2019-10-01 00:00:00.0000000,,0,0,1
40,426665,0.952577151,1111.917503,0,952577151,0,1111,917503,6,2019-07-01 00:00:00.0000000,2018-11-20 00:00:00.0000000,3,2020-09-03 00:00:00.0000000,2020-01-08 00:00:00.0000000,,0,0,1
40,432550,0.999801901,3691169.973,0,999801901,0,3691169,973,223,2019-09-30 00:00:00.0000000,2018-10-02 00:00:00.0000000,239,2020-09-30 00:00:00.0000000,2019-10-01 00:00:00.0000000,,0,0,1
40,680801,0.785609151,0,0,785609151,0,0,1,2019-07-15 00:00:00.0000000,2019-07-15 00:00:00.0000000,NULL,NULL,NULL,NULL,1,,1,1
40,427335,0.644299585,0,0,644299585,0,0,1,2018-12-18 00:00:00.0000000,2018-12-18 00:00:00.0000000,NULL,NULL,NULL,NULL,1,,1,1
40,713760,0.660538704,0,0,660538704,0,0,1,2019-01-22 00:00:00.0000000,2019-01-22 00:00:00.0000000,NULL,NULL,NULL,NULL,1,,1,1
40,697828,0.38294569,29.2483277,0,38294569,1,29,2483277,2,2018-11-30 00:00:00.0000000,2018-11-13 00:00:00.0000000,NULL,NULL,NULL,,1,1,1
40,694278,0.997207305,25116.97024,0,997207305,0,25116,97024,27,2019-09-23 00:00:00.0000000,2018-10-15 00:00:00.0000000,46,2020-09-23 00:00:00.0000000,2019-10-09 00:00:00.0000000,,0,0,1
40,687565,0.998349042,15804.04594,0,998349042,0,15804,4594,27,2019-09-30 00:00:00.0000000,2018-10-09 00:00:00.0000000,30,2020-09-21 00:00:00.0000000,2019-10-09 00:00:00.0000000,,0,0,1
40,579725,0.9965241,29417.43927,0,9965241,0,29417,43927,48,2019-09-20 00:00:00.0000000,2018-10-08 00:00:00.0000000,70,2020-09-30 00:00:00.0000000,2019-10-04 00:00:00.0000000,,0,0,1
40,424870,0.999722025,85835.35227,0,999722025,0,85835,35227,159,2019-09-30 00:00:00.0000000,2018-10-01 00:00:00.0000000,167,2020-09-30 00:00:00.0000000,2019-10-02 00:00:00.0000000,,0,0,1
40,620747,0.656259657,299.186532,0,656259657,0,299,186532,2,2019-04-18 00:00:00.0000000,2019-03-27 00:00:00.0000000,8,2020-07-29 00:00:00.0000000,2019-11-11 00:00:00.0000000,,0,0,1
40,431415,0.944628688,4754.348464,0,944628688,0,4754,348464,6,2019-06-14 00:00:00.0000000,2018-10-17 00:00:00.0000000,7,2020-09-04 00:00:00.0000000,2019-10-21 00:00:00.0000000,,0,0,1
40,527036,0.998841192,255934.3995,0,998841192,0,255934,3995,66,2019-09-27 00:00:00.0000000,2018-10-10 00:00:00.0000000,107,2020-09-30 00:00:00.0000000,2019-10-01 00:00:00.0000000,,0,0,1
40,465360,0.691921709,0,0,691921709,0,0,1,2019-03-21 00:00:00.0000000,2019-03-21 00:00:00.0000000,NULL,NULL,NULL,NULL,1,,1,1
40,428835,0.994953208,4925.457212,0,994953208,0,4925,457212,20,2019-09-16 00:00:00.0000000,2018-10-29 00:00:00.0000000,8,2020-07-22 00:00:00.0000000,2019-10-02 00:00:00.0000000,,0,0,1
40,423745,0.999741563,172813.0645,0,999741563,0,172813,645,171,2019-09-30 00:00:00.0000000,2018-10-01 00:00:00.0000000,181,2020-09-30 00:00:00.0000000,2019-10-01 00:00:00.0000000,,0,0,1
40,708492,0.984299293,5813.569243,0,984299293,0,5813,569243,12,2019-08-21 00:00:00.0000000,2018-10-30 00:00:00.0000000,15,2020-09-21 00:00:00.0000000,2019-11-06 00:00:00.0000000,,0,0,1
40,434975,0.99632959,5818.034361,0,99632959,0,5818,34361,17,2019-09-23 00:00:00.0000000,2018-10-18 00:00:00.0000000,11,2020-08-28 00:00:00.0000000,2019-10-30 00:00:00.0000000,,0,0,1
40,687066,0.646964417,0,0,646964417,0,0,1,2018-12-24 00:00:00.0000000,2018-12-24 00:00:00.0000000,NULL,NULL,NULL,NULL,1,,1,1
40,692380,0.208448047,138.4705655,0,208448047,1,138,4705655,2,2018-10-30 00:00:00.0000000,2018-10-22 00:00:00.0000000,3,2020-05-12 00:00:00.0000000,2020-04-24 00:00:00.0000000,,0,0,1
40,422184,0.999628371,398386.2759,0,999628371,0,398386,2759,119,2019-09-30 00:00:00.0000000,2018-10-04 00:00:00.0000000,119,2020-09-30 00:00:00.0000000,2019-10-01 00:00:00.0000000,,0,0,1
40,432716,0.999813617,4017913.734,0,999813617,0,4017913,734,237,2019-09-30 00:00:00.0000000,2018-10-01 00:00:00.0000000,204,2020-09-30 00:00:00.0000000,2019-10-01 00:00:00.0000000,,0,0,1
40,422430,0.99868699,99647.71394,0,99868699,0,99647,71394,51,2019-09-27 00:00:00.0000000,2018-10-02 00:00:00.0000000,79,2020-09-23 00:00:00.0000000,2019-10-01 00:00:00.0000000,,0,0,1
40,744363,0.774705252,0,0,774705252,0,0,1,2019-07-05 00:00:00.0000000,2019-07-05 00:00:00.0000000,NULL,NULL,NULL,NULL,1,,1,1
40,565294,0.998604406,47733.09503,0,998604406,0,47733,9503,70,2019-09-26 00:00:00.0000000,2018-10-18 00:00:00.0000000,90,2020-09-28 00:00:00.0000000,2019-10-01 00:00:00.0000000,,0,0,1
40,750863,0.781145598,0,0,781145598,0,0,1,2019-07-11 00:00:00.0000000,2019-07-11 00:00:00.0000000,NULL,NULL,NULL,NULL,1,,1,1
40,747097,0.655979067,1112.877529,0,655979067,0,1112,877529,3,2019-04-30 00:00:00.0000000,2019-03-14 00:00:00.0000000,NULL,NULL,NULL,,1,1,1
40,724785,0.95307851,284.8774522,0,95307851,0,284,8774522,5,2019-06-10 00:00:00.0000000,2018-10-03 00:00:00.0000000,NULL,NULL,NULL,,1,1,1
40,717728,0.931826941,667.1739306,0,931826941,0,667,1739306,6,2019-06-13 00:00:00.0000000,2018-11-12 00:00:00.0000000,5,2020-09-23 00:00:00.0000000,2019-10-07 00:00:00.0000000,,0,0,1
40,677286,0.792632252,1964.186491,0,792632252,0,1964,186491,2,2019-07-30 00:00:00.0000000,2019-07-18 00:00:00.0000000,54,2020-09-30 00:00:00.0000000,2019-10-17 00:00:00.0000000,,0,0,1
40,675140,0.97226982,1254.957279,0,97226982,0,1254,957279,2,2019-09-20 00:00:00.0000000,2019-03-27 00:00:00.0000000,4,2020-06-09 00:00:00.0000000,2020-02-07 00:00:00.0000000,,0,0,1
40,729143,0.015913806,515.500815,0,15913806,1,515,500815,33,2019-06-25 00:00:00.0000000,2018-10-26 00:00:00.0000000,19,2020-09-29 00:00:00.0000000,2020-01-22 00:00:00.0000000,,0,0,1
40,425672,0.980849829,33665.27339,0,980849829,0,33665,27339,74,2019-09-13 00:00:00.0000000,2018-10-04 00:00:00.0000000,9,2020-09-09 00:00:00.0000000,2019-10-01 00:00:00.0000000,,0,0,1
40,628160,0.995506822,3107.070464,0,995506822,0,3107,70464,13,2019-09-23 00:00:00.0000000,2018-10-30 00:00:00.0000000,11,2020-09-21 00:00:00.0000000,2019-12-05 00:00:00.0000000,,0,0,1
40,724812,0.967252137,1277.876479,0,967252137,0,1277,876479,8,2019-07-16 00:00:00.0000000,2018-10-08 00:00:00.0000000,NULL,NULL,NULL,,1,1,1
40,586605,0.765561168,0,0,765561168,0,0,1,2019-06-26 00:00:00.0000000,2019-06-26 00:00:00.0000000,3,2020-09-09 00:00:00.0000000,2020-05-21 00:00:00.0000000,NULL,0,,0,1
40,651277,0.983612085,1523.977135,0,983612085,0,1523,977135,4,2019-08-29 00:00:00.0000000,2018-10-09 00:00:00.0000000,4,2020-09-07 00:00:00.0000000,2019-10-28 00:00:00.0000000,,0,0,1
40,430852,0.994785635,9077.086755,0,994785635,0,9077,86755,50,2019-09-17 00:00:00.0000000,2018-10-02 00:00:00.0000000,37,2020-09-30 00:00:00.0000000,2019-10-03 00:00:00.0000000,,0,0,1
40,575800,0.614739534,1205.931028,0,614739534,0,1205,931028,13,2019-06-04 00:00:00.0000000,2018-10-23 00:00:00.0000000,1,2020-06-12 00:00:00.0000000,2020-06-12 00:00:00.0000000,,0,0,1
40,494893,0.998184977,155703.0026,0,998184977,0,155703,26,45,2019-09-25 00:00:00.0000000,2018-10-04 00:00:00.0000000,43,2020-09-28 00:00:00.0000000,2019-10-02 00:00:00.0000000,,0,0,1
40,463152,0.859628874,0,0,859628874,0,0,1,2019-09-03 00:00:00.0000000,2019-09-03 00:00:00.0000000,3,2020-05-12 00:00:00.0000000,2020-03-09 00:00:00.0000000,NULL,0,,0,1
40,627892,0.981244247,6119.936479,0,981244247,0,6119,936479,4,2019-09-13 00:00:00.0000000,2019-05-21 00:00:00.0000000,4,2020-07-15 00:00:00.0000000,2020-05-11 00:00:00.0000000,,0,0,1
40,655482,0.991407391,5762.965021,0,991407391,0,5762,965021,8,2019-09-16 00:00:00.0000000,2019-01-15 00:00:00.0000000,1,2019-10-21 00:00:00.0000000,2019-10-21 00:00:00.0000000,,0,0,1
40,538759,0.985171453,9038.767429,0,985171453,0,9038,767429,13,2019-08-21 00:00:00.0000000,2018-10-08 00:00:00.0000000,3,2020-09-16 00:00:00.0000000,2020-07-27 00:00:00.0000000,,0,0,1
40,441724,0.901212946,0,0,901212946,0,0,1,2019-09-20 00:00:00.0000000,2019-09-20 00:00:00.0000000,NULL,NULL,NULL,NULL,1,,1,1
40,547502,0.701206141,0,0,701206141,0,0,1,2019-04-05 00:00:00.0000000,2019-04-05 00:00:00.0000000,1,2020-04-03 00:00:00.0000000,2020-04-03 00:00:00.0000000,NULL,0,,0,1
40,743143,0.937307368,5504.418603,0,937307368,0,5504,418603,9,2019-07-23 00:00:00.0000000,2019-01-14 00:00:00.0000000,8,2020-04-27 00:00:00.0000000,2019-12-19 00:00:00.0000000,,0,0,1
40,592802,0.646702757,356.4748409,0,646702757,0,356,4748409,4,2019-02-22 00:00:00.0000000,2018-11-06 00:00:00.0000000,NULL,NULL,NULL,,1,1,1
40,659599,0.616879846,398.0348919,0,616879846,0,398,348919,4,2019-02-28 00:00:00.0000000,2018-11-21 00:00:00.0000000,NULL,NULL,NULL,,1,1,1
40,628195,0.050101524,453.8385322,0,50101524,1,453,8385322,15,2019-04-22 00:00:00.0000000,2018-10-15 00:00:00.0000000,11,2020-07-10 00:00:00.0000000,2019-12-13 00:00:00.0000000,,0,0,1
40,696603,0.807703062,0,0,807703062,0,0,1,2019-08-02 00:00:00.0000000,2019-08-02 00:00:00.0000000,NULL,NULL,NULL,NULL,1,,1,1
40,715887,0.999367205,2339476.737,0,999367205,0,2339476,737,69,2019-09-30 00:00:00.0000000,2018-10-02 00:00:00.0000000,69,2020-09-30 00:00:00.0000000,2019-10-11 00:00:00.0000000,,0,0,1
40,558031,0.997491091,30355.50896,0,997491091,0,30355,50896,35,2019-09-23 00:00:00.0000000,2018-10-13 00:00:00.0000000,23,2020-09-21 00:00:00.0000000,2019-10-30 00:00:00.0000000,,0,0,1
40,435380,0.933389396,2826.842631,0,933389396,0,2826,842631,16,2019-07-24 00:00:00.0000000,2018-10-09 00:00:00.0000000,1,2020-02-25 00:00:00.0000000,2020-02-25 00:00:00.0000000,,0,0,1
40,677187,4.25E-14,3.06E-08,4,2.50E-13,1,3,6.00E-08,36,2019-05-21 00:00:00.0000000,2018-10-01 00:00:00.0000000,NULL,NULL,NULL,,1,1,1
40,426676,0.997371417,16122.57916,0,997371417,0,16122,57916,26,2019-09-24 00:00:00.0000000,2018-10-10 00:00:00.0000000,25,2020-09-30 00:00:00.0000000,2019-10-03 00:00:00.0000000,,0,0,1
40,556969,0.980037504,271.1115074,0,980037504,0,271,1115074,4,2019-08-20 00:00:00.0000000,2018-12-14 00:00:00.0000000,1,2019-11-12 00:00:00.0000000,2019-11-12 00:00:00.0000000,,0,0,1
40,730468,0.998867012,40382.87873,0,998867012,0,40382,87873,68,2019-09-27 00:00:00.0000000,2018-10-04 00:00:00.0000000,71,2020-09-28 00:00:00.0000000,2019-10-09 00:00:00.0000000,,0,0,1
40,426025,0.99979062,2166818.446,0,99979062,0,2166818,446,211,2019-09-30 00:00:00.0000000,2018-10-01 00:00:00.0000000,179,2020-09-30 00:00:00.0000000,2019-10-01 00:00:00.0000000,,0,0,1
40,576061,0.966330776,1532.50646,0,966330776,0,1532,50646,2,2019-08-16 00:00:00.0000000,2019-01-08 00:00:00.0000000,NULL,NULL,NULL,,1,1,1
40,473302,0.990130187,55013.87415,0,990130187,0,55013,87415,5,2019-09-26 00:00:00.0000000,2018-11-12 00:00:00.0000000,1,2020-02-10 00:00:00.0000000,2020-02-10 00:00:00.0000000,,0,0,1
40,435383,0.115139115,520.7959636,0,115139115,1,520,7959636,3,2018-12-19 00:00:00.0000000,2018-11-27 00:00:00.0000000,1,2020-05-29 00:00:00.0000000,2020-05-29 00:00:00.0000000,,0,0,1
40,428023,0.940048479,8097.792393,0,940048479,0,8097,792393,8,2019-06-21 00:00:00.0000000,2018-10-01 00:00:00.0000000,4,2020-09-30 00:00:00.0000000,2020-04-22 00:00:00.0000000,,0,0,1
40,527659,0.994217927,14810.66369,0,994217927,0,14810,66369,24,2019-09-13 00:00:00.0000000,2018-10-11 00:00:00.0000000,41,2020-09-30 00:00:00.0000000,2019-10-01 00:00:00.0000000,,0,0,1
40,435259,0.999711104,89023.56016,0,999711104,0,89023,56016,153,2019-09-30 00:00:00.0000000,2018-10-01 00:00:00.0000000,165,2020-09-30 00:00:00.0000000,2019-10-01 00:00:00.0000000,,0,0,1
40,724919,0.960759446,4658.620105,0,960759446,0,4658,620105,7,2019-07-08 00:00:00.0000000,2018-10-25 00:00:00.0000000,11,2020-09-25 00:00:00.0000000,2019-10-01 00:00:00.0000000,,0,0,1
40,673610,0.148578159,70.44414854,0,148578159,1,70,44414854,2,2018-10-16 00:00:00.0000000,2018-10-11 00:00:00.0000000,1,2019-12-30 00:00:00.0000000,2019-12-30 00:00:00.0000000,,0,0,1
40,430250,0.923874748,1744.083941,0,923874748,0,1744,83941,4,2019-04-29 00:00:00.0000000,2018-10-03 00:00:00.0000000,NULL,NULL,NULL,,1,1,1
40,428274,0.046393848,2327.878199,0,46393848,1,2327,878199,9,2019-04-25 00:00:00.0000000,2019-01-25 00:00:00.0000000,NULL,NULL,NULL,,1,1,1
40,667289,0.817380391,0,0,817380391,0,0,1,2019-08-09 00:00:00.0000000,2019-08-09 00:00:00.0000000,6,2020-08-24 00:00:00.0000000,2019-12-04 00:00:00.0000000,NULL,0,,0,1
40,425988,0.983779909,91432.82999,0,983779909,0,91432,82999,26,2019-09-06 00:00:00.0000000,2018-12-27 00:00:00.0000000,21,2020-09-10 00:00:00.0000000,2019-10-30 00:00:00.0000000,,0,0,1
40,742874,0.990723701,5537.131425,0,990723701,0,5537,131425,7,2019-09-12 00:00:00.0000000,2018-10-24 00:00:00.0000000,NULL,NULL,NULL,,1,1,1
40,744931,0.664504331,0,0,664504331,0,0,1,2019-01-30 00:00:00.0000000,2019-01-30 00:00:00.0000000,1,2019-12-26 00:00:00.0000000,2019-12-26 00:00:00.0000000,X,0,,0,1
40,645492,0.999813617,4478813.893,0,999813617,0,4478813,893,237,2019-09-30 00:00:00.0000000,2018-10-01 00:00:00.0000000,198,2020-09-30 00:00:00.0000000,2019-10-01 00:00:00.0000000,,0,0,1
40,434622,0.99669869,1081421.439,0,99669869,0,1081421,439,40,2019-09-20 00:00:00.0000000,2018-10-04 00:00:00.0000000,NULL,NULL,NULL,,1,1,1
40,668121,0.997289261,10117.79824,0,997289261,0,10117,79824,24,2019-09-25 00:00:00.0000000,2018-11-26 00:00:00.0000000,21,2020-09-18 00:00:00.0000000,2019-10-10 00:00:00.0000000,,0,0,1
40,435499,0.847558596,6681.920836,0,847558596,0,6681,920836,13,2019-06-27 00:00:00.0000000,2018-10-19 00:00:00.0000000,7,2020-07-23 00:00:00.0000000,2019-10-30 00:00:00.0000000,,0,0,1
40,678727,0.882019195,0,0,882019195,0,0,1,2019-09-13 00:00:00.0000000,2019-09-13 00:00:00.0000000,2,2020-09-11 00:00:00.0000000,2020-09-10 00:00:00.0000000,NULL,0,,0,1
40,600798,0.99840859,71950.06077,0,99840859,0,71950,6077,28,2019-09-30 00:00:00.0000000,2018-12-04 00:00:00.0000000,14,2020-09-29 00:00:00.0000000,2019-10-02 00:00:00.0000000,,0,0,1
40,699481,0.997240883,15643.99187,0,997240883,0,15643,99187,19,2019-09-27 00:00:00.0000000,2018-10-18 00:00:00.0000000,10,2020-08-26 00:00:00.0000000,2019-12-04 00:00:00.0000000,,0,0,1
40,582378,0.998942558,280700.1316,0,998942558,0,280700,1316,42,2019-09-30 00:00:00.0000000,2018-10-06 00:00:00.0000000,42,2020-09-30 00:00:00.0000000,2019-10-01 00:00:00.0000000,,0,0,1
40,580322,0.998000231,11716.4195,0,998000231,0,11716,4195,50,2019-09-24 00:00:00.0000000,2018-10-03 00:00:00.0000000,52,2020-09-23 00:00:00.0000000,2019-10-08 00:00:00.0000000,,0,0,1
40,433741,0.997520927,20409.75529,0,997520927,0,20409,75529,23,2019-09-26 00:00:00.0000000,2018-10-01 00:00:00.0000000,34,2020-09-29 00:00:00.0000000,2019-10-01 00:00:00.0000000,,0,0,1
40,744339,0.996236906,22307.79217,0,996236906,0,22307,79217,12,2019-09-30 00:00:00.0000000,2018-12-14 00:00:00.0000000,8,2020-09-08 00:00:00.0000000,2019-10-21 00:00:00.0000000,,0,0,1
40,435039,0.94144771,319.2040463,0,94144771,0,319,2040463,2,2019-07-15 00:00:00.0000000,2019-04-08 00:00:00.0000000,1,2020-05-06 00:00:00.0000000,2020-05-06 00:00:00.0000000,,0,0,1
40,464413,0.98136789,1892.091638,0,98136789,0,1892,91638,7,2019-08-26 00:00:00.0000000,2019-02-13 00:00:00.0000000,16,2020-05-18 00:00:00.0000000,2019-12-04 00:00:00.0000000,,0,0,1
40,432831,0.99833782,118963.1493,0,99833782,0,118963,1493,79,2019-09-25 00:00:00.0000000,2018-10-08 00:00:00.0000000,77,2020-09-28 00:00:00.0000000,2019-10-04 00:00:00.0000000,,0,0,1
40,579179,0.985392714,4339.106829,0,985392714,0,4339,106829,5,2019-08-26 00:00:00.0000000,2018-10-01 00:00:00.0000000,NULL,NULL,NULL,,1,1,1
40,475528,0.244945538,4373.250711,0,244945538,1,4373,250711,15,2019-05-21 00:00:00.0000000,2018-10-23 00:00:00.0000000,NULL,NULL,NULL,,1,1,1
40,669210,0.632848723,0,0,632848723,0,0,1,2018-11-21 00:00:00.0000000,2018-11-21 00:00:00.0000000,1,2020-09-10 00:00:00.0000000,2020-09-10 00:00:00.0000000,NULL,0,,0,1
40,707530,0.995306227,15388.01608,0,995306227,0,15388,1608,26,2019-09-16 00:00:00.0000000,2018-10-10 00:00:00.0000000,24,2020-09-29 00:00:00.0000000,2019-10-03 00:00:00.0000000,,0,0,1
40,655433,0.997017269,10740.27883,0,997017269,0,10740,27883,23,2019-09-23 00:00:00.0000000,2018-10-01 00:00:00.0000000,2,2019-11-21 00:00:00.0000000,2019-10-30 00:00:00.0000000,,0,0,1
40,433985,0.996676742,5202.225313,0,996676742,0,5202,225313,20,2019-09-23 00:00:00.0000000,2018-10-23 00:00:00.0000000,28,2020-09-21 00:00:00.0000000,2019-10-09 00:00:00.0000000,,0,0,1
40,712563,0.966443233,7888.459616,0,966443233,0,7888,459616,7,2019-07-11 00:00:00.0000000,2018-10-09 00:00:00.0000000,1,2020-05-22 00:00:00.0000000,2020-05-22 00:00:00.0000000,,0,0,1
40,426611,0.99956196,91771.26293,0,99956196,0,91771,26293,101,2019-09-30 00:00:00.0000000,2018-10-04 00:00:00.0000000,27,2020-01-14 00:00:00.0000000,2019-10-01 00:00:00.0000000,,0,0,1
40,726090,0.999578691,300817.036,0,999578691,0,300817,36,105,2019-09-30 00:00:00.0000000,2018-10-02 00:00:00.0000000,92,2020-09-30 00:00:00.0000000,2019-10-01 00:00:00.0000000,,0,0,1
40,448087,0.790127023,3970.267063,0,790127023,0,3970,267063,17,2019-07-02 00:00:00.0000000,2018-10-01 00:00:00.0000000,20,2020-07-15 00:00:00.0000000,2019-10-29 00:00:00.0000000,,0,0,1
40,682115,0.994477628,3117.820147,0,994477628,0,3117,820147,14,2019-09-16 00:00:00.0000000,2018-10-15 00:00:00.0000000,6,2020-09-01 00:00:00.0000000,2019-10-15 00:00:00.0000000,,0,0,1
40,715832,0.99820687,25026.98112,0,99820687,0,25026,98112,29,2019-09-28 00:00:00.0000000,2018-10-02 00:00:00.0000000,44,2020-09-28 00:00:00.0000000,2019-10-02 00:00:00.0000000,,0,0,1
40,428419,0.999582676,92262.35078,0,999582676,0,92262,35078,106,2019-09-30 00:00:00.0000000,2018-10-01 00:00:00.0000000,77,2020-09-30 00:00:00.0000000,2019-10-09 00:00:00.0000000,,0,0,1
40,506673,0.999807098,1938142.341,0,999807098,0,1938142,341,229,2019-09-30 00:00:00.0000000,2018-10-02 00:00:00.0000000,201,2020-09-30 00:00:00.0000000,2019-10-01 00:00:00.0000000,,0,0,1
40,749416,0.976029823,14382.34456,0,976029823,0,14382,34456,3,2019-09-12 00:00:00.0000000,2019-06-04 00:00:00.0000000,16,2020-09-18 00:00:00.0000000,2019-10-31 00:00:00.0000000,,0,0,1
40,655434,0.841816515,1553.536634,0,841816515,0,1553,536634,3,2019-03-26 00:00:00.0000000,2018-12-04 00:00:00.0000000,11,2020-09-30 00:00:00.0000000,2019-11-18 00:00:00.0000000,,0,0,1
40,427209,0.654775715,0,0,654775715,0,0,1,2019-01-10 00:00:00.0000000,2019-01-10 00:00:00.0000000,1,2020-02-13 00:00:00.0000000,2020-02-13 00:00:00.0000000,NULL,0,,0,1
40,576828,0.998234779,9547.838457,0,998234779,0,9547,838457,33,2019-09-27 00:00:00.0000000,2018-10-08 00:00:00.0000000,30,2020-09-21 00:00:00.0000000,2019-10-11 00:00:00.0000000,,0,0,1
40,675905,0.805180035,2479.411323,0,805180035,0,2479,411323,7,2019-07-01 00:00:00.0000000,2019-03-05 00:00:00.0000000,8,2020-09-28 00:00:00.0000000,2020-03-05 00:00:00.0000000,,0,0,1
40,671165,0.997589723,22357.2393,0,997589723,0,22357,2393,37,2019-09-23 00:00:00.0000000,2018-10-01 00:00:00.0000000,35,2020-09-21 00:00:00.0000000,2019-10-30 00:00:00.0000000,,0,0,1
40,425932,0.999022065,65543.333,0,999022065,0,65543,333,131,2019-09-27 00:00:00.0000000,2018-10-02 00:00:00.0000000,80,2020-09-16 00:00:00.0000000,2019-10-07 00:00:00.0000000,,0,0,1
40,621370,0.992097833,51140.52937,0,992097833,0,51140,52937,13,2019-09-10 00:00:00.0000000,2018-11-27 00:00:00.0000000,21,2020-09-14 00:00:00.0000000,2019-10-17 00:00:00.0000000,,0,0,1
40,434865,0.927359796,13027.01702,0,927359796,0,13027,1702,19,2019-07-29 00:00:00.0000000,2018-10-05 00:00:00.0000000,7,2020-07-15 00:00:00.0000000,2019-11-19 00:00:00.0000000,,0,0,1
40,435968,0.999714839,67990.40548,0,999714839,0,67990,40548,155,2019-09-30 00:00:00.0000000,2018-10-01 00:00:00.0000000,159,2020-09-30 00:00:00.0000000,2019-10-01 00:00:00.0000000,,0,0,1
40,442649,0.99614558,7922.358497,0,99614558,0,7922,358497,16,2019-09-23 00:00:00.0000000,2018-10-26 00:00:00.0000000,24,2020-09-29 00:00:00.0000000,2019-10-04 00:00:00.0000000,,0,0,1
40,422379,0.996973834,14327.00926,0,996973834,0,14327,926,24,2019-09-23 00:00:00.0000000,2018-10-30 00:00:00.0000000,18,2020-09-21 00:00:00.0000000,2019-10-30 00:00:00.0000000,,0,0,1
40,422828,0.974595359,9347.172818,0,974595359,0,9347,172818,21,2019-08-19 00:00:00.0000000,2018-10-05 00:00:00.0000000,21,2020-09-08 00:00:00.0000000,2019-10-07 00:00:00.0000000,,0,0,1
40,556962,0.618800025,0,0,618800025,0,0,1,2018-10-16 00:00:00.0000000,2018-10-16 00:00:00.0000000,NULL,NULL,NULL,NULL,1,,1,1
40,715924,0.998051975,25047.67037,0,998051975,0,25047,67037,29,2019-09-27 00:00:00.0000000,2018-10-10 00:00:00.0000000,28,2020-09-17 00:00:00.0000000,2019-10-07 00:00:00.0000000,,0,0,1
40,617223,0.997086609,12366.06732,0,997086609,0,12366,6732,18,2019-09-27 00:00:00.0000000,2018-11-05 00:00:00.0000000,8,2020-09-30 00:00:00.0000000,2019-10-31 00:00:00.0000000,,0,0,1
40,421786,0.989379127,251476.2636,0,989379127,0,251476,2636,12,2019-08-29 00:00:00.0000000,2018-10-01 00:00:00.0000000,8,2020-07-09 00:00:00.0000000,2019-10-03 00:00:00.0000000,,0,0,1
40,599467,0.999020692,269296.4069,0,999020692,0,269296,4069,118,2019-09-27 00:00:00.0000000,2018-10-03 00:00:00.0000000,94,2020-09-30 00:00:00.0000000,2019-10-02 00:00:00.0000000,,0,0,1
40,730416,0.996411921,36518.44277,0,996411921,0,36518,44277,20,2019-09-23 00:00:00.0000000,2018-12-18 00:00:00.0000000,18,2020-09-21 00:00:00.0000000,2019-10-30 00:00:00.0000000,,0,0,1
40,700073,0.969867182,5568.961882,0,969867182,0,5568,961882,2,2019-09-23 00:00:00.0000000,2019-07-30 00:00:00.0000000,3,2020-08-18 00:00:00.0000000,2020-01-27 00:00:00.0000000,,0,0,1
40,709233,0.952768858,506.8020555,0,952768858,0,506,8020555,4,2019-07-10 00:00:00.0000000,2019-01-30 00:00:00.0000000,NULL,NULL,NULL,,1,1,1
40,731725,0.668060235,0,0,668060235,0,0,1,2019-02-06 00:00:00.0000000,2019-02-06 00:00:00.0000000,NULL,NULL,NULL,NULL,1,,1,1
40,685766,0.797439741,0,0,797439741,0,0,1,2019-07-25 00:00:00.0000000,2019-07-25 00:00:00.0000000,NULL,NULL,NULL,NULL,1,,1,1
40,655353,0.995506822,18053.39929,0,995506822,0,18053,39929,13,2019-09-23 00:00:00.0000000,2018-10-30 00:00:00.0000000,13,2020-09-21 00:00:00.0000000,2019-10-30 00:00:00.0000000,,0,0,1
40,726010,0.99770183,16518.74471,0,99770183,0,16518,74471,46,2019-09-23 00:00:00.0000000,2018-10-01 00:00:00.0000000,48,2020-09-25 00:00:00.0000000,2019-10-30 00:00:00.0000000,,0,0,1
40,721682,0.99866806,45928.03693,0,99866806,0,45928,3693,74,2019-09-26 00:00:00.0000000,2018-10-02 00:00:00.0000000,69,2020-09-25 00:00:00.0000000,2019-10-02 00:00:00.0000000,,0,0,1
40,750137,0.943572977,1311.153729,0,943572977,0,1311,153729,3,2019-08-26 00:00:00.0000000,2019-07-10 00:00:00.0000000,2,2020-07-02 00:00:00.0000000,2020-06-17 00:00:00.0000000,,0,0,1
40,645117,0.994490579,3671.48713,0,994490579,0,3671,48713,10,2019-09-23 00:00:00.0000000,2018-10-25 00:00:00.0000000,12,2020-09-21 00:00:00.0000000,2019-10-30 00:00:00.0000000,,0,0,1
40,620891,0.995647184,23649.69788,0,995647184,0,23649,69788,26,2019-09-18 00:00:00.0000000,2018-11-06 00:00:00.0000000,12,2020-09-21 00:00:00.0000000,2019-11-08 00:00:00.0000000,,0,0,1
40,464510,0.997111698,10546.70344,0,997111698,0,10546,70344,22,2019-09-24 00:00:00.0000000,2018-10-02 00:00:00.0000000,9,2020-09-14 00:00:00.0000000,2019-12-27 00:00:00.0000000,,0,0,1
40,651279,0.997930936,12428.22456,0,997930936,0,12428,22456,45,2019-09-24 00:00:00.0000000,2018-10-08 00:00:00.0000000,40,2020-09-24 00:00:00.0000000,2019-10-03 00:00:00.0000000,,0,0,1
40,696173,0.790220413,0,0,790220413,0,0,1,2019-07-19 00:00:00.0000000,2019-07-19 00:00:00.0000000,NULL,NULL,NULL,NULL,1,,1,1
40,747244,0.68430801,0,0,68430801,0,0,1,2019-03-08 00:00:00.0000000,2019-03-08 00:00:00.0000000,NULL,NULL,NULL,NULL,1,,1,1
40,739469,0.085197833,10639.3863,0,85197833,1,10639,3863,34,2019-07-05 00:00:00.0000000,2018-10-02 00:00:00.0000000,1,2019-10-17 00:00:00.0000000,2019-10-17 00:00:00.0000000,,0,0,1
40,718825,0.32376608,1764.455985,0,32376608,1,1764,455985,22,2019-06-27 00:00:00.0000000,2018-10-26 00:00:00.0000000,12,2020-08-10 00:00:00.0000000,2019-10-21 00:00:00.0000000,,0,0,1
40,432859,0.998930411,52387.90649,0,998930411,0,52387,90649,80,2019-09-27 00:00:00.0000000,2018-10-08 00:00:00.0000000,74,2020-09-30 00:00:00.0000000,2019-10-07 00:00:00.0000000,,0,0,1
40,741749,0.613306736,0,0,613306736,0,0,1,2018-10-01 00:00:00.0000000,2018-10-01 00:00:00.0000000,NULL,NULL,NULL,NULL,1,,1,1
40,721778,0.996199884,5584.019898,0,996199884,0,5584,19898,15,2019-09-24 00:00:00.0000000,2018-10-02 00:00:00.0000000,27,2020-09-28 00:00:00.0000000,2019-10-16 00:00:00.0000000,,0,0,1
40,587598,0.998015387,8803.980952,0,998015387,0,8803,980952,32,2019-09-26 00:00:00.0000000,2018-10-15 00:00:00.0000000,41,2020-09-17 00:00:00.0000000,2019-10-09 00:00:00.0000000,,0,0,1
40,676569,0.997283634,16206.83131,0,997283634,0,16206,83131,31,2019-09-23 00:00:00.0000000,2018-11-02 00:00:00.0000000,NULL,NULL,NULL,,1,1,1
40,587606,0.70443117,0,0,70443117,0,0,1,2019-04-10 00:00:00.0000000,2019-04-10 00:00:00.0000000,1,2019-10-22 00:00:00.0000000,2019-10-22 00:00:00.0000000,NULL,0,,0,1
40,430082,0.99736191,200542.4361,0,99736191,0,200542,4361,17,2019-09-30 00:00:00.0000000,2018-12-04 00:00:00.0000000,14,2020-09-23 00:00:00.0000000,2019-10-16 00:00:00.0000000,,0,0,1
40,725695,0.748560145,30101.70758,0,748560145,0,30101,70758,6,2019-04-15 00:00:00.0000000,2018-10-30 00:00:00.0000000,5,2020-05-14 00:00:00.0000000,2020-02-05 00:00:00.0000000,,0,0,1
40,581118,0.99745435,4001.521941,0,99745435,0,4001,521941,33,2019-09-23 00:00:00.0000000,2018-10-10 00:00:00.0000000,15,2020-03-23 00:00:00.0000000,2019-10-15 00:00:00.0000000,,0,0,1
40,722289,0.713843951,0,0,713843951,0,0,1,2019-04-24 00:00:00.0000000,2019-04-24 00:00:00.0000000,NULL,NULL,NULL,NULL,1,,1,1
40,635783,0.789053147,0,0,789053147,0,0,1,2019-07-18 00:00:00.0000000,2019-07-18 00:00:00.0000000,NULL,NULL,NULL,NULL,1,,1,1
40,653801,0.991765556,3922.287082,0,991765556,0,3922,287082,6,2019-09-26 00:00:00.0000000,2018-11-05 00:00:00.0000000,6,2020-09-10 00:00:00.0000000,2020-02-28 00:00:00.0000000,,0,0,1
40,726098,0.139174706,15.39102235,0,139174706,1,15,39102235,2,2019-01-02 00:00:00.0000000,2018-12-31 00:00:00.0000000,NULL,NULL,NULL,,1,1,1
40,746891,0.994563085,6750.78742,0,994563085,0,6750,78742,12,2019-09-23 00:00:00.0000000,2019-02-26 00:00:00.0000000,22,2020-09-22 00:00:00.0000000,2019-10-10 00:00:00.0000000,,0,0,1
40,524115,0.99829092,175241.449,0,99829092,0,175241,449,63,2019-09-25 00:00:00.0000000,2018-10-17 00:00:00.0000000,57,2020-09-30 00:00:00.0000000,2019-10-04 00:00:00.0000000,,0,0,1
40,426215,0.99640969,8185.980511,0,99640969,0,8185,980511,14,2019-09-27 00:00:00.0000000,2018-10-03 00:00:00.0000000,9,2020-08-26 00:00:00.0000000,2019-10-14 00:00:00.0000000,,0,0,1
40,435369,0.999693014,45665.7553,0,999693014,0,45665,7553,144,2019-09-30 00:00:00.0000000,2018-10-01 00:00:00.0000000,157,2020-09-30 00:00:00.0000000,2019-10-02 00:00:00.0000000,,0,0,1
40,738592,0.682039561,0,0,682039561,0,0,1,2019-03-04 00:00:00.0000000,2019-03-04 00:00:00.0000000,NULL,NULL,NULL,NULL,1,,1,1
40,526932,0.991518102,1646.502783,0,991518102,0,1646,502783,6,2019-09-25 00:00:00.0000000,2018-12-20 00:00:00.0000000,13,2020-07-24 00:00:00.0000000,2019-10-29 00:00:00.0000000,,0,0,1
40,735136,0.995316041,9357.870692,0,995316041,0,9357,870692,28,2019-09-16 00:00:00.0000000,2018-10-08 00:00:00.0000000,25,2020-09-17 00:00:00.0000000,2019-11-06 00:00:00.0000000,,0,0,1
40,581159,0.215643707,514.1806335,0,215643707,1,514,1806335,2,2018-10-17 00:00:00.0000000,2018-10-08 00:00:00.0000000,NULL,NULL,NULL,,1,1,1
40,435171,0.999649063,38078.80763,0,999649063,0,38078,80763,126,2019-09-30 00:00:00.0000000,2018-10-01 00:00:00.0000000,156,2020-09-30 00:00:00.0000000,2019-10-01 00:00:00.0000000,,0,0,1
40,719651,0.657150764,0,0,657150764,0,0,1,2019-01-15 00:00:00.0000000,2019-01-15 00:00:00.0000000,1,2020-04-07 00:00:00.0000000,2020-04-07 00:00:00.0000000,NULL,0,,0,1
40,662408,0.99523913,6732.666084,0,99523913,0,6732,666084,17,2019-09-18 00:00:00.0000000,2018-10-30 00:00:00.0000000,6,2020-09-21 00:00:00.0000000,2019-10-17 00:00:00.0000000,,0,0,1
40,430632,0.968496419,2341.88556,0,968496419,0,2341,88556,8,2019-07-29 00:00:00.0000000,2018-12-03 00:00:00.0000000,4,2020-09-18 00:00:00.0000000,2019-10-18 00:00:00.0000000,,0,0,1
40,434296,0.923015779,3251.29961,0,923015779,0,3251,29961,9,2019-07-18 00:00:00.0000000,2019-01-14 00:00:00.0000000,3,2020-06-18 00:00:00.0000000,2019-10-08 00:00:00.0000000,,0,0,1
40,667240,0.707726167,0,0,707726167,0,0,1,2019-04-15 00:00:00.0000000,2019-04-15 00:00:00.0000000,NULL,NULL,NULL,NULL,1,,1,1
40,435377,0.998884782,32787.50289,0,998884782,0,32787,50289,70,2019-09-27 00:00:00.0000000,2018-10-02 00:00:00.0000000,69,2020-09-24 00:00:00.0000000,2019-10-07 00:00:00.0000000,,0,0,1
40,669871,0.993907593,11693.49548,0,993907593,0,11693,49548,10,2019-09-19 00:00:00.0000000,2018-10-11 00:00:00.0000000,7,2020-09-25 00:00:00.0000000,2019-10-30 00:00:00.0000000,,0,0,1
40,724809,0.628916897,1198.8504,0,628916897,0,1198,8504,9,2019-04-26 00:00:00.0000000,2018-10-03 00:00:00.0000000,1,2019-11-04 00:00:00.0000000,2019-11-04 00:00:00.0000000,,0,0,1
40,624023,0.981942323,5757.859955,0,981942323,0,5757,859955,6,2019-08-16 00:00:00.0000000,2018-11-27 00:00:00.0000000,5,2020-06-05 00:00:00.0000000,2020-01-10 00:00:00.0000000,,0,0,1
40,706444,0.997164198,16318.32667,0,997164198,0,16318,32667,27,2019-09-23 00:00:00.0000000,2018-10-25 00:00:00.0000000,33,2020-09-29 00:00:00.0000000,2019-10-30 00:00:00.0000000,,0,0,1
40,743063,0.004219658,3.725749608,0,4219658,1,3,725749608,4,2018-12-11 00:00:00.0000000,2018-11-28 00:00:00.0000000,NULL,NULL,NULL,,1,1,1
40,429402,0.998555773,37241.474,0,998555773,0,37241,474,58,2019-09-26 00:00:00.0000000,2018-10-08 00:00:00.0000000,56,2020-09-28 00:00:00.0000000,2019-10-09 00:00:00.0000000,,0,0,1
40,435956,0.999722025,73964.36008,0,999722025,0,73964,36008,159,2019-09-30 00:00:00.0000000,2018-10-01 00:00:00.0000000,157,2020-09-30 00:00:00.0000000,2019-10-01 00:00:00.0000000,,0,0,1
40,641511,0.998312569,83395.41628,0,998312569,0,83395,41628,95,2019-09-25 00:00:00.0000000,2018-10-02 00:00:00.0000000,117,2020-09-30 00:00:00.0000000,2019-10-01 00:00:00.0000000,,0,0,1
40,597623,0.891109841,212.0094731,0,891109841,0,212,94731,5,2019-05-14 00:00:00.0000000,2018-11-17 00:00:00.0000000,3,2020-01-30 00:00:00.0000000,2019-10-24 00:00:00.0000000,,0,0,1
40,750519,0.764580284,0,0,764580284,0,0,1,2019-06-25 00:00:00.0000000,2019-06-25 00:00:00.0000000,NULL,NULL,NULL,NULL,1,,1,1
40,604983,0.939628479,3513.052147,0,939628479,0,3513,52147,16,2019-07-30 00:00:00.0000000,2018-10-31 00:00:00.0000000,15,2020-06-11 00:00:00.0000000,2019-11-20 00:00:00.0000000,,0,0,1
40,656881,0.943794065,1078.680722,0,943794065,0,1078,680722,3,2019-05-21 00:00:00.0000000,2018-11-06 00:00:00.0000000,NULL,NULL,NULL,,1,1,1
40,717429,0.929383616,176.3477831,0,929383616,0,176,3477831,2,2019-04-11 00:00:00.0000000,2018-10-23 00:00:00.0000000,12,2020-09-24 00:00:00.0000000,2019-10-04 00:00:00.0000000,,0,0,1
40,707271,0.983069064,2911.270042,0,983069064,0,2911,270042,4,2019-09-02 00:00:00.0000000,2018-12-21 00:00:00.0000000,8,2020-06-23 00:00:00.0000000,2019-10-16 00:00:00.0000000,,0,0,1
40,661870,0.988020622,2945.365381,0,988020622,0,2945,365381,8,2019-08-27 00:00:00.0000000,2018-10-10 00:00:00.0000000,5,2020-09-23 00:00:00.0000000,2019-10-16 00:00:00.0000000,,0,0,1
40,584039,0.950842706,13616.08195,0,950842706,0,13616,8195,38,2019-08-27 00:00:00.0000000,2018-10-17 00:00:00.0000000,18,2020-07-17 00:00:00.0000000,2019-10-14 00:00:00.0000000,,0,0,1
40,465950,0.001605854,8.693665663,0,1605854,1,8,693665663,14,2019-03-07 00:00:00.0000000,2018-10-22 00:00:00.0000000,NULL,NULL,NULL,,1,1,1
40,431894,0.996594296,45965.46481,0,996594296,0,45965,46481,39,2019-09-20 00:00:00.0000000,2018-10-15 00:00:00.0000000,43,2020-09-28 00:00:00.0000000,2019-10-02 00:00:00.0000000,,0,0,1
40,435988,0.989710896,106.9392109,0,989710896,0,106,9392109,6,2019-09-12 00:00:00.0000000,2018-10-19 00:00:00.0000000,13,2020-09-02 00:00:00.0000000,2019-10-02 00:00:00.0000000,,0,0,1
40,431048,0.997289261,25096.18724,0,997289261,0,25096,18724,24,2019-09-25 00:00:00.0000000,2018-11-26 00:00:00.0000000,11,2020-09-21 00:00:00.0000000,2019-10-17 00:00:00.0000000,,0,0,1
40,435151,0.600084133,959.3066379,0,600084133,0,959,3066379,2,2018-11-12 00:00:00.0000000,2018-10-03 00:00:00.0000000,1,2020-08-07 00:00:00.0000000,2020-08-07 00:00:00.0000000,,0,0,1
40,609398,0.678698647,0,0,678698647,0,0,1,2019-02-26 00:00:00.0000000,2019-02-26 00:00:00.0000000,NULL,NULL,NULL,NULL,1,,1,1
40,447897,0.997562838,28619.00283,0,997562838,0,28619,283,22,2019-09-27 00:00:00.0000000,2018-10-16 00:00:00.0000000,50,2020-09-30 00:00:00.0000000,2019-10-09 00:00:00.0000000,,0,0,1
40,424322,0.997091141,21678.88234,0,997091141,0,21678,88234,26,2019-09-23 00:00:00.0000000,2018-10-30 00:00:00.0000000,14,2020-09-21 00:00:00.0000000,2019-10-30 00:00:00.0000000,,0,0,1
40,741487,0.658111153,0,0,658111153,0,0,1,2019-01-17 00:00:00.0000000,2019-01-17 00:00:00.0000000,NULL,NULL,NULL,NULL,1,,1,1
40,672340,0.641680169,0,0,641680169,0,0,1,2018-12-12 00:00:00.0000000,2018-12-12 00:00:00.0000000,1,2020-02-20 00:00:00.0000000,2020-02-20 00:00:00.0000000,NULL,0,,0,1
40,425617,0.663503291,0,0,663503291,0,0,1,2019-01-28 00:00:00.0000000,2019-01-28 00:00:00.0000000,NULL,NULL,NULL,NULL,1,,1,1
40,744572,0.99324496,6412.400167,0,99324496,0,6412,400167,8,2019-09-25 00:00:00.0000000,2019-02-22 00:00:00.0000000,2,2020-02-04 00:00:00.0000000,2019-11-05 00:00:00.0000000,,0,0,1
40,651283,0.979599122,8186.3107,0,979599122,0,8186,3107,4,2019-09-16 00:00:00.0000000,2019-07-01 00:00:00.0000000,2,2020-09-15 00:00:00.0000000,2020-06-18 00:00:00.0000000,,0,0,1
40,701833,0.741991888,0,0,741991888,0,0,1,2019-05-31 00:00:00.0000000,2019-05-31 00:00:00.0000000,NULL,NULL,NULL,NULL,1,,1,1
40,421871,0.945274462,342.9652115,0,945274462,0,342,9652115,4,2019-06-25 00:00:00.0000000,2019-01-08 00:00:00.0000000,NULL,NULL,NULL,,1,1,1
40,739768,0.667035837,0,0,667035837,0,0,1,2019-02-04 00:00:00.0000000,2019-02-04 00:00:00.0000000,NULL,NULL,NULL,NULL,1,,1,1
40,583889,0.998894546,40025.26636,0,998894546,0,40025,26636,72,2019-09-27 00:00:00.0000000,2018-10-04 00:00:00.0000000,54,2020-09-30 00:00:00.0000000,2019-10-04 00:00:00.0000000,,0,0,1
40,677475,0.745350054,29781.55108,0,745350054,0,29781,55108,27,2019-07-25 00:00:00.0000000,2018-10-03 00:00:00.0000000,16,2020-08-31 00:00:00.0000000,2019-10-10 00:00:00.0000000,,0,0,1
40,589295,0.955546441,517.2081016,0,955546441,0,517,2081016,2,2019-06-28 00:00:00.0000000,2018-12-04 00:00:00.0000000,NULL,NULL,NULL,,1,1,1
40,697858,0.097923287,2279.914591,0,97923287,1,2279,914591,5,2018-12-17 00:00:00.0000000,2018-10-03 00:00:00.0000000,3,2020-04-28 00:00:00.0000000,2019-11-29 00:00:00.0000000,,0,0,1
40,724877,0.997983072,681433.2961,0,997983072,0,681433,2961,61,2019-09-24 00:00:00.0000000,2018-10-13 00:00:00.0000000,81,2020-09-30 00:00:00.0000000,2019-10-02 00:00:00.0000000,,0,0,1
40,707309,0.672862038,502.8684346,0,672862038,0,502,8684346,2,2018-12-11 00:00:00.0000000,2018-10-25 00:00:00.0000000,2,2020-03-04 00:00:00.0000000,2019-11-18 00:00:00.0000000,,0,0,1
40,585079,0.293860924,5465.942477,0,293860924,1,5465,942477,6,2019-04-18 00:00:00.0000000,2019-01-23 00:00:00.0000000,2,2020-03-03 00:00:00.0000000,2020-03-02 00:00:00.0000000,,0,0,1
40,608071,0.915767366,4140.021808,0,915767366,0,4140,21808,18,2019-07-26 00:00:00.0000000,2018-10-16 00:00:00.0000000,11,2020-07-01 00:00:00.0000000,2019-10-30 00:00:00.0000000,,0,0,1
40,744294,0.635320595,0,0,635320595,0,0,1,2018-11-27 00:00:00.0000000,2018-11-27 00:00:00.0000000,1,2019-10-09 00:00:00.0000000,2019-10-09 00:00:00.0000000,NULL,0,,0,1
40,710104,0.997690518,31791.88325,0,997690518,0,31791,88325,62,2019-09-23 00:00:00.0000000,2018-10-01 00:00:00.0000000,51,2020-09-21 00:00:00.0000000,2019-10-28 00:00:00.0000000,,0,0,1
40,730820,0.05938795,139.749865,0,5938795,1,139,749865,3,2018-12-12 00:00:00.0000000,2018-11-27 00:00:00.0000000,NULL,NULL,NULL,,1,1,1
40,506116,0.994011781,3744.671147,0,994011781,0,3744,671147,11,2019-09-17 00:00:00.0000000,2018-10-01 00:00:00.0000000,5,2020-09-16 00:00:00.0000000,2019-10-03 00:00:00.0000000,,0,0,1
40,740697,0.630818813,0,0,630818813,0,0,1,2018-11-16 00:00:00.0000000,2018-11-16 00:00:00.0000000,NULL,NULL,NULL,NULL,1,,1,1
40,428692,0.98472293,4600.395213,0,98472293,0,4600,395213,12,2019-08-20 00:00:00.0000000,2018-10-15 00:00:00.0000000,9,2020-09-29 00:00:00.0000000,2019-11-11 00:00:00.0000000,,0,0,1
40,586439,0.990495037,16750.32432,0,990495037,0,16750,32432,9,2019-09-05 00:00:00.0000000,2018-10-22 00:00:00.0000000,9,2020-09-28 00:00:00.0000000,2019-10-31 00:00:00.0000000,,0,0,1
40,436149,0.983003491,831.1540403,0,983003491,0,831,1540403,3,2019-09-23 00:00:00.0000000,2018-10-04 00:00:00.0000000,4,2020-07-06 00:00:00.0000000,2019-12-18 00:00:00.0000000,,0,0,1
40,597097,0.996173442,4933.999827,0,996173442,0,4933,999827,16,2019-09-23 00:00:00.0000000,2018-10-18 00:00:00.0000000,9,2020-09-21 00:00:00.0000000,2019-10-30 00:00:00.0000000,,0,0,1
40,645379,0.999711104,80317.54672,0,999711104,0,80317,54672,153,2019-09-30 00:00:00.0000000,2018-10-01 00:00:00.0000000,163,2020-09-30 00:00:00.0000000,2019-10-02 00:00:00.0000000,,0,0,1
40,749535,0.832591652,0,0,832591652,0,0,1,2019-08-19 00:00:00.0000000,2019-08-19 00:00:00.0000000,NULL,NULL,NULL,NULL,1,,1,1
40,432460,0.664002996,0,0,664002996,0,0,1,2019-01-29 00:00:00.0000000,2019-01-29 00:00:00.0000000,1,2020-09-21 00:00:00.0000000,2020-09-21 00:00:00.0000000,NULL,0,,0,1
40,429776,0.939092829,2782.434253,0,939092829,0,2782,434253,3,2019-05-21 00:00:00.0000000,2018-11-22 00:00:00.0000000,3,2020-09-02 00:00:00.0000000,2019-12-17 00:00:00.0000000,,0,0,1
40,430379,0.993179554,7832.506138,0,993179554,0,7832,506138,9,2019-09-18 00:00:00.0000000,2018-10-24 00:00:00.0000000,15,2020-08-03 00:00:00.0000000,2019-12-09 00:00:00.0000000,,0,0,1
40,429521,0.994285926,10175.98143,0,994285926,0,10175,98143,18,2019-09-13 00:00:00.0000000,2018-10-05 00:00:00.0000000,23,2020-09-21 00:00:00.0000000,2019-10-22 00:00:00.0000000,,0,0,1
40,472917,0.98566639,5345.237588,0,98566639,0,5345,237588,12,2019-08-21 00:00:00.0000000,2018-10-08 00:00:00.0000000,22,2020-09-21 00:00:00.0000000,2019-11-18 00:00:00.0000000,,0,0,1
40,735051,0.999597889,1998725.715,0,999597889,0,1998725,715,110,2019-09-30 00:00:00.0000000,2018-10-02 00:00:00.0000000,99,2020-09-21 00:00:00.0000000,2019-10-03 00:00:00.0000000,,0,0,1
40,534908,0.997685344,655375.5097,0,997685344,0,655375,5097,46,2019-09-23 00:00:00.0000000,2018-10-04 00:00:00.0000000,23,2020-09-21 00:00:00.0000000,2019-10-09 00:00:00.0000000,,0,0,1
40,430330,0.998215495,54493.42517,0,998215495,0,54493,42517,25,2019-09-30 00:00:00.0000000,2018-10-10 00:00:00.0000000,21,2020-09-17 00:00:00.0000000,2019-10-08 00:00:00.0000000,,0,0,1
40,423118,0.996236906,22728.92604,0,996236906,0,22728,92604,12,2019-09-30 00:00:00.0000000,2018-11-06 00:00:00.0000000,15,2020-09-21 00:00:00.0000000,2019-10-01 00:00:00.0000000,,0,0,1
40,496150,0.972549328,3100.831176,0,972549328,0,3100,831176,6,2019-08-05 00:00:00.0000000,2019-01-09 00:00:00.0000000,7,2020-09-02 00:00:00.0000000,2019-10-21 00:00:00.0000000,,0,0,1
40,432122,0.645182739,0,0,645182739,0,0,1,2018-12-20 00:00:00.0000000,2018-12-20 00:00:00.0000000,1,2020-01-08 00:00:00.0000000,2020-01-08 00:00:00.0000000,NULL,0,,0,1
40,669554,0.994940815,3448.749309,0,994940815,0,3448,749309,14,2019-09-18 00:00:00.0000000,2018-10-08 00:00:00.0000000,12,2020-06-16 00:00:00.0000000,2019-11-14 00:00:00.0000000,,0,0,1
40,709465,0.944662599,3034.404505,0,944662599,0,3034,404505,7,2019-07-05 00:00:00.0000000,2018-12-03 00:00:00.0000000,3,2020-09-01 00:00:00.0000000,2019-11-06 00:00:00.0000000,,0,0,1
40,753198,0.9256633,0,0,9256633,0,0,1,2019-09-27 00:00:00.0000000,2019-09-27 00:00:00.0000000,3,2020-01-29 00:00:00.0000000,2019-10-10 00:00:00.0000000,NULL,0,,0,1
40,637639,0.997288984,12464.80897,0,997288984,0,12464,80897,21,2019-09-26 00:00:00.0000000,2018-10-30 00:00:00.0000000,13,2020-09-17 00:00:00.0000000,2019-10-04 00:00:00.0000000,,0,0,1
40,742392,0.998463132,19367.85777,0,998463132,0,19367,85777,40,2019-09-27 00:00:00.0000000,2018-10-05 00:00:00.0000000,63,2020-09-24 00:00:00.0000000,2019-10-16 00:00:00.0000000,,0,0,1
40,579182,0.944322533,2795.196482,0,944322533,0,2795,196482,12,2019-07-24 00:00:00.0000000,2018-11-19 00:00:00.0000000,1,2019-11-21 00:00:00.0000000,2019-11-21 00:00:00.0000000,,0,0,1
40,723562,0.916158818,265.1183241,0,916158818,0,265,1183241,4,2019-06-17 00:00:00.0000000,2019-02-07 00:00:00.0000000,NULL,NULL,NULL,,1,1,1
40,428315,0.997318825,13021.39664,0,997318825,0,13021,39664,31,2019-09-23 00:00:00.0000000,2018-10-26 00:00:00.0000000,47,2020-09-30 00:00:00.0000000,2019-10-01 00:00:00.0000000,,0,0,1
40,662075,0.186919294,94.01075431,0,186919294,1,94,1075431,4,2019-04-16 00:00:00.0000000,2019-03-14 00:00:00.0000000,1,2019-10-23 00:00:00.0000000,2019-10-23 00:00:00.0000000,,0,0,1
40,594700,0.628021321,0,0,628021321,0,0,1,2018-11-09 00:00:00.0000000,2018-11-09 00:00:00.0000000,NULL,NULL,NULL,NULL,1,,1,1
40,427792,0.998468471,109197.3267,0,998468471,0,109197,3267,53,2019-09-26 00:00:00.0000000,2018-10-22 00:00:00.0000000,64,2020-09-21 00:00:00.0000000,2019-10-10 00:00:00.0000000,,0,0,1
40,690357,0.998458365,50450.08436,0,998458365,0,50450,8436,50,2019-09-26 00:00:00.0000000,2018-10-11 00:00:00.0000000,34,2020-09-30 00:00:00.0000000,2019-10-07 00:00:00.0000000,,0,0,1
40,740428,0.786747695,0,0,786747695,0,0,1,2019-07-16 00:00:00.0000000,2019-07-16 00:00:00.0000000,1,2020-04-28 00:00:00.0000000,2020-04-28 00:00:00.0000000,NULL,0,,0,1
40,747200,0.990455465,7063.795607,0,990455465,0,7063,795607,9,2019-09-16 00:00:00.0000000,2019-03-26 00:00:00.0000000,14,2020-09-11 00:00:00.0000000,2019-10-18 00:00:00.0000000,,0,0,1
40,430578,0.998001076,37224.72081,0,998001076,0,37224,72081,49,2019-09-24 00:00:00.0000000,2018-10-01 00:00:00.0000000,46,2020-09-21 00:00:00.0000000,2019-10-16 00:00:00.0000000,,0,0,1
40,433959,0.997707735,18313.45027,0,997707735,0,18313,45027,47,2019-09-23 00:00:00.0000000,2018-10-01 00:00:00.0000000,16,2020-09-21 00:00:00.0000000,2019-10-01 00:00:00.0000000,,0,0,1
40,625560,0.994755586,42056.67264,0,994755586,0,42056,67264,42,2019-09-16 00:00:00.0000000,2018-10-02 00:00:00.0000000,33,2020-09-17 00:00:00.0000000,2019-10-04 00:00:00.0000000,,0,0,1
40,580065,0.991855423,22563.44654,0,991855423,0,22563,44654,46,2019-09-13 00:00:00.0000000,2018-10-01 00:00:00.0000000,49,2020-09-30 00:00:00.0000000,2019-10-08 00:00:00.0000000,,0,0,1
40,708321,0.879556828,0,0,879556828,0,0,1,2019-09-12 00:00:00.0000000,2019-09-12 00:00:00.0000000,14,2020-09-29 00:00:00.0000000,2019-10-23 00:00:00.0000000,NULL,0,,0,1
40,724744,0.843629549,396.5552656,0,843629549,0,396,5552656,7,2019-05-07 00:00:00.0000000,2018-10-05 00:00:00.0000000,1,2020-06-12 00:00:00.0000000,2020-06-12 00:00:00.0000000,,0,0,1
40,745075,0.690130747,0,0,690130747,0,0,1,2019-03-18 00:00:00.0000000,2019-03-18 00:00:00.0000000,1,2020-03-10 00:00:00.0000000,2020-03-10 00:00:00.0000000,NULL,0,,0,1
40,514213,0.994396525,28852.0247,0,994396525,0,28852,247,21,2019-09-13 00:00:00.0000000,2018-10-03 00:00:00.0000000,34,2020-09-23 00:00:00.0000000,2019-10-09 00:00:00.0000000,,0,0,1
40,658002,0.947216007,118795.9925,0,947216007,0,118795,9925,18,2019-08-05 00:00:00.0000000,2018-10-26 00:00:00.0000000,16,2020-09-01 00:00:00.0000000,2019-10-01 00:00:00.0000000,,0,0,1
40,717160,0.990338087,12306.51423,0,990338087,0,12306,51423,15,2019-09-02 00:00:00.0000000,2018-10-11 00:00:00.0000000,27,2020-09-24 00:00:00.0000000,2019-10-31 00:00:00.0000000,,0,0,1
40,432449,0.993905927,4016.008055,0,993905927,0,4016,8055,13,2019-09-16 00:00:00.0000000,2018-11-23 00:00:00.0000000,7,2020-08-06 00:00:00.0000000,2019-10-17 00:00:00.0000000,,0,0,1
40,742809,0.757894676,0,0,757894676,0,0,1,2019-06-18 00:00:00.0000000,2019-06-18 00:00:00.0000000,1,2020-02-17 00:00:00.0000000,2020-02-17 00:00:00.0000000,NULL,0,,0,1
40,436499,0.707726167,0,0,707726167,0,0,1,2019-04-15 00:00:00.0000000,2019-04-15 00:00:00.0000000,3,2020-07-13 00:00:00.0000000,2020-03-18 00:00:00.0000000,NULL,0,,0,1
40,601093,0.9945609,6145.668904,0,9945609,0,6145,668904,12,2019-09-20 00:00:00.0000000,2018-11-23 00:00:00.0000000,3,2020-06-29 00:00:00.0000000,2019-12-24 00:00:00.0000000,,0,0,1
40,725838,0.419207684,10470.15047,0,419207684,1,10470,15047,3,2019-06-27 00:00:00.0000000,2019-06-13 00:00:00.0000000,4,2020-07-22 00:00:00.0000000,2019-11-27 00:00:00.0000000,,0,0,1
40,604673,0.671700406,0,0,671700406,0,0,1,2019-02-13 00:00:00.0000000,2019-02-13 00:00:00.0000000,NULL,NULL,NULL,NULL,1,,1,1
40,493490,0.286553153,72.50581867,0,286553153,1,72,50581867,2,2018-11-12 00:00:00.0000000,2018-10-31 00:00:00.0000000,NULL,NULL,NULL,,1,1,1
40,704907,0.97330731,1355.576285,0,97330731,0,1355,576285,2,2019-09-20 00:00:00.0000000,2018-10-09 00:00:00.0000000,NULL,NULL,NULL,,1,1,1
40,639197,0.805354384,856.2753103,0,805354384,0,856,2753103,3,2019-07-04 00:00:00.0000000,2019-05-24 00:00:00.0000000,4,2020-06-01 00:00:00.0000000,2019-10-03 00:00:00.0000000,,0,0,1
40,423470,0.998111881,173766.8668,0,998111881,0,173766,8668,30,2019-09-27 00:00:00.0000000,2018-10-02 00:00:00.0000000,35,2020-09-30 00:00:00.0000000,2019-10-08 00:00:00.0000000,,0,0,1
40,579430,0.663503291,0,0,663503291,0,0,1,2019-01-28 00:00:00.0000000,2019-01-28 00:00:00.0000000,NULL,NULL,NULL,NULL,1,,1,1
40,742453,0.679250433,0,0,679250433,0,0,1,2019-02-27 00:00:00.0000000,2019-02-27 00:00:00.0000000,NULL,NULL,NULL,NULL,1,,1,1
40,699364,0.695567917,0,0,695567917,0,0,1,2019-03-27 00:00:00.0000000,2019-03-27 00:00:00.0000000,9,2020-09-07 00:00:00.0000000,2019-11-28 00:00:00.0000000,NULL,0,,0,1
40,672622,0.984437246,2379.38751,0,984437246,0,2379,38751,4,2019-09-05 00:00:00.0000000,2018-11-06 00:00:00.0000000,5,2020-09-16 00:00:00.0000000,2019-10-24 00:00:00.0000000,,0,0,1
40,422080,0.999807937,1452876.347,0,999807937,0,1452876,347,230,2019-09-30 00:00:00.0000000,2018-10-01 00:00:00.0000000,179,2020-09-30 00:00:00.0000000,2019-10-03 00:00:00.0000000,,0,0,1
40,427525,0.998830437,25237.07497,0,998830437,0,25237,7497,38,2019-09-30 00:00:00.0000000,2018-10-16 00:00:00.0000000,17,2020-02-05 00:00:00.0000000,2019-10-09 00:00:00.0000000,,0,0,1
40,424693,0.99432543,2713.923937,0,99432543,0,2713,923937,13,2019-09-16 00:00:00.0000000,2018-10-09 00:00:00.0000000,20,2020-09-29 00:00:00.0000000,2019-10-29 00:00:00.0000000,,0,0,1
40,749277,0.729165003,0,0,729165003,0,0,1,2019-05-15 00:00:00.0000000,2019-05-15 00:00:00.0000000,NULL,NULL,NULL,NULL,1,,1,1
40,582936,0.713843951,0,0,713843951,0,0,1,2019-04-24 00:00:00.0000000,2019-04-24 00:00:00.0000000,NULL,NULL,NULL,NULL,1,,1,1
40,722298,0.3336996,26886.38668,0,3336996,1,26886,38668,41,2019-07-30 00:00:00.0000000,2018-10-05 00:00:00.0000000,12,2020-09-03 00:00:00.0000000,2019-10-07 00:00:00.0000000,,0,0,1
40,709399,0.998601603,38442.98243,0,998601603,0,38442,98243,68,2019-09-26 00:00:00.0000000,2018-10-16 00:00:00.0000000,80,2020-09-24 00:00:00.0000000,2019-10-01 00:00:00.0000000,,0,0,1
40,426586,0.999574629,60557.82926,0,999574629,0,60557,82926,104,2019-09-30 00:00:00.0000000,2018-10-02 00:00:00.0000000,133,2020-09-30 00:00:00.0000000,2019-10-01 00:00:00.0000000,,0,0,1
40,692071,0.999789622,204365.0962,0,999789622,0,204365,962,210,2019-09-30 00:00:00.0000000,2018-10-01 00:00:00.0000000,228,2020-09-30 00:00:00.0000000,2019-10-01 00:00:00.0000000,,0,0,1
40,435822,0.973226164,5762.922893,0,973226164,0,5762,922893,8,2019-07-24 00:00:00.0000000,2018-10-08 00:00:00.0000000,9,2020-07-02 00:00:00.0000000,2019-10-24 00:00:00.0000000,,0,0,1
40,678304,4.95E-08,0.001560966,4,9.50E-07,1,0,1560966,20,2019-01-18 00:00:00.0000000,2018-10-02 00:00:00.0000000,NULL,NULL,NULL,,1,1,1
40,622146,0.619547605,0,0,619547605,0,0,1,2018-10-18 00:00:00.0000000,2018-10-18 00:00:00.0000000,NULL,NULL,NULL,NULL,1,,1,1
40,726581,0.982198812,26280.6529,0,982198812,0,26280,6529,3,2019-09-25 00:00:00.0000000,2019-05-24 00:00:00.0000000,1,2019-10-17 00:00:00.0000000,2019-10-17 00:00:00.0000000,,0,0,1
40,699722,0.65013292,0,0,65013292,0,0,1,2018-12-31 00:00:00.0000000,2018-12-31 00:00:00.0000000,NULL,NULL,NULL,NULL,1,,1,1
40,587304,0.703780667,0,0,703780667,0,0,1,2019-04-09 00:00:00.0000000,2019-04-09 00:00:00.0000000,NULL,NULL,NULL,NULL,1,,1,1
40,431510,0.999728858,1475352.274,0,999728858,0,1475352,274,162,2019-09-30 00:00:00.0000000,2018-10-01 00:00:00.0000000,144,2020-09-25 00:00:00.0000000,2019-10-01 00:00:00.0000000,,0,0,1
40,739337,0.995291351,142224.0608,0,995291351,0,142224,608,18,2019-09-17 00:00:00.0000000,2018-10-08 00:00:00.0000000,15,2020-09-30 00:00:00.0000000,2019-10-29 00:00:00.0000000,,0,0,1
40,535059,0.806376505,0,0,806376505,0,0,1,2019-08-01 00:00:00.0000000,2019-08-01 00:00:00.0000000,7,2020-03-10 00:00:00.0000000,2019-11-25 00:00:00.0000000,NULL,0,,0,1
40,630362,0.999178749,53259.51449,0,999178749,0,53259,51449,54,2019-09-30 00:00:00.0000000,2018-10-03 00:00:00.0000000,29,2020-09-28 00:00:00.0000000,2019-10-02 00:00:00.0000000,,0,0,1
40,423213,0.995462989,5594.827542,0,995462989,0,5594,827542,10,2019-09-30 00:00:00.0000000,2018-10-22 00:00:00.0000000,12,2020-06-18 00:00:00.0000000,2019-10-03 00:00:00.0000000,,0,0,1
40,572500,0.998418167,16042.46477,0,998418167,0,16042,46477,55,2019-09-26 00:00:00.0000000,2018-11-15 00:00:00.0000000,58,2020-09-29 00:00:00.0000000,2019-10-03 00:00:00.0000000,,0,0,1
40,714772,0.997856677,471426.2574,0,997856677,0,471426,2574,30,2019-09-27 00:00:00.0000000,2019-02-06 00:00:00.0000000,45,2020-09-18 00:00:00.0000000,2019-10-17 00:00:00.0000000,,0,0,1
40,436537,0.998382035,21239.7433,0,998382035,0,21239,7433,37,2019-09-27 00:00:00.0000000,2018-10-02 00:00:00.0000000,47,2020-09-21 00:00:00.0000000,2019-10-01 00:00:00.0000000,,0,0,1
40,693965,0.703088232,2614.641171,0,703088232,0,2614,641171,7,2019-04-11 00:00:00.0000000,2018-10-05 00:00:00.0000000,1,2020-06-30 00:00:00.0000000,2020-06-30 00:00:00.0000000,,0,0,1
40,588657,0.980463776,2500.68977,0,980463776,0,2500,68977,5,2019-08-06 00:00:00.0000000,2018-10-08 00:00:00.0000000,2,2020-02-10 00:00:00.0000000,2019-11-14 00:00:00.0000000,,0,0,1
40,735645,0.995960547,2.06E+07,0,995960547,0,20600000,130,2019-09-23 00:00:00.0000000,2018-10-02 00:00:00.0000000,16,2020-08-10 00:00:00.0000000,2019-10-02 00:00:00.0000000,NULL,0,,0,1
40,430408,0.998091889,15783.0493,0,998091889,0,15783,493,35,2019-09-26 00:00:00.0000000,2018-10-30 00:00:00.0000000,62,2020-09-30 00:00:00.0000000,2019-10-01 00:00:00.0000000,,0,0,1
40,717056,0.99433769,6546.129836,0,99433769,0,6546,129836,11,2019-09-19 00:00:00.0000000,2018-10-04 00:00:00.0000000,9,2020-07-15 00:00:00.0000000,2019-11-05 00:00:00.0000000,,0,0,1
40,670106,0.92018464,2484.486945,0,92018464,0,2484,486945,11,2019-07-12 00:00:00.0000000,2018-11-21 00:00:00.0000000,11,2020-09-23 00:00:00.0000000,2019-10-09 00:00:00.0000000,,0,0,1
40,646878,0.683169585,0,0,683169585,0,0,1,2019-03-06 00:00:00.0000000,2019-03-06 00:00:00.0000000,NULL,NULL,NULL,NULL,1,,1,1
40,521856,0.997036276,4998150.469,0,997036276,0,4998150,469,100,2019-09-23 00:00:00.0000000,2018-10-02 00:00:00.0000000,78,2020-09-25 00:00:00.0000000,2019-10-01 00:00:00.0000000,,0,0,1
40,659592,0.991070079,28885.7163,0,991070079,0,28885,7163,116,2019-09-20 00:00:00.0000000,2018-10-01 00:00:00.0000000,21,2020-06-29 00:00:00.0000000,2019-10-02 00:00:00.0000000,,0,0,1
40,655312,0.16727394,112.4082462,0,16727394,1,112,4082462,2,2019-03-07 00:00:00.0000000,2019-03-06 00:00:00.0000000,NULL,NULL,NULL,,1,1,1
40,731822,0.998638935,26023.15259,0,998638935,0,26023,15259,67,2019-09-26 00:00:00.0000000,2018-10-01 00:00:00.0000000,52,2020-09-28 00:00:00.0000000,2019-10-01 00:00:00.0000000,,0,0,1
40,576976,0.62642774,18.91788917,0,62642774,0,18,91788917,2,2019-01-21 00:00:00.0000000,2018-12-19 00:00:00.0000000,NULL,NULL,NULL,,1,1,1
40,424758,0.660050118,0,0,660050118,0,0,1,2019-01-21 00:00:00.0000000,2019-01-21 00:00:00.0000000,NULL,NULL,NULL,NULL,1,,1,1
40,671206,0.956816449,3610.436443,0,956816449,0,3610,436443,7,2019-07-18 00:00:00.0000000,2018-12-19 00:00:00.0000000,9,2020-09-10 00:00:00.0000000,2019-10-18 00:00:00.0000000,,0,0,1
40,718562,0.99243568,7037.949446,0,99243568,0,7037,949446,12,2019-09-09 00:00:00.0000000,2018-10-15 00:00:00.0000000,10,2020-05-20 00:00:00.0000000,2019-10-22 00:00:00.0000000,,0,0,1
40,524451,0.99522351,429.0424203,0,99522351,0,429,424203,12,2019-09-23 00:00:00.0000000,2018-10-30 00:00:00.0000000,13,2020-09-21 00:00:00.0000000,2019-10-30 00:00:00.0000000,,0,0,1
40,731191,1.86E-06,0.202947049,1,8.60E-05,1,0,202947049,10,2018-11-20 00:00:00.0000000,2018-10-05 00:00:00.0000000,NULL,NULL,NULL,,1,1,1
40,747575,0.778965986,0,0,778965986,0,0,1,2019-07-09 00:00:00.0000000,2019-07-09 00:00:00.0000000,4,2020-09-11 00:00:00.0000000,2019-11-20 00:00:00.0000000,NULL,0,,0,1
40,432768,0.637832917,0,0,637832917,0,0,1,2018-12-03 00:00:00.0000000,2018-12-03 00:00:00.0000000,2,2020-01-30 00:00:00.0000000,2019-12-26 00:00:00.0000000,NULL,0,,0,1
40,433707,0.99807465,27758.58917,0,99807465,0,27758,58917,39,2019-09-25 00:00:00.0000000,2018-10-02 00:00:00.0000000,18,2020-09-09 00:00:00.0000000,2019-10-02 00:00:00.0000000,,0,0,1
40,465284,0.904449615,5364.831413,0,904449615,0,5364,831413,19,2019-07-26 00:00:00.0000000,2018-10-15 00:00:00.0000000,NULL,NULL,NULL,,1,1,1
40,607539,0.999261253,90108.24035,0,999261253,0,90108,24035,60,2019-09-30 00:00:00.0000000,2018-10-02 00:00:00.0000000,94,2020-09-25 00:00:00.0000000,2019-10-03 00:00:00.0000000,,0,0,1
40,442521,0.993539881,18505.17916,0,993539881,0,18505,17916,12,2019-09-13 00:00:00.0000000,2018-10-01 00:00:00.0000000,20,2020-09-22 00:00:00.0000000,2019-10-07 00:00:00.0000000,,0,0,1
40,699541,0.998171695,83837.91702,0,998171695,0,83837,91702,44,2019-09-25 00:00:00.0000000,2018-10-03 00:00:00.0000000,27,2020-09-15 00:00:00.0000000,2019-10-07 00:00:00.0000000,,0,0,1
40,427307,0.961989217,6719.355747,0,961989217,0,6719,355747,11,2019-07-23 00:00:00.0000000,2018-10-13 00:00:00.0000000,9,2020-09-07 00:00:00.0000000,2019-10-11 00:00:00.0000000,,0,0,1
40,430323,0.998563976,17189.74509,0,998563976,0,17189,74509,31,2019-09-30 00:00:00.0000000,2018-10-02 00:00:00.0000000,41,2020-09-28 00:00:00.0000000,2019-10-10 00:00:00.0000000,,0,0,1
40,431328,0.990976625,6180.728529,0,990976625,0,6180,728529,12,2019-09-03 00:00:00.0000000,2018-10-03 00:00:00.0000000,7,2020-06-16 00:00:00.0000000,2019-10-01 00:00:00.0000000,,0,0,1
40,428750,0.998694794,173584.256,0,998694794,0,173584,256,102,2019-09-26 00:00:00.0000000,2018-10-01 00:00:00.0000000,90,2020-09-29 00:00:00.0000000,2019-10-01 00:00:00.0000000,,0,0,1
40,423146,0.997605802,17906.08743,0,997605802,0,17906,8743,40,2019-09-23 00:00:00.0000000,2018-10-08 00:00:00.0000000,39,2020-09-25 00:00:00.0000000,2019-10-02 00:00:00.0000000,,0,0,1
40,447362,0.998471294,56253.94076,0,998471294,0,56253,94076,41,2019-09-27 00:00:00.0000000,2018-10-17 00:00:00.0000000,45,2020-09-30 00:00:00.0000000,2019-10-01 00:00:00.0000000,,0,0,1
40,563129,0.989616446,268228.4307,0,989616446,0,268228,4307,24,2019-09-05 00:00:00.0000000,2018-10-18 00:00:00.0000000,19,2020-09-08 00:00:00.0000000,2019-10-02 00:00:00.0000000,,0,0,1
40,432823,0.99887774,28279.99606,0,99887774,0,28279,99606,69,2019-09-27 00:00:00.0000000,2018-10-02 00:00:00.0000000,60,2020-09-21 00:00:00.0000000,2019-10-03 00:00:00.0000000,,0,0,1
40,652845,0.678698647,0,0,678698647,0,0,1,2019-02-26 00:00:00.0000000,2019-02-26 00:00:00.0000000,NULL,NULL,NULL,NULL,1,,1,1
40,625249,0.259337629,42.1548269,0,259337629,1,42,1548269,2,2018-11-19 00:00:00.0000000,2018-11-09 00:00:00.0000000,2,2020-01-03 00:00:00.0000000,2019-11-28 00:00:00.0000000,,0,0,1
40,433125,0.932321647,6091.145302,0,932321647,0,6091,145302,15,2019-08-01 00:00:00.0000000,2018-12-05 00:00:00.0000000,4,2020-03-16 00:00:00.0000000,2019-11-04 00:00:00.0000000,,0,0,1
40,429675,0.563004999,765.375777,0,563004999,0,765,375777,9,2019-04-22 00:00:00.0000000,2018-10-09 00:00:00.0000000,NULL,NULL,NULL,,1,1,1
40,427557,0.998310088,28199.79785,0,998310088,0,28199,79785,41,2019-09-26 00:00:00.0000000,2018-10-05 00:00:00.0000000,46,2020-09-30 00:00:00.0000000,2019-10-02 00:00:00.0000000,,0,0,1
40,688680,0.804135515,1834.332022,0,804135515,0,1834,332022,2,2019-01-09 00:00:00.0000000,2018-10-24 00:00:00.0000000,NULL,NULL,NULL,,1,1,1
40,525839,0.644299585,0,0,644299585,0,0,1,2018-12-18 00:00:00.0000000,2018-12-18 00:00:00.0000000,NULL,NULL,NULL,NULL,1,,1,1
40,677645,0.99888932,20514.17787,0,99888932,0,20514,17787,40,2019-09-30 00:00:00.0000000,2018-10-30 00:00:00.0000000,29,2020-09-29 00:00:00.0000000,2019-10-07 00:00:00.0000000,,0,0,1
40,732056,0.909275373,957.9446115,0,909275373,0,957,9446115,6,2019-05-17 00:00:00.0000000,2018-10-02 00:00:00.0000000,7,2020-08-19 00:00:00.0000000,2019-11-28 00:00:00.0000000,,0,0,1
40,669733,0.972640704,1854.689089,0,972640704,0,1854,689089,3,2019-07-30 00:00:00.0000000,2018-11-12 00:00:00.0000000,1,2019-11-20 00:00:00.0000000,2019-11-20 00:00:00.0000000,,0,0,1
40,424455,0.995639841,6992.975292,0,995639841,0,6992,975292,29,2019-09-17 00:00:00.0000000,2018-10-10 00:00:00.0000000,8,2020-08-25 00:00:00.0000000,2019-11-11 00:00:00.0000000,,0,0,1
40,717235,0.644299585,0,0,644299585,0,0,1,2018-12-18 00:00:00.0000000,2018-12-18 00:00:00.0000000,4,2020-08-26 00:00:00.0000000,2019-12-16 00:00:00.0000000,NULL,0,,0,1
40,747961,8.67E-04,2867.069552,0,867,1,2867,69552,12,2019-06-26 00:00:00.0000000,2019-05-15 00:00:00.0000000,NULL,NULL,NULL,,1,1,1
40,675210,0.446702962,24.28813125,0,446702962,1,24,28813125,2,2018-11-16 00:00:00.0000000,2018-10-24 00:00:00.0000000,3,2019-12-31 00:00:00.0000000,2019-11-14 00:00:00.0000000,,0,0,1
40,729275,0.976082229,19986.71402,0,976082229,0,19986,71402,4,2019-09-05 00:00:00.0000000,2019-05-22 00:00:00.0000000,1,2020-01-28 00:00:00.0000000,2020-01-28 00:00:00.0000000,,0,0,1
40,661371,0.714144006,732.3475751,0,714144006,0,732,3475751,6,2019-04-02 00:00:00.0000000,2018-10-15 00:00:00.0000000,NULL,NULL,NULL,,1,1,1
40,748180,0.940567652,1891.006258,0,940567652,0,1891,6258,2,2019-07-29 00:00:00.0000000,2019-05-13 00:00:00.0000000,12,2020-09-21 00:00:00.0000000,2019-10-17 00:00:00.0000000,,0,0,1
40,594435,0.999023083,131987.9373,0,999023083,0,131987,9373,113,2019-09-27 00:00:00.0000000,2018-10-01 00:00:00.0000000,113,2020-09-30 00:00:00.0000000,2019-10-01 00:00:00.0000000,,0,0,1
40,751800,0.917901707,0,0,917901707,0,0,1,2019-09-25 00:00:00.0000000,2019-09-25 00:00:00.0000000,NULL,NULL,NULL,NULL,1,,1,1
40,581546,0.985504127,24948.21644,0,985504127,0,24948,21644,28,2019-09-02 00:00:00.0000000,2018-10-10 00:00:00.0000000,25,2020-09-14 00:00:00.0000000,2019-10-16 00:00:00.0000000,,0,0,1
40,751378,0.921684789,0,0,921684789,0,0,1,2019-09-26 00:00:00.0000000,2019-09-26 00:00:00.0000000,23,2020-09-29 00:00:00.0000000,2019-10-02 00:00:00.0000000,NULL,0,,0,1
40,745839,0.874845308,518.8426117,0,874845308,0,518,8426117,2,2019-06-25 00:00:00.0000000,2019-05-13 00:00:00.0000000,2,2020-08-03 00:00:00.0000000,2020-07-23 00:00:00.0000000,,0,0,1
40,724798,0.440922411,649.348466,0,440922411,1,649,348466,8,2019-03-25 00:00:00.0000000,2018-10-01 00:00:00.0000000,NULL,NULL,NULL,,1,1,1
40,687645,0.173963627,355.7977369,0,173963627,1,355,7977369,2,2018-10-30 00:00:00.0000000,2018-10-24 00:00:00.0000000,NULL,NULL,NULL,,1,1,1
40,426728,0.966070383,4882.588838,0,966070383,0,4882,588838,2,2019-09-17 00:00:00.0000000,2019-07-22 00:00:00.0000000,1,2019-11-06 00:00:00.0000000,2019-11-06 00:00:00.0000000,,0,0,1
40,527167,0.995139125,42179.12032,0,995139125,0,42179,12032,20,2019-09-18 00:00:00.0000000,2018-12-03 00:00:00.0000000,84,2020-09-25 00:00:00.0000000,2019-10-01 00:00:00.0000000,,0,0,1
40,703103,0.766281273,114871.1888,0,766281273,0,114871,1888,2,2019-06-06 00:00:00.0000000,2019-05-13 00:00:00.0000000,NULL,NULL,NULL,,1,1,1
40,677929,0.999508257,72833.40398,0,999508257,0,72833,40398,90,2019-09-30 00:00:00.0000000,2018-10-10 00:00:00.0000000,74,2020-09-29 00:00:00.0000000,2019-10-02 00:00:00.0000000,,0,0,1
40,748061,0.935518729,43429.84248,0,935518729,0,43429,84248,3,2019-07-22 00:00:00.0000000,2019-04-26 00:00:00.0000000,3,2020-07-22 00:00:00.0000000,2020-07-03 00:00:00.0000000,,0,0,1
40,703918,0.993616882,19416.17208,0,993616882,0,19416,17208,18,2019-09-11 00:00:00.0000000,2018-10-09 00:00:00.0000000,9,2020-02-18 00:00:00.0000000,2019-10-07 00:00:00.0000000,,0,0,1
40,720774,0.988494261,1209.731628,0,988494261,0,1209,731628,5,2019-09-19 00:00:00.0000000,2019-02-05 00:00:00.0000000,5,2020-08-26 00:00:00.0000000,2019-11-08 00:00:00.0000000,,0,0,1
40,603020,0.961064325,0.025427205,0,961064325,0,0,25427205,3,2019-06-19 00:00:00.0000000,2018-10-24 00:00:00.0000000,NULL,NULL,NULL,,1,1,1
40,526245,0.984731745,1507.287782,0,984731745,0,1507,287782,6,2019-08-26 00:00:00.0000000,2018-12-11 00:00:00.0000000,5,2020-06-03 00:00:00.0000000,2019-10-28 00:00:00.0000000,,0,0,1
40,429887,0.999809595,2583113.996,0,999809595,0,2583113,996,232,2019-09-30 00:00:00.0000000,2018-10-02 00:00:00.0000000,203,2020-09-30 00:00:00.0000000,2019-10-01 00:00:00.0000000,,0,0,1
40,710243,0.987668057,78881.59253,0,987668057,0,78881,59253,6,2019-09-10 00:00:00.0000000,2019-02-04 00:00:00.0000000,1,2019-10-22 00:00:00.0000000,2019-10-22 00:00:00.0000000,,0,0,1
40,423608,0.998140278,9727.705377,0,998140278,0,9727,705377,24,2019-09-30 00:00:00.0000000,2018-10-30 00:00:00.0000000,26,2020-09-21 00:00:00.0000000,2019-10-04 00:00:00.0000000,,0,0,1
40,433610,0.999618737,966398.5007,0,999618737,0,966398,5007,116,2019-09-30 00:00:00.0000000,2018-10-01 00:00:00.0000000,110,2020-09-29 00:00:00.0000000,2019-10-01 00:00:00.0000000,,0,0,1
40,423693,0.999021077,262359.0924,0,999021077,0,262359,924,137,2019-09-27 00:00:00.0000000,2018-10-01 00:00:00.0000000,148,2020-09-30 00:00:00.0000000,2019-10-04 00:00:00.0000000,,0,0,1
40,694336,0.997966324,33561.89796,0,997966324,0,33561,89796,38,2019-09-25 00:00:00.0000000,2018-10-30 00:00:00.0000000,44,2020-09-21 00:00:00.0000000,2019-10-30 00:00:00.0000000,,0,0,1
40,635980,0.97304637,1404.532276,0,97304637,0,1404,532276,7,2019-07-24 00:00:00.0000000,2018-10-25 00:00:00.0000000,5,2020-09-22 00:00:00.0000000,2019-11-20 00:00:00.0000000,,0,0,1
40,616335,0.641247908,0,0,641247908,0,0,1,2018-12-11 00:00:00.0000000,2018-12-11 00:00:00.0000000,1,2020-04-16 00:00:00.0000000,2020-04-16 00:00:00.0000000,NULL,0,,0,1
40,433248,0.999811224,355875.9499,0,999811224,0,355875,9499,234,2019-09-30 00:00:00.0000000,2018-10-01 00:00:00.0000000,215,2020-09-30 00:00:00.0000000,2019-10-01 00:00:00.0000000,,0,0,1
40,700231,0.059962072,16.93881917,0,59962072,1,16,93881917,5,2019-03-08 00:00:00.0000000,2019-01-23 00:00:00.0000000,1,2020-01-08 00:00:00.0000000,2020-01-08 00:00:00.0000000,,0,0,1
40,676375,0.051357325,1142.624626,0,51357325,1,1142,624626,8,2019-05-07 00:00:00.0000000,2019-02-26 00:00:00.0000000,2,2019-12-10 00:00:00.0000000,2019-10-16 00:00:00.0000000,,0,0,1
40,704985,0.942567826,1213.131479,0,942567826,0,1213,131479,3,2019-05-22 00:00:00.0000000,2018-11-13 00:00:00.0000000,NULL,NULL,NULL,,1,1,1
40,653005,0.009701944,4.518209238,0,9701944,1,4,518209238,3,2018-10-30 00:00:00.0000000,2018-10-25 00:00:00.0000000,NULL,NULL,NULL,,1,1,1
40,712561,0.682603531,0,0,682603531,0,0,1,2019-03-05 00:00:00.0000000,2019-03-05 00:00:00.0000000,NULL,NULL,NULL,NULL,1,,1,1
40,434949,0.678698647,0,0,678698647,0,0,1,2019-02-26 00:00:00.0000000,2019-02-26 00:00:00.0000000,3,2020-07-28 00:00:00.0000000,2020-06-19 00:00:00.0000000,NULL,0,,0,1
40,669642,0.974754166,900.4683573,0,974754166,0,900,4683573,3,2019-08-22 00:00:00.0000000,2019-02-08 00:00:00.0000000,7,2020-08-10 00:00:00.0000000,2019-12-11 00:00:00.0000000,,0,0,1
40,563195,0.630416033,0,0,630416033,0,0,1,2018-11-15 00:00:00.0000000,2018-11-15 00:00:00.0000000,NULL,NULL,NULL,NULL,1,,1,1
40,753169,0.901212946,0,0,901212946,0,0,1,2019-09-20 00:00:00.0000000,2019-09-20 00:00:00.0000000,NULL,NULL,NULL,NULL,1,,1,1
40,746938,0.734641132,0,0,734641132,0,0,1,2019-05-22 00:00:00.0000000,2019-05-22 00:00:00.0000000,1,2020-09-08 00:00:00.0000000,2020-09-08 00:00:00.0000000,NULL,0,,0,1
40,676595,0.906874125,1562.801603,0,906874125,0,1562,801603,3,2019-04-26 00:00:00.0000000,2018-12-03 00:00:00.0000000,5,2020-04-21 00:00:00.0000000,2019-12-10 00:00:00.0000000,,0,0,1
40,700112,0.696184181,0,0,696184181,0,0,1,2019-03-28 00:00:00.0000000,2019-03-28 00:00:00.0000000,NULL,NULL,NULL,NULL,1,,1,1
40,430439,0.996798884,8583.164905,0,996798884,0,8583,164905,21,2019-09-23 00:00:00.0000000,2018-10-16 00:00:00.0000000,24,2020-09-29 00:00:00.0000000,2019-10-07 00:00:00.0000000,,0,0,1
40,517334,0.8631649,89.74787313,0,8631649,0,89,74787313,6,2019-06-18 00:00:00.0000000,2019-01-31 00:00:00.0000000,8,2020-08-11 00:00:00.0000000,2019-10-23 00:00:00.0000000,,0,0,1
40,667841,0.998967977,776659.8778,0,998967977,0,776659,8778,167,2019-09-27 00:00:00.0000000,2018-10-03 00:00:00.0000000,102,2020-09-29 00:00:00.0000000,2019-10-03 00:00:00.0000000,,0,0,1
40,423329,0.790220413,0,0,790220413,0,0,1,2019-07-19 00:00:00.0000000,2019-07-19 00:00:00.0000000,4,2020-07-09 00:00:00.0000000,2019-12-17 00:00:00.0000000,NULL,0,,0,1
40,729279,0.929805301,145.7795319,0,929805301,0,145,7795319,2,2019-04-25 00:00:00.0000000,2018-11-19 00:00:00.0000000,NULL,NULL,NULL,,1,1,1
40,428337,0.999021475,78187.82749,0,999021475,0,78187,82749,111,2019-09-27 00:00:00.0000000,2018-10-01 00:00:00.0000000,90,2020-09-28 00:00:00.0000000,2019-10-09 00:00:00.0000000,,0,0,1
40,579982,0.895327439,0,0,895327439,0,0,1,2019-09-18 00:00:00.0000000,2019-09-18 00:00:00.0000000,1,2019-12-13 00:00:00.0000000,2019-12-13 00:00:00.0000000,NULL,0,,0,1
40,742062,0.279086266,735.1254049,0,279086266,1,735,1254049,2,2018-10-17 00:00:00.0000000,2018-10-04 00:00:00.0000000,NULL,NULL,NULL,,1,1,1
40,611115,0.995974129,220.1833565,0,995974129,0,220,1833565,15,2019-09-23 00:00:00.0000000,2018-10-24 00:00:00.0000000,12,2020-09-21 00:00:00.0000000,2019-10-30 00:00:00.0000000,,0,0,1
40,423887,0.984592347,12862.40949,0,984592347,0,12862,40949,21,2019-08-29 00:00:00.0000000,2018-10-25 00:00:00.0000000,10,2020-09-16 00:00:00.0000000,2019-10-01 00:00:00.0000000,,0,0,1
40,434060,0.736243449,0,0,736243449,0,0,1,2019-05-24 00:00:00.0000000,2019-05-24 00:00:00.0000000,NULL,NULL,NULL,NULL,1,,1,1
40,716242,0.617685461,0,0,617685461,0,0,1,2018-10-13 00:00:00.0000000,2018-10-13 00:00:00.0000000,NULL,NULL,NULL,NULL,1,,1,1
40,717428,0.996882261,282893.223,0,996882261,0,282893,223,106,2019-09-23 00:00:00.0000000,2018-10-01 00:00:00.0000000,96,2020-09-30 00:00:00.0000000,2019-10-16 00:00:00.0000000,,0,0,1
40,740251,0.28825049,3555.268807,0,28825049,1,3555,268807,4,2019-01-29 00:00:00.0000000,2018-11-26 00:00:00.0000000,NULL,NULL,NULL,,1,1,1
40,662610,0.99865858,34741.98271,0,99865858,0,34741,98271,73,2019-09-26 00:00:00.0000000,2018-10-04 00:00:00.0000000,85,2020-09-29 00:00:00.0000000,2019-10-17 00:00:00.0000000,,0,0,1
40,428161,0.998561265,59594.22752,0,998561265,0,59594,22752,44,2019-09-27 00:00:00.0000000,2018-10-02 00:00:00.0000000,52,2020-09-24 00:00:00.0000000,2019-10-03 00:00:00.0000000,,0,0,1
40,747511,0.698674463,0,0,698674463,0,0,1,2019-04-01 00:00:00.0000000,2019-04-01 00:00:00.0000000,1,2019-10-24 00:00:00.0000000,2019-10-24 00:00:00.0000000,NULL,0,,0,1
40,617161,0.993420476,12403.35368,0,993420476,0,12403,35368,9,2019-09-20 00:00:00.0000000,2018-11-12 00:00:00.0000000,18,2020-07-20 00:00:00.0000000,2019-10-22 00:00:00.0000000,,0,0,1
40,690300,0.66152056,0,0,66152056,0,0,1,2019-01-24 00:00:00.0000000,2019-01-24 00:00:00.0000000,NULL,NULL,NULL,X,1,,1,1
40,433501,0.990736098,18334.41174,0,990736098,0,18334,41174,20,2019-09-13 00:00:00.0000000,2019-02-07 00:00:00.0000000,25,2020-09-09 00:00:00.0000000,2019-10-23 00:00:00.0000000,,0,0,1
40,724676,0.98242451,8696.514764,0,98242451,0,8696,514764,20,2019-08-26 00:00:00.0000000,2018-10-24 00:00:00.0000000,4,2020-07-13 00:00:00.0000000,2019-10-04 00:00:00.0000000,,0,0,1
40,730064,0.888499024,3428.872798,0,888499024,0,3428,872798,3,2019-04-30 00:00:00.0000000,2018-12-31 00:00:00.0000000,NULL,NULL,NULL,,1,1,1
40,668452,0.996363094,11260.39369,0,996363094,0,11260,39369,17,2019-09-23 00:00:00.0000000,2018-10-08 00:00:00.0000000,8,2020-09-18 00:00:00.0000000,2019-10-29 00:00:00.0000000,,0,0,1
40,733051,0.964435235,7306.347835,0,964435235,0,7306,347835,4,2019-07-08 00:00:00.0000000,2018-11-30 00:00:00.0000000,10,2020-05-14 00:00:00.0000000,2019-11-28 00:00:00.0000000,,0,0,1
40,646120,0.983308791,12340.98285,0,983308791,0,12340,98285,20,2019-09-04 00:00:00.0000000,2019-01-15 00:00:00.0000000,25,2020-09-24 00:00:00.0000000,2019-10-14 00:00:00.0000000,,0,0,1
40,678981,0.993326305,1104.888645,0,993326305,0,1104,888645,8,2019-09-23 00:00:00.0000000,2018-10-30 00:00:00.0000000,4,2020-09-21 00:00:00.0000000,2019-10-30 00:00:00.0000000,,0,0,1
40,424228,0.644740527,0,0,644740527,0,0,1,2018-12-19 00:00:00.0000000,2018-12-19 00:00:00.0000000,5,2020-08-21 00:00:00.0000000,2019-10-10 00:00:00.0000000,NULL,0,,0,1
40,429585,0.998022538,16522.86768,0,998022538,0,16522,86768,52,2019-09-24 00:00:00.0000000,2018-10-01 00:00:00.0000000,45,2020-09-21 00:00:00.0000000,2019-10-02 00:00:00.0000000,,0,0,1
40,425504,0.998451149,24016.46136,0,998451149,0,24016,46136,49,2019-09-26 00:00:00.0000000,2018-10-08 00:00:00.0000000,60,2020-09-14 00:00:00.0000000,2019-10-07 00:00:00.0000000,,0,0,1
40,616983,0.99400168,5074.044847,0,99400168,0,5074,44847,11,2019-09-18 00:00:00.0000000,2018-10-31 00:00:00.0000000,13,2020-09-21 00:00:00.0000000,2019-10-29 00:00:00.0000000,,0,0,1
40,692756,0.879585199,3057.38109,0,879585199,0,3057,38109,5,2019-05-21 00:00:00.0000000,2018-12-13 00:00:00.0000000,3,2020-05-25 00:00:00.0000000,2019-10-04 00:00:00.0000000,,0,0,1
40,659299,0.18543937,3930.390791,0,18543937,1,3930,390791,6,2019-04-29 00:00:00.0000000,2019-02-22 00:00:00.0000000,NULL,NULL,NULL,,1,1,1
40,588311,0.998609241,1464713.297,0,998609241,0,1464713,297,32,2019-09-30 00:00:00.0000000,2018-11-07 00:00:00.0000000,34,2020-09-25 00:00:00.0000000,2019-10-04 00:00:00.0000000,,0,0,1
40,724462,0.974864233,30103.39356,0,974864233,0,30103,39356,39,2019-09-02 00:00:00.0000000,2018-10-11 00:00:00.0000000,19,2020-07-21 00:00:00.0000000,2019-10-02 00:00:00.0000000,,0,0,1
40,424165,0.999539079,118800.4467,0,999539079,0,118800,4467,96,2019-09-30 00:00:00.0000000,2018-10-03 00:00:00.0000000,90,2020-09-29 00:00:00.0000000,2019-10-01 00:00:00.0000000,,0,0,1
40,432459,0.990470475,28221.98742,0,990470475,0,28221,98742,52,2019-09-13 00:00:00.0000000,2018-10-01 00:00:00.0000000,44,2020-09-25 00:00:00.0000000,2019-10-09 00:00:00.0000000,,0,0,1
40,422166,0.926971368,4247.399314,0,926971368,0,4247,399314,2,2019-04-11 00:00:00.0000000,2018-10-31 00:00:00.0000000,2,2020-01-29 00:00:00.0000000,2020-01-21 00:00:00.0000000,,0,0,1
40,616891,0.99971667,94010.81791,0,99971667,0,94010,81791,156,2019-09-30 00:00:00.0000000,2018-10-01 00:00:00.0000000,170,2020-09-30 00:00:00.0000000,2019-10-02 00:00:00.0000000,,0,0,1
40,710128,0.003854986,15.17844789,0,3854986,1,15,17844789,4,2018-11-02 00:00:00.0000000,2018-10-18 00:00:00.0000000,NULL,NULL,NULL,,1,1,1
40,651169,0.989513438,16340.31153,0,989513438,0,16340,31153,37,2019-09-09 00:00:00.0000000,2018-10-08 00:00:00.0000000,25,2020-09-21 00:00:00.0000000,2019-10-15 00:00:00.0000000,,0,0,1
40,428966,0.621812512,0,0,621812512,0,0,1,2018-10-24 00:00:00.0000000,2018-10-24 00:00:00.0000000,NULL,NULL,NULL,NULL,1,,1,1
40,571974,0.983927771,2696.286176,0,983927771,0,2696,286176,4,2019-09-04 00:00:00.0000000,2018-11-28 00:00:00.0000000,5,2020-08-27 00:00:00.0000000,2019-10-23 00:00:00.0000000,,0,0,1
40,607533,0.999608591,148340.1324,0,999608591,0,148340,1324,113,2019-09-30 00:00:00.0000000,2018-10-01 00:00:00.0000000,128,2020-09-30 00:00:00.0000000,2019-10-01 00:00:00.0000000,,0,0,1
40,601500,0.671700406,0,0,671700406,0,0,1,2019-02-13 00:00:00.0000000,2019-02-13 00:00:00.0000000,NULL,NULL,NULL,NULL,1,,1,1
40,748915,0.803762172,0,0,803762172,0,0,1,2019-07-30 00:00:00.0000000,2019-07-30 00:00:00.0000000,3,2020-01-15 00:00:00.0000000,2020-01-03 00:00:00.0000000,NULL,0,,0,1
40,720621,0.917901707,0,0,917901707,0,0,1,2019-09-25 00:00:00.0000000,2019-09-25 00:00:00.0000000,1,2019-10-30 00:00:00.0000000,2019-10-30 00:00:00.0000000,NULL,0,,0,1
40,427206,0.958199169,7993.482281,0,958199169,0,7993,482281,10,2019-07-17 00:00:00.0000000,2018-10-15 00:00:00.0000000,5,2020-08-05 00:00:00.0000000,2019-10-24 00:00:00.0000000,,0,0,1
40,503713,0.851797026,0,0,851797026,0,0,1,2019-08-30 00:00:00.0000000,2019-08-30 00:00:00.0000000,3,2019-12-17 00:00:00.0000000,2019-12-10 00:00:00.0000000,NULL,0,,0,1
40,434589,0.991738049,1294.954719,0,991738049,0,1294,954719,6,2019-09-26 00:00:00.0000000,2018-11-21 00:00:00.0000000,11,2020-07-07 00:00:00.0000000,2019-10-18 00:00:00.0000000,,0,0,1
40,428461,0.998371046,97036.81698,0,998371046,0,97036,81698,73,2019-09-25 00:00:00.0000000,2018-10-02 00:00:00.0000000,43,2020-09-29 00:00:00.0000000,2019-10-09 00:00:00.0000000,,0,0,1
40,670291,0.98455489,894.8336567,0,98455489,0,894,8336567,11,2019-08-20 00:00:00.0000000,2018-10-26 00:00:00.0000000,22,2020-09-02 00:00:00.0000000,2019-11-19 00:00:00.0000000,,0,0,1
40,431815,0.535565767,2346.341363,0,535565767,0,2346,341363,2,2019-04-03 00:00:00.0000000,2019-03-19 00:00:00.0000000,NULL,NULL,NULL,,1,1,1
40,691966,0.648314359,0,0,648314359,0,0,1,2018-12-27 00:00:00.0000000,2018-12-27 00:00:00.0000000,NULL,NULL,NULL,NULL,1,,1,1
40,724673,0.993939035,954.8167423,0,993939035,0,954,8167423,10,2019-09-20 00:00:00.0000000,2018-11-07 00:00:00.0000000,5,2020-06-10 00:00:00.0000000,2019-11-15 00:00:00.0000000,,0,0,1
40,745455,0.957470034,514.4877536,0,957470034,0,514,4877536,2,2019-09-13 00:00:00.0000000,2019-08-08 00:00:00.0000000,1,2019-12-09 00:00:00.0000000,2019-12-09 00:00:00.0000000,,0,0,1
40,428695,0.961694813,118.3807483,0,961694813,0,118,3807483,3,2019-06-18 00:00:00.0000000,2018-10-15 00:00:00.0000000,1,2019-10-29 00:00:00.0000000,2019-10-29 00:00:00.0000000,,0,0,1
40,524957,0.991927502,1226.420127,0,991927502,0,1226,420127,7,2019-09-23 00:00:00.0000000,2019-02-25 00:00:00.0000000,NULL,NULL,NULL,,1,1,1
40,716265,0.99590782,33808.52907,0,99590782,0,33808,52907,14,2019-09-25 00:00:00.0000000,2018-12-28 00:00:00.0000000,16,2020-09-15 00:00:00.0000000,2019-10-10 00:00:00.0000000,,0,0,1
40,426150,0.999804534,7537397.12,0,999804534,0,7537397,12,226,2019-09-30 00:00:00.0000000,2018-10-01 00:00:00.0000000,240,2020-09-30 00:00:00.0000000,2019-10-01 00:00:00.0000000,,0,0,1
40,425759,0.633668265,0,0,633668265,0,0,1,2018-11-23 00:00:00.0000000,2018-11-23 00:00:00.0000000,NULL,NULL,NULL,NULL,1,,1,1
40,661181,0.717352843,0,0,717352843,0,0,1,2019-04-29 00:00:00.0000000,2019-04-29 00:00:00.0000000,NULL,NULL,NULL,NULL,1,,1,1
40,680876,0.623725872,0,0,623725872,0,0,1,2018-10-29 00:00:00.0000000,2018-10-29 00:00:00.0000000,NULL,NULL,NULL,NULL,1,,1,1
40,737505,0.664002996,0,0,664002996,0,0,1,2019-01-29 00:00:00.0000000,2019-01-29 00:00:00.0000000,NULL,NULL,NULL,NULL,1,,1,1
40,659568,0.998609241,16855.78119,0,998609241,0,16855,78119,32,2019-09-30 00:00:00.0000000,2018-10-03 00:00:00.0000000,10,2020-05-18 00:00:00.0000000,2019-10-15 00:00:00.0000000,,0,0,1
40,563445,0.998891553,30273.88571,0,998891553,0,30273,88571,71,2019-09-27 00:00:00.0000000,2018-10-02 00:00:00.0000000,14,2020-08-18 00:00:00.0000000,2019-10-03 00:00:00.0000000,,0,0,1
40,566462,0.997967628,19458.59197,0,997967628,0,19458,59197,78,2019-09-24 00:00:00.0000000,2018-10-04 00:00:00.0000000,113,2020-09-29 00:00:00.0000000,2019-10-02 00:00:00.0000000,,0,0,1
40,607932,0.992132825,1069.757733,0,992132825,0,1069,757733,8,2019-09-16 00:00:00.0000000,2018-11-05 00:00:00.0000000,8,2020-08-04 00:00:00.0000000,2019-10-01 00:00:00.0000000,,0,0,1
40,421974,0.999618737,234797.2504,0,999618737,0,234797,2504,116,2019-09-30 00:00:00.0000000,2018-10-01 00:00:00.0000000,156,2020-09-30 00:00:00.0000000,2019-10-01 00:00:00.0000000,,0,0,1
40,434206,0.997661353,19979.34783,0,997661353,0,19979,34783,42,2019-09-23 00:00:00.0000000,2018-10-02 00:00:00.0000000,39,2020-09-23 00:00:00.0000000,2019-10-02 00:00:00.0000000,,0,0,1
40,734321,0.991426364,6543.684902,0,991426364,0,6543,684902,9,2019-09-13 00:00:00.0000000,2018-12-28 00:00:00.0000000,8,2020-09-17 00:00:00.0000000,2019-10-28 00:00:00.0000000,,0,0,1
40,604837,0.829641184,37233.92286,0,829641184,0,37233,92286,27,2019-07-31 00:00:00.0000000,2018-10-04 00:00:00.0000000,38,2020-09-18 00:00:00.0000000,2019-10-02 00:00:00.0000000,,0,0,1
40,705006,0.978618514,1285.480402,0,978618514,0,1285,480402,8,2019-08-07 00:00:00.0000000,2018-11-07 00:00:00.0000000,4,2020-01-08 00:00:00.0000000,2019-10-03 00:00:00.0000000,,0,0,1
40,425264,0.997854703,29702.72514,0,997854703,0,29702,72514,28,2019-09-26 00:00:00.0000000,2018-10-01 00:00:00.0000000,NULL,NULL,NULL,,1,1,1
40,422174,0.997763144,9875.487766,0,997763144,0,9875,487766,20,2019-09-30 00:00:00.0000000,2018-10-05 00:00:00.0000000,39,2020-09-29 00:00:00.0000000,2019-10-07 00:00:00.0000000,,0,0,1
40,653042,0.315548659,277.5352618,0,315548659,1,277,5352618,3,2018-12-21 00:00:00.0000000,2018-11-08 00:00:00.0000000,4,2020-05-26 00:00:00.0000000,2020-01-28 00:00:00.0000000,,0,0,1
40,716305,0.997949454,12090.3011,0,997949454,0,12090,3011,27,2019-09-27 00:00:00.0000000,2018-10-03 00:00:00.0000000,53,2020-09-25 00:00:00.0000000,2019-10-03 00:00:00.0000000,,0,0,1
40,572362,0.992570593,4165.725763,0,992570593,0,4165,725763,7,2019-09-23 00:00:00.0000000,2018-10-01 00:00:00.0000000,25,2020-09-23 00:00:00.0000000,2019-10-02 00:00:00.0000000,,0,0,1
40,606518,0.955638862,4144.591319,0,955638862,0,4144,591319,3,2019-06-18 00:00:00.0000000,2018-11-28 00:00:00.0000000,NULL,NULL,NULL,,1,1,1
40,745615,0.981563399,19046.2298,0,981563399,0,19046,2298,8,2019-08-27 00:00:00.0000000,2019-02-14 00:00:00.0000000,2,2020-01-10 00:00:00.0000000,2019-11-05 00:00:00.0000000,,0,0,1
40,734588,0.895327439,0,0,895327439,0,0,1,2019-09-18 00:00:00.0000000,2019-09-18 00:00:00.0000000,3,2020-01-30 00:00:00.0000000,2019-10-22 00:00:00.0000000,NULL,0,,0,1
40,427167,0.654775715,0,0,654775715,0,0,1,2019-01-10 00:00:00.0000000,2019-01-10 00:00:00.0000000,NULL,NULL,NULL,NULL,1,,1,1
40,592552,0.987651677,977.2078932,0,987651677,0,977,2078932,4,2019-09-26 00:00:00.0000000,2018-10-31 00:00:00.0000000,NULL,NULL,NULL,,1,1,1
40,427092,0.963219239,6494.406942,0,963219239,0,6494,406942,12,2019-07-25 00:00:00.0000000,2018-10-02 00:00:00.0000000,20,2020-09-28 00:00:00.0000000,2019-10-02 00:00:00.0000000,,0,0,1
40,621258,0.99888932,7771.817183,0,99888932,0,7771,817183,40,2019-09-30 00:00:00.0000000,2018-10-01 00:00:00.0000000,42,2020-09-18 00:00:00.0000000,2019-10-08 00:00:00.0000000,,0,0,1
40,724771,0.952191637,352.3448354,0,952191637,0,352,3448354,4,2019-05-31 00:00:00.0000000,2018-10-03 00:00:00.0000000,NULL,NULL,NULL,,1,1,1
40,724815,0.294219183,1062.281272,0,294219183,1,1062,281272,14,2019-05-17 00:00:00.0000000,2018-10-19 00:00:00.0000000,NULL,NULL,NULL,,1,1,1
40,669682,0.995462989,25936.34971,0,995462989,0,25936,34971,10,2019-09-30 00:00:00.0000000,2018-11-12 00:00:00.0000000,14,2020-09-22 00:00:00.0000000,2019-11-21 00:00:00.0000000,,0,0,1
40,733240,0.906318082,2807.502722,0,906318082,0,2807,502722,8,2019-06-11 00:00:00.0000000,2018-10-22 00:00:00.0000000,4,2019-11-22 00:00:00.0000000,2019-10-01 00:00:00.0000000,,0,0,1
40,432219,0.997228238,39535.16996,0,997228238,0,39535,16996,24,2019-09-24 00:00:00.0000000,2018-10-15 00:00:00.0000000,9,2020-09-28 00:00:00.0000000,2019-10-03 00:00:00.0000000,,0,0,1
40,622562,0.992498959,17180.25118,0,992498959,0,17180,25118,23,2019-09-11 00:00:00.0000000,2018-11-15 00:00:00.0000000,9,2020-04-08 00:00:00.0000000,2019-10-30 00:00:00.0000000,,0,0,1
40,726138,0.998609241,297237.0963,0,998609241,0,297237,963,32,2019-09-30 00:00:00.0000000,2019-02-05 00:00:00.0000000,30,2020-04-03 00:00:00.0000000,2019-10-02 00:00:00.0000000,,0,0,1
40,681873,0.998990926,76342.68092,0,998990926,0,76342,68092,43,2019-09-30 00:00:00.0000000,2018-10-03 00:00:00.0000000,24,2020-09-30 00:00:00.0000000,2019-10-30 00:00:00.0000000,,0,0,1
40,588209,0.999699291,4931643.042,0,999699291,0,4931643,42,147,2019-09-30 00:00:00.0000000,2018-10-01 00:00:00.0000000,155,2020-09-30 00:00:00.0000000,2019-10-02 00:00:00.0000000,,0,0,1
40,725526,0.805062972,0,0,805062972,0,0,1,2019-07-31 00:00:00.0000000,2019-07-31 00:00:00.0000000,NULL,NULL,NULL,NULL,1,,1,1
40,421801,0.996103695,799525.9596,0,996103695,0,799525,9596,20,2019-09-20 00:00:00.0000000,2018-10-15 00:00:00.0000000,13,2020-09-30 00:00:00.0000000,2019-10-01 00:00:00.0000000,,0,0,1
40,731856,0.94458479,4833.868972,0,94458479,0,4833,868972,5,2019-05-31 00:00:00.0000000,2018-10-02 00:00:00.0000000,3,2020-09-18 00:00:00.0000000,2020-01-15 00:00:00.0000000,,0,0,1
40,659598,0.995747064,3062.849358,0,995747064,0,3062,849358,14,2019-09-23 00:00:00.0000000,2018-10-30 00:00:00.0000000,14,2020-09-21 00:00:00.0000000,2019-10-30 00:00:00.0000000,,0,0,1
40,641334,0.764580284,0,0,764580284,0,0,1,2019-06-25 00:00:00.0000000,2019-06-25 00:00:00.0000000,2,2020-09-22 00:00:00.0000000,2020-09-07 00:00:00.0000000,NULL,0,,0,1
40,429620,0.96283656,134484.2359,0,96283656,0,134484,2359,12,2019-07-30 00:00:00.0000000,2018-10-31 00:00:00.0000000,11,2020-09-07 00:00:00.0000000,2019-10-24 00:00:00.0000000,,0,0,1
40,430651,0.960911049,2737.051378,0,960911049,0,2737,51378,8,2019-07-18 00:00:00.0000000,2018-11-16 00:00:00.0000000,NULL,NULL,NULL,,1,1,1
40,435807,0.691322385,0,0,691322385,0,0,1,2019-03-20 00:00:00.0000000,2019-03-20 00:00:00.0000000,NULL,NULL,NULL,NULL,1,,1,1
40,734331,5.10E-05,11.30915402,5,1.00E-05,1,11,30915402,6,2018-11-12 00:00:00.0000000,2018-10-25 00:00:00.0000000,1,2019-11-05 00:00:00.0000000,2019-11-05 00:00:00.0000000,,0,0,1
40,740363,0.999748917,318888.1975,0,999748917,0,318888,1975,176,2019-09-30 00:00:00.0000000,2018-10-02 00:00:00.0000000,80,2020-09-22 00:00:00.0000000,2019-10-04 00:00:00.0000000,,0,0,1
40,423135,0.995637387,3862.244158,0,995637387,0,3862,244158,17,2019-09-19 00:00:00.0000000,2018-10-05 00:00:00.0000000,14,2020-09-16 00:00:00.0000000,2019-10-15 00:00:00.0000000,,0,0,1
40,653009,0.99843556,87387.34561,0,99843556,0,87387,34561,47,2019-09-26 00:00:00.0000000,2018-10-01 00:00:00.0000000,52,2020-09-30 00:00:00.0000000,2019-10-01 00:00:00.0000000,,0,0,1
40,425976,0.993438985,195701.955,0,993438985,0,195701,955,7,2019-09-30 00:00:00.0000000,2018-10-17 00:00:00.0000000,NULL,NULL,NULL,,1,1,1
40,715833,0.68373774,0,0,68373774,0,0,1,2019-03-07 00:00:00.0000000,2019-03-07 00:00:00.0000000,NULL,NULL,NULL,NULL,1,,1,1
40,694007,0.630014309,0,0,630014309,0,0,1,2018-11-14 00:00:00.0000000,2018-11-14 00:00:00.0000000,NULL,NULL,NULL,NULL,1,,1,1
40,750251,0.994288329,6446.957484,0,994288329,0,6446,957484,8,2019-09-30 00:00:00.0000000,2019-06-19 00:00:00.0000000,3,2020-08-26 00:00:00.0000000,2020-04-03 00:00:00.0000000,,0,0,1
40,424629,0.981103021,164063.4112,0,981103021,0,164063,4112,24,2019-08-30 00:00:00.0000000,2018-11-12 00:00:00.0000000,18,2020-09-18 00:00:00.0000000,2019-10-01 00:00:00.0000000,,0,0,1
40,677931,0.999539079,131291.0294,0,999539079,0,131291,294,96,2019-09-30 00:00:00.0000000,2018-10-03 00:00:00.0000000,81,2020-09-30 00:00:00.0000000,2019-10-01 00:00:00.0000000,,0,0,1
40,580396,0.997779772,399482.8675,0,997779772,0,399482,8675,28,2019-09-26 00:00:00.0000000,2018-11-08 00:00:00.0000000,50,2020-09-28 00:00:00.0000000,2019-10-15 00:00:00.0000000,,0,0,1
40,744450,0.985189941,22833.03011,0,985189941,0,22833,3011,16,2019-08-29 00:00:00.0000000,2018-11-27 00:00:00.0000000,28,2020-09-09 00:00:00.0000000,2019-10-18 00:00:00.0000000,,0,0,1
40,622814,0.735440131,0,0,735440131,0,0,1,2019-05-23 00:00:00.0000000,2019-05-23 00:00:00.0000000,NULL,NULL,NULL,NULL,1,,1,1
40,593614,0.985760583,2099.468066,0,985760583,0,2099,468066,5,2019-09-02 00:00:00.0000000,2018-11-27 00:00:00.0000000,4,2020-09-22 00:00:00.0000000,2019-10-04 00:00:00.0000000,,0,0,1
40,675610,0.998984947,242442.1518,0,998984947,0,242442,1518,91,2019-09-27 00:00:00.0000000,2018-10-01 00:00:00.0000000,121,2020-08-27 00:00:00.0000000,2019-10-02 00:00:00.0000000,,0,0,1
40,634564,0.999401537,47741.76622,0,999401537,0,47741,76622,74,2019-09-30 00:00:00.0000000,2018-10-03 00:00:00.0000000,86,2020-09-28 00:00:00.0000000,2019-10-09 00:00:00.0000000,,0,0,1
40,724830,0.641491134,1518.20222,0,641491134,0,1518,20222,12,2019-05-23 00:00:00.0000000,2018-10-01 00:00:00.0000000,NULL,NULL,NULL,,1,1,1
40,653961,0.957052154,1600.293586,0,957052154,0,1600,293586,5,2019-06-17 00:00:00.0000000,2018-10-09 00:00:00.0000000,NULL,NULL,NULL,,1,1,1
40,746847,0.974703726,1268218.272,0,974703726,0,1268218,272,10,2019-08-23 00:00:00.0000000,2019-02-20 00:00:00.0000000,NULL,NULL,NULL,,1,1,1
40,576370,0.872499474,0,0,872499474,0,0,1,2019-09-09 00:00:00.0000000,2019-09-09 00:00:00.0000000,2,2020-01-15 00:00:00.0000000,2019-10-02 00:00:00.0000000,NULL,0,,0,1
40,720504,0.994305724,9472.783663,0,994305724,0,9472,783663,14,2019-09-18 00:00:00.0000000,2018-12-21 00:00:00.0000000,16,2020-09-10 00:00:00.0000000,2019-10-08 00:00:00.0000000,,0,0,1
40,625256,0.999338754,187707.6454,0,999338754,0,187707,6454,67,2019-09-30 00:00:00.0000000,2018-10-04 00:00:00.0000000,80,2020-09-28 00:00:00.0000000,2019-10-01 00:00:00.0000000,,0,0,1
40,709138,0.924459984,423.5792397,0,924459984,0,423,5792397,4,2019-05-17 00:00:00.0000000,2018-11-14 00:00:00.0000000,4,2020-06-23 00:00:00.0000000,2019-11-13 00:00:00.0000000,,0,0,1
40,521872,0.940671772,834.8690244,0,940671772,0,834,8690244,2,2019-06-11 00:00:00.0000000,2019-01-21 00:00:00.0000000,2,2020-05-13 00:00:00.0000000,2019-12-05 00:00:00.0000000,,0,0,1
40,427875,0.996059556,47561.03617,0,996059556,0,47561,3617,50,2019-09-19 00:00:00.0000000,2018-10-01 00:00:00.0000000,37,2020-09-21 00:00:00.0000000,2019-10-01 00:00:00.0000000,,0,0,1
40,685730,0.995886028,19144.72603,0,995886028,0,19144,72603,11,2019-09-30 00:00:00.0000000,2018-10-09 00:00:00.0000000,8,2020-09-28 00:00:00.0000000,2019-12-12 00:00:00.0000000,,0,0,1
40,663095,0.995127141,9018.593871,0,995127141,0,9018,593871,19,2019-09-16 00:00:00.0000000,2018-10-08 00:00:00.0000000,2,2020-09-25 00:00:00.0000000,2020-06-22 00:00:00.0000000,,0,0,1
40,429027,0.998410709,28585.53277,0,998410709,0,28585,53277,38,2019-09-27 00:00:00.0000000,2018-10-03 00:00:00.0000000,41,2020-09-21 00:00:00.0000000,2019-10-03 00:00:00.0000000,,0,0,1
40,651166,0.76401608,2430.139242,0,76401608,0,2430,139242,5,2019-04-09 00:00:00.0000000,2018-11-15 00:00:00.0000000,8,2020-09-23 00:00:00.0000000,2019-10-30 00:00:00.0000000,,0,0,1
40,581359,0.651050331,0,0,651050331,0,0,1,2019-01-02 00:00:00.0000000,2019-01-02 00:00:00.0000000,NULL,NULL,NULL,NULL,1,,1,1
40,668620,0.997721212,346478.8919,0,997721212,0,346478,8919,51,2019-09-23 00:00:00.0000000,2018-10-01 00:00:00.0000000,62,2020-09-29 00:00:00.0000000,2019-10-10 00:00:00.0000000,,0,0,1
40,581051,0.960031522,2001.884371,0,960031522,0,2001,884371,2,2019-07-18 00:00:00.0000000,2018-12-21 00:00:00.0000000,1,2019-10-16 00:00:00.0000000,2019-10-16 00:00:00.0000000,,0,0,1
40,563887,0.997108915,12347.43554,0,997108915,0,12347,43554,22,2019-09-24 00:00:00.0000000,2018-10-03 00:00:00.0000000,21,2020-09-24 00:00:00.0000000,2019-10-03 00:00:00.0000000,,0,0,1
40,643709,0.66152056,0,0,66152056,0,0,1,2019-01-24 00:00:00.0000000,2019-01-24 00:00:00.0000000,NULL,NULL,NULL,NULL,1,,1,1
40,431774,0.994100199,14375.53989,0,994100199,0,14375,53989,9,2019-09-24 00:00:00.0000000,2018-11-06 00:00:00.0000000,NULL,NULL,NULL,,1,1,1
40,750267,0.507621355,97.7540252,0,507621355,0,97,7540252,3,2019-07-12 00:00:00.0000000,2019-06-28 00:00:00.0000000,NULL,NULL,NULL,,1,1,1
40,705251,0.993806246,11405.52375,0,993806246,0,11405,52375,20,2019-09-12 00:00:00.0000000,2018-10-18 00:00:00.0000000,21,2020-09-25 00:00:00.0000000,2019-10-25 00:00:00.0000000,,0,0,1
40,493344,0.997357096,19726.3644,0,997357096,0,19726,3644,20,2019-09-27 00:00:00.0000000,2018-10-19 00:00:00.0000000,17,2020-08-25 00:00:00.0000000,2019-10-03 00:00:00.0000000,,0,0,1
40,428616,0.957054472,1146.482497,0,957054472,0,1146,482497,2,2019-07-05 00:00:00.0000000,2018-12-11 00:00:00.0000000,NULL,NULL,NULL,,1,1,1
40,675785,0.99822051,39732.41506,0,99822051,0,39732,41506,39,2019-09-26 00:00:00.0000000,2018-10-24 00:00:00.0000000,42,2020-09-29 00:00:00.0000000,2019-10-01 00:00:00.0000000,,0,0,1
40,724461,0.477648154,866.5013993,0,477648154,1,866,5013993,6,2019-04-16 00:00:00.0000000,2018-12-27 00:00:00.0000000,NULL,NULL,NULL,,1,1,1
40,739492,0.894074468,7430.227284,0,894074468,0,7430,227284,12,2019-07-04 00:00:00.0000000,2018-10-30 00:00:00.0000000,7,2020-09-23 00:00:00.0000000,2020-03-10 00:00:00.0000000,,0,0,1
40,430730,0.983703878,1672.019722,0,983703878,0,1672,19722,4,2019-09-04 00:00:00.0000000,2018-12-11 00:00:00.0000000,5,2020-07-21 00:00:00.0000000,2020-02-28 00:00:00.0000000,,0,0,1
40,522316,0.364474745,2964.959441,0,364474745,1,2964,959441,8,2019-03-26 00:00:00.0000000,2018-10-17 00:00:00.0000000,3,2020-02-14 00:00:00.0000000,2019-10-02 00:00:00.0000000,,0,0,1
40,424262,0.964745825,1992.792213,0,964745825,0,1992,792213,4,2019-07-29 00:00:00.0000000,2019-02-14 00:00:00.0000000,6,2020-06-16 00:00:00.0000000,2019-10-15 00:00:00.0000000,,0,0,1
40,423697,0.968517406,549.4879601,0,968517406,0,549,4879601,3,2019-08-21 00:00:00.0000000,2019-04-18 00:00:00.0000000,5,2020-08-21 00:00:00.0000000,2020-03-25 00:00:00.0000000,,0,0,1
40,424814,0.995197967,4723.043865,0,995197967,0,4723,43865,11,2019-09-25 00:00:00.0000000,2018-10-29 00:00:00.0000000,9,2020-09-14 00:00:00.0000000,2019-11-05 00:00:00.0000000,,0,0,1
40,684954,0.679804213,0,0,679804213,0,0,1,2019-02-28 00:00:00.0000000,2019-02-28 00:00:00.0000000,1,2019-10-25 00:00:00.0000000,2019-10-25 00:00:00.0000000,NULL,0,,0,1
40,729149,0.99938485,243937.6729,0,99938485,0,243937,6729,72,2019-09-30 00:00:00.0000000,2018-10-16 00:00:00.0000000,84,2020-09-21 00:00:00.0000000,2019-10-03 00:00:00.0000000,,0,0,1
40,427831,0.999524167,65954.67847,0,999524167,0,65954,67847,93,2019-09-30 00:00:00.0000000,2018-10-01 00:00:00.0000000,83,2020-09-24 00:00:00.0000000,2019-10-09 00:00:00.0000000,,0,0,1
40,713505,0.997871076,558644.0003,0,997871076,0,558644,3,21,2019-09-30 00:00:00.0000000,2018-10-25 00:00:00.0000000,6,2020-02-10 00:00:00.0000000,2019-11-27 00:00:00.0000000,,0,0,1
40,669646,0.95984218,877.986777,0,95984218,0,877,986777,2,2019-07-15 00:00:00.0000000,2018-12-12 00:00:00.0000000,3,2020-09-30 00:00:00.0000000,2019-10-02 00:00:00.0000000,,0,0,1
40,421825,0.010151594,14.20705977,0,10151594,1,14,20705977,7,2018-12-27 00:00:00.0000000,2018-10-11 00:00:00.0000000,4,2020-05-26 00:00:00.0000000,2019-11-12 00:00:00.0000000,,0,0,1
40,695930,0.454572168,1571.403381,0,454572168,1,1571,403381,2,2018-11-23 00:00:00.0000000,2018-10-31 00:00:00.0000000,NULL,NULL,NULL,,1,1,1
40,708548,0.07879517,2.836620063,0,7879517,1,2,836620063,2,2018-10-02 00:00:00.0000000,2018-10-01 00:00:00.0000000,NULL,NULL,NULL,,1,1,1
40,609119,0.996617313,51762.70448,0,996617313,0,51762,70448,19,2019-09-25 00:00:00.0000000,2019-01-21 00:00:00.0000000,16,2020-07-28 00:00:00.0000000,2019-10-16 00:00:00.0000000,,0,0,1
40,730919,0.795540075,43588.05658,0,795540075,0,43588,5658,3,2019-02-18 00:00:00.0000000,2018-10-31 00:00:00.0000000,NULL,NULL,NULL,,1,1,1
40,739501,0.937171355,975.0884261,0,937171355,0,975,884261,3,2019-05-30 00:00:00.0000000,2018-12-19 00:00:00.0000000,9,2020-09-11 00:00:00.0000000,2019-10-17 00:00:00.0000000,,0,0,1
40,498126,0.998209313,43912.45611,0,998209313,0,43912,45611,46,2019-09-25 00:00:00.0000000,2018-10-01 00:00:00.0000000,36,2020-09-21 00:00:00.0000000,2019-10-01 00:00:00.0000000,,0,0,1
40,659925,0.999013488,21459.8172,0,999013488,0,21459,8172,45,2019-09-30 00:00:00.0000000,2018-10-01 00:00:00.0000000,47,2020-09-23 00:00:00.0000000,2019-10-01 00:00:00.0000000,,0,0,1
40,633421,0.995195148,87173.30673,0,995195148,0,87173,30673,22,2019-09-16 00:00:00.0000000,2018-10-15 00:00:00.0000000,21,2020-09-30 00:00:00.0000000,2019-10-25 00:00:00.0000000,,0,0,1
40,742791,0.250757531,758.9805791,0,250757531,1,758,9805791,2,2018-11-29 00:00:00.0000000,2018-11-20 00:00:00.0000000,NULL,NULL,NULL,,1,1,1
40,588402,0.589011914,9839.770278,0,589011914,0,9839,770278,5,2019-03-14 00:00:00.0000000,2018-11-13 00:00:00.0000000,2,2019-11-04 00:00:00.0000000,2019-10-22 00:00:00.0000000,,0,0,1
40,745040,0.713151852,0,0,713151852,0,0,1,2019-04-23 00:00:00.0000000,2019-04-23 00:00:00.0000000,1,2020-03-31 00:00:00.0000000,2020-03-31 00:00:00.0000000,NULL,0,,0,1
40,666477,0.984619999,3571.22926,0,984619999,0,3571,22926,4,2019-09-16 00:00:00.0000000,2019-03-25 00:00:00.0000000,7,2020-09-30 00:00:00.0000000,2019-10-11 00:00:00.0000000,,0,0,1
40,678035,0.945749272,1455.151078,0,945749272,0,1455,151078,3,2019-06-25 00:00:00.0000000,2019-01-28 00:00:00.0000000,3,2020-09-09 00:00:00.0000000,2020-01-28 00:00:00.0000000,,0,0,1
40,677152,0.980966829,1623.504471,0,980966829,0,1623,504471,3,2019-09-11 00:00:00.0000000,2018-12-05 00:00:00.0000000,3,2020-09-18 00:00:00.0000000,2019-10-10 00:00:00.0000000,,0,0,1
40,698854,0.773659798,0,0,773659798,0,0,1,2019-07-04 00:00:00.0000000,2019-07-04 00:00:00.0000000,NULL,NULL,NULL,NULL,1,,1,1
40,746075,0.75835751,2886.339274,0,75835751,0,2886,339274,4,2019-06-17 00:00:00.0000000,2019-04-15 00:00:00.0000000,NULL,NULL,NULL,,1,1,1
40,622564,0.992562397,92430.3967,0,992562397,0,92430,3967,8,2019-09-18 00:00:00.0000000,2018-10-24 00:00:00.0000000,2,2020-01-27 00:00:00.0000000,2019-10-11 00:00:00.0000000,,0,0,1
40,742012,0.334984006,217.1465543,0,334984006,1,217,1465543,2,2018-12-13 00:00:00.0000000,2018-11-30 00:00:00.0000000,NULL,NULL,NULL,,1,1,1
40,631584,0.99421144,8231.775638,0,99421144,0,8231,775638,14,2019-09-16 00:00:00.0000000,2018-11-12 00:00:00.0000000,8,2020-07-16 00:00:00.0000000,2019-10-30 00:00:00.0000000,,0,0,1
40,593440,0.626445375,0,0,626445375,0,0,1,2018-11-05 00:00:00.0000000,2018-11-05 00:00:00.0000000,NULL,NULL,NULL,NULL,1,,1,1
40,655262,0.998430855,15543.17003,0,998430855,0,15543,17003,39,2019-09-27 00:00:00.0000000,2018-10-09 00:00:00.0000000,29,2020-09-22 00:00:00.0000000,2019-10-11 00:00:00.0000000,,0,0,1
40,435517,8.28E-05,0.29852417,8,2.80E-04,1,0,29852417,10,2018-12-14 00:00:00.0000000,2018-10-03 00:00:00.0000000,NULL,NULL,NULL,,1,1,1
40,747144,0.989978098,9519.204331,0,989978098,0,9519,204331,6,2019-09-23 00:00:00.0000000,2019-05-09 00:00:00.0000000,24,2020-09-21 00:00:00.0000000,2019-10-29 00:00:00.0000000,,0,0,1
40,463723,0.999805396,1160422.199,0,999805396,0,1160422,199,227,2019-09-30 00:00:00.0000000,2018-10-02 00:00:00.0000000,190,2020-09-30 00:00:00.0000000,2019-10-01 00:00:00.0000000,,0,0,1
40,704536,0.289263468,1896.302194,0,289263468,1,1896,302194,2,2019-05-24 00:00:00.0000000,2019-05-23 00:00:00.0000000,NULL,NULL,NULL,,1,1,1
40,721031,0.164306517,24.03384969,0,164306517,1,24,3384969,4,2019-05-08 00:00:00.0000000,2019-04-12 00:00:00.0000000,NULL,NULL,NULL,,1,1,1
40,650862,0.957674056,191.5702842,0,957674056,0,191,5702842,2,2019-06-28 00:00:00.0000000,2018-11-09 00:00:00.0000000,9,2020-08-13 00:00:00.0000000,2019-10-09 00:00:00.0000000,,0,0,1
40,720215,0.998008813,35624.51245,0,998008813,0,35624,51245,52,2019-09-24 00:00:00.0000000,2018-10-04 00:00:00.0000000,68,2020-09-21 00:00:00.0000000,2019-10-02 00:00:00.0000000,,0,0,1
40,554017,0.896516089,696.5447208,0,896516089,0,696,5447208,3,2019-03-21 00:00:00.0000000,2018-10-09 00:00:00.0000000,10,2020-07-24 00:00:00.0000000,2019-10-09 00:00:00.0000000,,0,0,1
40,430583,0.965156168,11536.50427,0,965156168,0,11536,50427,7,2019-07-18 00:00:00.0000000,2018-11-16 00:00:00.0000000,75,2020-09-30 00:00:00.0000000,2019-10-23 00:00:00.0000000,,0,0,1
40,436243,0.621432692,0,0,621432692,0,0,1,2018-10-23 00:00:00.0000000,2018-10-23 00:00:00.0000000,NULL,NULL,NULL,NULL,1,,1,1
40,734328,0.619922769,0,0,619922769,0,0,1,2018-10-19 00:00:00.0000000,2018-10-19 00:00:00.0000000,NULL,NULL,NULL,NULL,1,,1,1
40,433194,0.053577854,1879.214392,0,53577854,1,1879,214392,49,2019-07-24 00:00:00.0000000,2018-10-02 00:00:00.0000000,36,2020-09-25 00:00:00.0000000,2019-10-07 00:00:00.0000000,,0,0,1
40,649119,0.991416019,1845.828852,0,991416019,0,1845,828852,11,2019-09-05 00:00:00.0000000,2018-10-02 00:00:00.0000000,15,2020-09-29 00:00:00.0000000,2019-10-03 00:00:00.0000000,,0,0,1
40,745105,0.679804213,0,0,679804213,0,0,1,2019-02-28 00:00:00.0000000,2019-02-28 00:00:00.0000000,NULL,NULL,NULL,NULL,1,,1,1
40,679323,0.992292916,1482.931268,0,992292916,0,1482,931268,6,2019-09-30 00:00:00.0000000,2018-11-30 00:00:00.0000000,7,2020-08-26 00:00:00.0000000,2019-10-09 00:00:00.0000000,,0,0,1
40,598830,0.959930814,368.5047221,0,959930814,0,368,5047221,2,2019-09-25 00:00:00.0000000,2019-09-17 00:00:00.0000000,4,2020-08-27 00:00:00.0000000,2019-10-10 00:00:00.0000000,,0,0,1
40,745581,0.875300492,12798.74299,0,875300492,0,12798,74299,8,2019-07-05 00:00:00.0000000,2019-01-28 00:00:00.0000000,NULL,NULL,NULL,,1,1,1
40,746601,0.925384936,8049.160874,0,925384936,0,8049,160874,4,2019-07-11 00:00:00.0000000,2019-03-25 00:00:00.0000000,4,2020-09-14 00:00:00.0000000,2019-10-09 00:00:00.0000000,,0,0,1
40,430956,0.986465356,1244.059238,0,986465356,0,1244,59238,4,2019-09-17 00:00:00.0000000,2018-10-22 00:00:00.0000000,14,2020-08-31 00:00:00.0000000,2019-12-11 00:00:00.0000000,,0,0,1
40,710679,0.829953453,53.86808814,0,829953453,0,53,86808814,4,2019-04-24 00:00:00.0000000,2018-12-21 00:00:00.0000000,1,2020-02-21 00:00:00.0000000,2020-02-21 00:00:00.0000000,,0,0,1
40,588108,0.613666875,0,0,613666875,0,0,1,2018-10-02 00:00:00.0000000,2018-10-02 00:00:00.0000000,NULL,NULL,NULL,NULL,1,,1,1
40,432553,0.189874881,71.96226018,0,189874881,1,71,96226018,2,2018-11-22 00:00:00.0000000,2018-11-16 00:00:00.0000000,2,2020-01-13 00:00:00.0000000,2019-12-19 00:00:00.0000000,,0,0,1
40,690259,0.104855037,955.6794291,0,104855037,1,955,6794291,6,2019-03-01 00:00:00.0000000,2018-12-13 00:00:00.0000000,NULL,NULL,NULL,,1,1,1
40,632688,0.999667571,86407.63376,0,999667571,0,86407,63376,133,2019-09-30 00:00:00.0000000,2018-10-02 00:00:00.0000000,164,2020-09-29 00:00:00.0000000,2019-10-04 00:00:00.0000000,,0,0,1
40,724730,0.523554773,319.8927123,0,523554773,0,319,8927123,7,2019-03-20 00:00:00.0000000,2018-10-04 00:00:00.0000000,NULL,NULL,NULL,,1,1,1
40,704198,0.683169585,0,0,683169585,0,0,1,2019-03-06 00:00:00.0000000,2019-03-06 00:00:00.0000000,3,2020-08-24 00:00:00.0000000,2019-12-16 00:00:00.0000000,NULL,0,,0,1
40,734793,0.987650436,13880.99001,0,987650436,0,13880,99001,5,2019-09-17 00:00:00.0000000,2019-03-04 00:00:00.0000000,NULL,NULL,NULL,,1,1,1
40,432171,0.9997385,482942.959,0,9997385,0,482942,959,169,2019-09-30 00:00:00.0000000,2018-10-02 00:00:00.0000000,161,2020-09-28 00:00:00.0000000,2019-10-01 00:00:00.0000000,,0,0,1
40,424888,0.813970043,234.1813246,0,813970043,0,234,1813246,3,2019-06-19 00:00:00.0000000,2019-04-29 00:00:00.0000000,4,2020-07-07 00:00:00.0000000,2020-02-05 00:00:00.0000000,,0,0,1
40,663476,0.998005907,82325.84269,0,998005907,0,82325,84269,73,2019-09-24 00:00:00.0000000,2018-10-03 00:00:00.0000000,39,2020-09-08 00:00:00.0000000,2019-10-17 00:00:00.0000000,,0,0,1
40,654399,0.969101032,3404.901234,0,969101032,0,3404,901234,6,2019-07-17 00:00:00.0000000,2018-11-06 00:00:00.0000000,6,2020-09-23 00:00:00.0000000,2020-02-26 00:00:00.0000000,,0,0,1
40,431678,0.985742168,9404.036814,0,985742168,0,9404,36814,11,2019-08-20 00:00:00.0000000,2018-10-05 00:00:00.0000000,4,2020-05-12 00:00:00.0000000,2019-10-15 00:00:00.0000000,,0,0,1
40,596943,0.953855152,4706.539945,0,953855152,0,4706,539945,5,2019-07-31 00:00:00.0000000,2019-03-18 00:00:00.0000000,3,2020-09-10 00:00:00.0000000,2020-01-24 00:00:00.0000000,,0,0,1
40,434241,0.689129798,18415.47987,0,689129798,0,18415,47987,2,2019-05-16 00:00:00.0000000,2019-04-26 00:00:00.0000000,2,2020-03-25 00:00:00.0000000,2020-03-18 00:00:00.0000000,,0,0,1
40,468815,0.851593664,7049.79434,0,851593664,0,7049,79434,8,2019-05-21 00:00:00.0000000,2018-10-08 00:00:00.0000000,15,2020-09-30 00:00:00.0000000,2019-10-24 00:00:00.0000000,,0,0,1
40,735095,0.597382056,2168.306121,0,597382056,0,2168,306121,2,2019-05-17 00:00:00.0000000,2019-05-04 00:00:00.0000000,4,2020-05-22 00:00:00.0000000,2019-11-21 00:00:00.0000000,,0,0,1
40,635813,0.642548356,0,0,642548356,0,0,1,2018-12-14 00:00:00.0000000,2018-12-14 00:00:00.0000000,NULL,NULL,NULL,NULL,1,,1,1
40,697146,0.995555161,7542.702138,0,995555161,0,7542,702138,33,2019-09-17 00:00:00.0000000,2018-10-11 00:00:00.0000000,14,2020-09-22 00:00:00.0000000,2019-11-14 00:00:00.0000000,,0,0,1
40,430234,0.467282301,1980.248448,0,467282301,1,1980,248448,2,2019-07-16 00:00:00.0000000,2019-07-15 00:00:00.0000000,NULL,NULL,NULL,,1,1,1
40,429111,0.999820443,1309573.705,0,999820443,0,1309573,705,246,2019-09-30 00:00:00.0000000,2018-10-01 00:00:00.0000000,241,2020-09-30 00:00:00.0000000,2019-10-01 00:00:00.0000000,,0,0,1
40,587306,0.574820043,4294.923145,0,574820043,0,4294,923145,30,2019-07-22 00:00:00.0000000,2018-10-02 00:00:00.0000000,29,2020-09-21 00:00:00.0000000,2019-10-07 00:00:00.0000000,,0,0,1
40,692723,0.51325078,529.8648802,0,51325078,0,529,8648802,2,2019-04-09 00:00:00.0000000,2019-03-27 00:00:00.0000000,NULL,NULL,NULL,,1,1,1
40,719265,0.477377125,203.6058648,0,477377125,1,203,6058648,9,2019-04-15 00:00:00.0000000,2018-10-11 00:00:00.0000000,1,2019-11-26 00:00:00.0000000,2019-11-26 00:00:00.0000000,,0,0,1
40,674456,0.995725253,23469.67569,0,995725253,0,23469,67569,70,2019-09-20 00:00:00.0000000,2018-10-03 00:00:00.0000000,47,2020-09-30 00:00:00.0000000,2019-10-02 00:00:00.0000000,,0,0,1
40,429647,0.998775333,30979.50162,0,998775333,0,30979,50162,58,2019-09-27 00:00:00.0000000,2018-10-04 00:00:00.0000000,74,2020-09-22 00:00:00.0000000,2019-10-14 00:00:00.0000000,,0,0,1
40,642727,0.993230037,5375.955762,0,993230037,0,5375,955762,15,2019-09-11 00:00:00.0000000,2018-10-24 00:00:00.0000000,16,2020-09-21 00:00:00.0000000,2019-10-16 00:00:00.0000000,,0,0,1
40,608947,0.936833984,574319.1869,0,936833984,0,574319,1869,5,2019-06-29 00:00:00.0000000,2019-01-14 00:00:00.0000000,2,2020-06-15 00:00:00.0000000,2020-03-19 00:00:00.0000000,,0,0,1
40,743060,0.971055457,2273.516379,0,971055457,0,2273,516379,4,2019-08-02 00:00:00.0000000,2019-01-18 00:00:00.0000000,7,2020-04-29 00:00:00.0000000,2019-11-14 00:00:00.0000000,,0,0,1
40,704500,0.645182739,0,0,645182739,0,0,1,2018-12-20 00:00:00.0000000,2018-12-20 00:00:00.0000000,NULL,NULL,NULL,NULL,1,,1,1
40,535398,0.99765082,32976.43897,0,99765082,0,32976,43897,45,2019-09-23 00:00:00.0000000,2018-10-09 00:00:00.0000000,45,2020-09-28 00:00:00.0000000,2019-10-09 00:00:00.0000000,,0,0,1
40,714795,0.991714152,17802.525,0,991714152,0,17802,525,15,2019-09-12 00:00:00.0000000,2019-01-14 00:00:00.0000000,5,2020-09-09 00:00:00.0000000,2019-10-24 00:00:00.0000000,,0,0,1
40,424207,0.962129499,637.7872387,0,962129499,0,637,7872387,4,2019-07-09 00:00:00.0000000,2018-12-18 00:00:00.0000000,6,2020-09-18 00:00:00.0000000,2019-12-11 00:00:00.0000000,,0,0,1
40,669473,0.987906061,1533.241028,0,987906061,0,1533,241028,5,2019-09-17 00:00:00.0000000,2019-02-15 00:00:00.0000000,1,2020-03-10 00:00:00.0000000,2020-03-10 00:00:00.0000000,,0,0,1
40,557690,0.132025999,1628.083075,0,132025999,1,1628,83075,3,2018-11-02 00:00:00.0000000,2018-10-04 00:00:00.0000000,NULL,NULL,NULL,,1,1,1
40,435318,0.999806251,2116900.094,0,999806251,0,2116900,94,228,2019-09-30 00:00:00.0000000,2018-10-02 00:00:00.0000000,201,2020-09-30 00:00:00.0000000,2019-10-01 00:00:00.0000000,,0,0,1
40,430568,0.870141195,507.8391302,0,870141195,0,507,8391302,4,2019-05-31 00:00:00.0000000,2019-02-08 00:00:00.0000000,NULL,NULL,NULL,,1,1,1
40,641359,0.8689362,23126.33828,0,8689362,0,23126,33828,3,2019-09-06 00:00:00.0000000,2019-08-26 00:00:00.0000000,2,2020-09-02 00:00:00.0000000,2020-05-05 00:00:00.0000000,,0,0,1
40,435808,0.972847809,7163.446718,0,972847809,0,7163,446718,3,2019-07-31 00:00:00.0000000,2018-11-13 00:00:00.0000000,2,2020-03-17 00:00:00.0000000,2020-03-09 00:00:00.0000000,,0,0,1
40,422770,0.993405781,5076.60102,0,993405781,0,5076,60102,20,2019-09-12 00:00:00.0000000,2018-11-07 00:00:00.0000000,28,2020-09-28 00:00:00.0000000,2019-10-03 00:00:00.0000000,,0,0,1
40,429084,0.999712984,68008.69932,0,999712984,0,68008,69932,154,2019-09-30 00:00:00.0000000,2018-10-01 00:00:00.0000000,167,2020-09-30 00:00:00.0000000,2019-10-01 00:00:00.0000000,,0,0,1
40,699475,0.99980877,3067672.296,0,99980877,0,3067672,296,231,2019-09-30 00:00:00.0000000,2018-10-02 00:00:00.0000000,203,2020-09-30 00:00:00.0000000,2019-10-01 00:00:00.0000000,,0,0,1
40,732236,0.452923901,14859.23131,0,452923901,1,14859,23131,34,2019-07-24 00:00:00.0000000,2018-10-02 00:00:00.0000000,62,2020-09-28 00:00:00.0000000,2019-10-03 00:00:00.0000000,,0,0,1
40,753337,0.921684789,0,0,921684789,0,0,1,2019-09-26 00:00:00.0000000,2019-09-26 00:00:00.0000000,2,2020-04-24 00:00:00.0000000,2020-02-28 00:00:00.0000000,NULL,0,,0,1
40,719373,0.988456173,3013.775124,0,988456173,0,3013,775124,8,2019-08-28 00:00:00.0000000,2018-10-03 00:00:00.0000000,8,2020-09-30 00:00:00.0000000,2019-10-23 00:00:00.0000000,,0,0,1
40,435090,0.999108285,146303.9953,0,999108285,0,146303,9953,75,2019-09-28 00:00:00.0000000,2018-10-09 00:00:00.0000000,63,2020-09-29 00:00:00.0000000,2019-10-01 00:00:00.0000000,,0,0,1
40,442392,0.996185593,15967.81199,0,996185593,0,15967,81199,20,2019-09-20 00:00:00.0000000,2018-10-01 00:00:00.0000000,40,2020-09-25 00:00:00.0000000,2019-10-07 00:00:00.0000000,,0,0,1
40,430023,0.774705252,0,0,774705252,0,0,1,2019-07-05 00:00:00.0000000,2019-07-05 00:00:00.0000000,1,2019-11-27 00:00:00.0000000,2019-11-27 00:00:00.0000000,NULL,0,,0,1
40,737250,0.569726872,8340.930692,0,569726872,0,8340,930692,21,2019-07-01 00:00:00.0000000,2018-10-05 00:00:00.0000000,28,2020-09-24 00:00:00.0000000,2019-12-03 00:00:00.0000000,,0,0,1
40,697542,0.668060235,0,0,668060235,0,0,1,2019-02-06 00:00:00.0000000,2019-02-06 00:00:00.0000000,NULL,NULL,NULL,NULL,1,,1,1
40,707535,0.970630553,5065.964451,0,970630553,0,5065,964451,5,2019-07-17 00:00:00.0000000,2018-11-08 00:00:00.0000000,7,2020-08-12 00:00:00.0000000,2020-01-29 00:00:00.0000000,,0,0,1
40,645013,0.315287015,9.658681643,0,315287015,1,9,658681643,2,2019-02-28 00:00:00.0000000,2019-02-21 00:00:00.0000000,4,2020-08-24 00:00:00.0000000,2020-03-09 00:00:00.0000000,,0,0,1
40,733055,0.994561475,27333.32983,0,994561475,0,27333,32983,18,2019-09-16 00:00:00.0000000,2018-11-20 00:00:00.0000000,8,2020-09-17 00:00:00.0000000,2019-11-29 00:00:00.0000000,,0,0,1
40,707528,0.503290336,292.9903417,0,503290336,0,292,9903417,2,2019-04-04 00:00:00.0000000,2019-03-22 00:00:00.0000000,1,2020-03-20 00:00:00.0000000,2020-03-20 00:00:00.0000000,,0,0,1
40,428713,2.40E-05,0.523692572,2,4.00E-05,1,0,523692572,29,2019-04-16 00:00:00.0000000,2018-10-01 00:00:00.0000000,NULL,NULL,NULL,,1,1,1
40,661514,0.994656175,15771.85488,0,994656175,0,15771,85488,18,2019-09-19 00:00:00.0000000,2019-01-22 00:00:00.0000000,22,2020-09-22 00:00:00.0000000,2019-10-08 00:00:00.0000000,,0,0,1
40,750597,0.764580284,0,0,764580284,0,0,1,2019-06-25 00:00:00.0000000,2019-06-25 00:00:00.0000000,NULL,NULL,NULL,NULL,1,,1,1
40,570837,0.992075843,54898.7069,0,992075843,0,54898,7069,24,2019-09-12 00:00:00.0000000,2018-12-10 00:00:00.0000000,16,2020-09-18 00:00:00.0000000,2019-10-23 00:00:00.0000000,,0,0,1
40,558279,0.999806251,1174897.639,0,999806251,0,1174897,639,228,2019-09-30 00:00:00.0000000,2018-10-01 00:00:00.0000000,179,2020-09-30 00:00:00.0000000,2019-10-01 00:00:00.0000000,,0,0,1
40,425001,0.996207767,11697.60405,0,996207767,0,11697,60405,15,2019-09-26 00:00:00.0000000,2019-01-31 00:00:00.0000000,6,2020-09-22 00:00:00.0000000,2019-10-01 00:00:00.0000000,,0,0,1
40,654666,0.540399356,11495.46194,0,540399356,0,11495,46194,3,2019-08-19 00:00:00.0000000,2019-08-14 00:00:00.0000000,NULL,NULL,NULL,,1,1,1
40,740626,0.043362631,782.8972983,0,43362631,1,782,8972983,16,2019-04-26 00:00:00.0000000,2018-10-13 00:00:00.0000000,7,2020-09-30 00:00:00.0000000,2019-11-06 00:00:00.0000000,,0,0,1
40,431979,0.998028147,72130.28976,0,998028147,0,72130,28976,71,2019-09-24 00:00:00.0000000,2018-10-01 00:00:00.0000000,102,2020-09-30 00:00:00.0000000,2019-10-25 00:00:00.0000000,,0,0,1
40,713041,0.991717552,138655.3487,0,991717552,0,138655,3487,13,2019-09-06 00:00:00.0000000,2018-10-15 00:00:00.0000000,5,2020-05-07 00:00:00.0000000,2019-10-07 00:00:00.0000000,,0,0,1
40,751751,0.99678527,86909.67645,0,99678527,0,86909,67645,14,2019-09-30 00:00:00.0000000,2019-08-09 00:00:00.0000000,172,2020-09-30 00:00:00.0000000,2019-10-01 00:00:00.0000000,,0,0,1
40,539568,0.99974748,1092731.978,0,99974748,0,1092731,978,175,2019-09-30 00:00:00.0000000,2018-10-01 00:00:00.0000000,201,2020-09-30 00:00:00.0000000,2019-10-01 00:00:00.0000000,,0,0,1
40,680481,0.999497046,43618.59088,0,999497046,0,43618,59088,88,2019-09-30 00:00:00.0000000,2018-10-01 00:00:00.0000000,111,2020-09-28 00:00:00.0000000,2019-10-01 00:00:00.0000000,,0,0,1
40,683749,0.942184907,1292.601505,0,942184907,0,1292,601505,2,2019-08-13 00:00:00.0000000,2019-06-14 00:00:00.0000000,3,2020-07-16 00:00:00.0000000,2020-01-08 00:00:00.0000000,,0,0,1
40,428587,0.992340754,6171.348283,0,992340754,0,6171,348283,10,2019-09-11 00:00:00.0000000,2018-10-17 00:00:00.0000000,14,2020-09-21 00:00:00.0000000,2019-10-03 00:00:00.0000000,,0,0,1
40,560464,0.997025038,7740.194298,0,997025038,0,7740,194298,23,2019-09-24 00:00:00.0000000,2018-11-21 00:00:00.0000000,14,2020-06-24 00:00:00.0000000,2019-10-01 00:00:00.0000000,,0,0,1
40,725506,0.948744251,36977.3757,0,948744251,0,36977,3757,30,2019-08-20 00:00:00.0000000,2018-10-05 00:00:00.0000000,10,2020-09-25 00:00:00.0000000,2019-10-22 00:00:00.0000000,,0,0,1
40,651168,0.997194144,7613.57851,0,997194144,0,7613,57851,16,2019-09-30 00:00:00.0000000,2018-10-26 00:00:00.0000000,24,2020-09-09 00:00:00.0000000,2019-10-14 00:00:00.0000000,,0,0,1
40,430515,0.897849025,1429.143118,0,897849025,0,1429,143118,6,2019-05-15 00:00:00.0000000,2018-10-11 00:00:00.0000000,8,2020-03-13 00:00:00.0000000,2019-10-02 00:00:00.0000000,,0,0,1
40,657666,0.990000374,2737.313166,0,990000374,0,2737,313166,6,2019-09-13 00:00:00.0000000,2018-10-03 00:00:00.0000000,12,2020-07-21 00:00:00.0000000,2019-12-17 00:00:00.0000000,,0,0,1
40,751467,0.861673364,0,0,861673364,0,0,1,2019-09-04 00:00:00.0000000,2019-09-04 00:00:00.0000000,6,2020-05-19 00:00:00.0000000,2020-01-29 00:00:00.0000000,NULL,0,,0,1
40,731838,0.998641286,414189.2696,0,998641286,0,414189,2696,70,2019-09-26 00:00:00.0000000,2018-10-04 00:00:00.0000000,25,2020-07-29 00:00:00.0000000,2019-10-02 00:00:00.0000000,,0,0,1
40,639353,0.998367618,103106.3633,0,998367618,0,103106,3633,69,2019-09-25 00:00:00.0000000,2018-10-02 00:00:00.0000000,33,2020-09-28 00:00:00.0000000,2019-10-08 00:00:00.0000000,,0,0,1
40,436514,0.845019629,343.847375,0,845019629,0,343,847375,2,2019-02-11 00:00:00.0000000,2018-11-16 00:00:00.0000000,1,2020-01-15 00:00:00.0000000,2020-01-15 00:00:00.0000000,,0,0,1
40,434824,0.998438558,29328.48629,0,998438558,0,29328,48629,40,2019-09-27 00:00:00.0000000,2018-10-22 00:00:00.0000000,34,2020-09-15 00:00:00.0000000,2019-10-04 00:00:00.0000000,,0,0,1
40,598893,0.993918035,1355.488296,0,993918035,0,1355,488296,9,2019-09-23 00:00:00.0000000,2018-11-14 00:00:00.0000000,24,2020-09-29 00:00:00.0000000,2019-10-30 00:00:00.0000000,,0,0,1
40,650864,0.996973834,9452.829083,0,996973834,0,9452,829083,24,2019-09-23 00:00:00.0000000,2018-10-30 00:00:00.0000000,36,2020-09-28 00:00:00.0000000,2019-10-16 00:00:00.0000000,,0,0,1
40,436080,0.99889573,39988.54159,0,99889573,0,39988,54159,74,2019-09-27 00:00:00.0000000,2018-10-10 00:00:00.0000000,79,2020-09-30 00:00:00.0000000,2019-10-09 00:00:00.0000000,,0,0,1
40,581362,0.100558626,484.517194,0,100558626,1,484,517194,12,2019-04-12 00:00:00.0000000,2018-10-22 00:00:00.0000000,16,2020-09-30 00:00:00.0000000,2019-11-18 00:00:00.0000000,,0,0,1
40,613044,0.668575007,0,0,668575007,0,0,1,2019-02-07 00:00:00.0000000,2019-02-07 00:00:00.0000000,NULL,NULL,NULL,NULL,1,,1,1
40,606591,0.187384826,343.1627399,0,187384826,1,343,1627399,6,2019-06-13 00:00:00.0000000,2019-04-29 00:00:00.0000000,NULL,NULL,NULL,,1,1,1
40,493011,0.998917802,66618.77144,0,998917802,0,66618,77144,189,2019-09-27 00:00:00.0000000,2018-10-01 00:00:00.0000000,179,2020-09-28 00:00:00.0000000,2019-10-01 00:00:00.0000000,,0,0,1
40,580393,0.938954395,26604.75275,0,938954395,0,26604,75275,13,2019-07-26 00:00:00.0000000,2018-11-23 00:00:00.0000000,8,2020-09-22 00:00:00.0000000,2019-10-24 00:00:00.0000000,,0,0,1
40,718938,0.997906582,35210.32887,0,997906582,0,35210,32887,46,2019-09-24 00:00:00.0000000,2018-10-16 00:00:00.0000000,28,2020-09-24 00:00:00.0000000,2019-10-09 00:00:00.0000000,,0,0,1
40,581388,0.997258491,38415.99603,0,997258491,0,38415,99603,24,2019-09-24 00:00:00.0000000,2018-10-05 00:00:00.0000000,7,2020-06-29 00:00:00.0000000,2019-10-23 00:00:00.0000000,,0,0,1
40,558281,0.987104364,2075.197063,0,987104364,0,2075,197063,4,2019-09-24 00:00:00.0000000,2019-01-28 00:00:00.0000000,4,2020-09-08 00:00:00.0000000,2020-03-12 00:00:00.0000000,,0,0,1
40,430628,0.990008245,18471.53705,0,990008245,0,18471,53705,23,2019-09-04 00:00:00.0000000,2018-10-02 00:00:00.0000000,29,2020-09-17 00:00:00.0000000,2019-10-07 00:00:00.0000000,,0,0,1
40,552262,0.999686469,62044.17454,0,999686469,0,62044,17454,142,2019-09-30 00:00:00.0000000,2018-10-01 00:00:00.0000000,161,2020-09-30 00:00:00.0000000,2019-10-02 00:00:00.0000000,,0,0,1
40,714930,0.914289906,0,0,914289906,0,0,1,2019-09-24 00:00:00.0000000,2019-09-24 00:00:00.0000000,1,2020-07-31 00:00:00.0000000,2020-07-31 00:00:00.0000000,NULL,0,,0,1
40,724832,0.994304118,884.8776633,0,994304118,0,884,8776633,12,2019-09-17 00:00:00.0000000,2018-10-04 00:00:00.0000000,NULL,NULL,NULL,,1,1,1
40,426350,0.9985384,34478.05739,0,9985384,0,34478,5739,55,2019-09-26 00:00:00.0000000,2018-10-03 00:00:00.0000000,61,2020-09-28 00:00:00.0000000,2019-10-02 00:00:00.0000000,,0,0,1
40,421861,0.998425927,284288.9096,0,998425927,0,284288,9096,162,2019-09-26 00:00:00.0000000,2018-10-01 00:00:00.0000000,167,2020-09-30 00:00:00.0000000,2019-10-01 00:00:00.0000000,,0,0,1
40,746907,0.993067768,10889.74047,0,993067768,0,10889,74047,13,2019-09-20 00:00:00.0000000,2019-04-04 00:00:00.0000000,30,2020-09-30 00:00:00.0000000,2019-10-10 00:00:00.0000000,,0,0,1
40,429316,0.96775338,1842.515071,0,96775338,0,1842,515071,5,2019-07-15 00:00:00.0000000,2018-11-22 00:00:00.0000000,5,2020-06-15 00:00:00.0000000,2019-12-12 00:00:00.0000000,,0,0,1
40,441576,0.715237734,0,0,715237734,0,0,1,2019-04-26 00:00:00.0000000,2019-04-26 00:00:00.0000000,1,2019-10-31 00:00:00.0000000,2019-10-31 00:00:00.0000000,NULL,0,,0,1
40,708893,0.998152623,36145.95668,0,998152623,0,36145,95668,32,2019-09-27 00:00:00.0000000,2018-11-06 00:00:00.0000000,40,2020-09-30 00:00:00.0000000,2019-10-03 00:00:00.0000000,,0,0,1
40,707147,0.943154501,3639.669879,0,943154501,0,3639,669879,3,2019-07-31 00:00:00.0000000,2019-05-06 00:00:00.0000000,1,2020-06-18 00:00:00.0000000,2020-06-18 00:00:00.0000000,,0,0,1
40,427157,0.985480513,229.9381328,0,985480513,0,229,9381328,4,2019-09-10 00:00:00.0000000,2018-10-16 00:00:00.0000000,NULL,NULL,NULL,,1,1,1
40,706491,0.678698647,0,0,678698647,0,0,1,2019-02-26 00:00:00.0000000,2019-02-26 00:00:00.0000000,NULL,NULL,NULL,NULL,1,,1,1
40,669702,0.996032746,13939.78199,0,996032746,0,13939,78199,32,2019-09-18 00:00:00.0000000,2018-10-05 00:00:00.0000000,31,2020-09-30 00:00:00.0000000,2019-10-02 00:00:00.0000000,,0,0,1
40,734506,0.963073989,179.7429915,0,963073989,0,179,7429915,3,2019-06-26 00:00:00.0000000,2018-10-30 00:00:00.0000000,2,2020-06-27 00:00:00.0000000,2020-01-13 00:00:00.0000000,,0,0,1
40,432278,0.993045897,36847.987,0,993045897,0,36847,987,34,2019-09-12 00:00:00.0000000,2018-10-02 00:00:00.0000000,20,2020-04-30 00:00:00.0000000,2019-10-07 00:00:00.0000000,,0,0,1
40,560738,0.99757294,26871.01703,0,99757294,0,26871,1703,32,2019-09-24 00:00:00.0000000,2018-10-29 00:00:00.0000000,35,2020-09-25 00:00:00.0000000,2019-10-04 00:00:00.0000000,,0,0,1
40,641308,0.991667573,6472.293644,0,991667573,0,6472,293644,10,2019-09-12 00:00:00.0000000,2018-12-20 00:00:00.0000000,5,2020-09-28 00:00:00.0000000,2019-11-12 00:00:00.0000000,,0,0,1
40,426053,0.998251792,21278.30938,0,998251792,0,21278,30938,50,2019-09-25 00:00:00.0000000,2018-10-04 00:00:00.0000000,41,2020-09-15 00:00:00.0000000,2019-10-02 00:00:00.0000000,,0,0,1
40,702261,0.674890751,0,0,674890751,0,0,1,2019-02-19 00:00:00.0000000,2019-02-19 00:00:00.0000000,4,2019-12-24 00:00:00.0000000,2019-10-02 00:00:00.0000000,NULL,0,,0,1
40,749566,0.976807435,916211.4126,0,976807435,0,916211,4126,10,2019-09-09 00:00:00.0000000,2019-05-27 00:00:00.0000000,1,2019-10-01 00:00:00.0000000,2019-10-01 00:00:00.0000000,,0,0,1
40,429088,0.613666875,0,0,613666875,0,0,1,2018-10-02 00:00:00.0000000,2018-10-02 00:00:00.0000000,1,2020-03-11 00:00:00.0000000,2020-03-11 00:00:00.0000000,NULL,0,,0,1
40,639715,0.818718893,390.9005714,0,818718893,0,390,9005714,3,2019-03-11 00:00:00.0000000,2018-11-22 00:00:00.0000000,6,2020-01-20 00:00:00.0000000,2019-11-28 00:00:00.0000000,,0,0,1
40,422782,0.97384369,1393.803392,0,97384369,0,1393,803392,2,2019-09-26 00:00:00.0000000,2019-01-04 00:00:00.0000000,1,2019-10-14 00:00:00.0000000,2019-10-14 00:00:00.0000000,,0,0,1
40,423547,0.997794407,197079.7121,0,997794407,0,197079,7121,95,2019-09-24 00:00:00.0000000,2018-10-04 00:00:00.0000000,109,2020-09-30 00:00:00.0000000,2019-10-03 00:00:00.0000000,,0,0,1
40,749605,0.83999657,3878.654475,0,83999657,0,3878,654475,2,2019-07-09 00:00:00.0000000,2019-06-13 00:00:00.0000000,NULL,NULL,NULL,,1,1,1
40,630220,0.940202249,7076.013341,0,940202249,0,7076,13341,8,2019-06-26 00:00:00.0000000,2018-10-19 00:00:00.0000000,8,2020-07-17 00:00:00.0000000,2019-11-20 00:00:00.0000000,,0,0,1
40,576847,0.999794521,2250641.802,0,999794521,0,2250641,802,215,2019-09-30 00:00:00.0000000,2018-10-01 00:00:00.0000000,175,2020-09-30 00:00:00.0000000,2019-10-01 00:00:00.0000000,,0,0,1
40,425362,0.999686469,51809.45068,0,999686469,0,51809,45068,142,2019-09-30 00:00:00.0000000,2018-10-02 00:00:00.0000000,154,2020-09-30 00:00:00.0000000,2019-10-01 00:00:00.0000000,,0,0,1
40,690327,0.993000541,21371.14751,0,993000541,0,21371,14751,16,2019-09-09 00:00:00.0000000,2018-10-05 00:00:00.0000000,25,2020-09-30 00:00:00.0000000,2019-10-08 00:00:00.0000000,,0,0,1
40,431786,0.998178346,53077.82504,0,998178346,0,53077,82504,36,2019-09-26 00:00:00.0000000,2018-10-04 00:00:00.0000000,22,2020-09-25 00:00:00.0000000,2019-10-15 00:00:00.0000000,,0,0,1
40,434047,0.918974704,2156.655026,0,918974704,0,2156,655026,3,2019-04-16 00:00:00.0000000,2018-10-24 00:00:00.0000000,NULL,NULL,NULL,,1,1,1
40,718717,0.970893327,6173.620817,0,970893327,0,6173,620817,3,2019-09-13 00:00:00.0000000,2019-07-17 00:00:00.0000000,1,2019-11-06 00:00:00.0000000,2019-11-06 00:00:00.0000000,,0,0,1
40,709156,0.890661618,309.9639899,0,890661618,0,309,9639899,2,2019-03-06 00:00:00.0000000,2018-11-09 00:00:00.0000000,NULL,NULL,NULL,,1,1,1
40,662725,0.747560508,674.5881977,0,747560508,0,674,5881977,6,2019-04-04 00:00:00.0000000,2018-10-08 00:00:00.0000000,4,2020-02-21 00:00:00.0000000,2020-02-10 00:00:00.0000000,,0,0,1
40,713466,0.991511831,17120.03751,0,991511831,0,17120,3751,13,2019-09-05 00:00:00.0000000,2018-10-10 00:00:00.0000000,5,2020-09-30 00:00:00.0000000,2019-10-18 00:00:00.0000000,,0,0,1
40,423417,0.99765992,27970.02885,0,99765992,0,27970,2885,48,2019-09-23 00:00:00.0000000,2018-10-10 00:00:00.0000000,80,2020-09-30 00:00:00.0000000,2019-10-07 00:00:00.0000000,,0,0,1
40,436359,0.998521375,34085.63133,0,998521375,0,34085,63133,55,2019-09-26 00:00:00.0000000,2018-10-10 00:00:00.0000000,64,2020-09-29 00:00:00.0000000,2019-10-01 00:00:00.0000000,,0,0,1
40,717426,0.922173984,1310.34611,0,922173984,0,1310,34611,5,2019-05-17 00:00:00.0000000,2018-10-15 00:00:00.0000000,1,2019-12-17 00:00:00.0000000,2019-12-17 00:00:00.0000000,,0,0,1
40,584071,0.988798224,2303.069619,0,988798224,0,2303,69619,5,2019-09-16 00:00:00.0000000,2018-10-17 00:00:00.0000000,2,2019-11-11 00:00:00.0000000,2019-10-15 00:00:00.0000000,,0,0,1
40,720708,0.922505445,6846.947262,0,922505445,0,6846,947262,4,2019-05-13 00:00:00.0000000,2018-11-08 00:00:00.0000000,1,2020-09-14 00:00:00.0000000,2020-09-14 00:00:00.0000000,,0,0,1
40,429913,2.79E-04,60.1701975,0,279,1,60,1701975,70,2019-07-18 00:00:00.0000000,2018-10-02 00:00:00.0000000,40,2020-09-23 00:00:00.0000000,2019-12-19 00:00:00.0000000,,0,0,1
40,550167,0.996649395,4011.288598,0,996649395,0,4011,288598,20,2019-09-23 00:00:00.0000000,2018-10-30 00:00:00.0000000,21,2020-09-21 00:00:00.0000000,2019-10-30 00:00:00.0000000,,0,0,1
40,576502,0.999746026,7377552.775,0,999746026,0,7377552,775,174,2019-09-30 00:00:00.0000000,2018-10-08 00:00:00.0000000,199,2020-09-30 00:00:00.0000000,2019-10-01 00:00:00.0000000,,0,0,1
40,721124,0.970577259,29835.52019,0,970577259,0,29835,52019,9,2019-08-05 00:00:00.0000000,2018-12-13 00:00:00.0000000,3,2020-02-14 00:00:00.0000000,2019-11-11 00:00:00.0000000,,0,0,1
40,435034,0.797439741,0,0,797439741,0,0,1,2019-07-25 00:00:00.0000000,2019-07-25 00:00:00.0000000,1,2020-07-23 00:00:00.0000000,2020-07-23 00:00:00.0000000,NULL,0,,0,1
40,564272,0.995886028,1458.920331,0,995886028,0,1458,920331,11,2019-09-30 00:00:00.0000000,2018-10-15 00:00:00.0000000,13,2020-09-30 00:00:00.0000000,2019-11-15 00:00:00.0000000,,0,0,1
40,588446,0.994452222,137787.1715,0,994452222,0,137787,1715,32,2019-09-16 00:00:00.0000000,2018-11-15 00:00:00.0000000,28,2020-09-15 00:00:00.0000000,2019-10-03 00:00:00.0000000,,0,0,1
40,658122,0.915968588,4447.389062,0,915968588,0,4447,389062,9,2019-07-09 00:00:00.0000000,2018-12-21 00:00:00.0000000,20,2020-09-30 00:00:00.0000000,2019-10-30 00:00:00.0000000,,0,0,1
40,720829,0.997607299,131413.041,0,997607299,0,131413,41,71,2019-09-23 00:00:00.0000000,2018-10-01 00:00:00.0000000,16,2020-07-31 00:00:00.0000000,2019-10-01 00:00:00.0000000,,0,0,1
40,740115,0.994686217,5175.731188,0,994686217,0,5175,731188,15,2019-09-16 00:00:00.0000000,2018-10-10 00:00:00.0000000,13,2020-08-10 00:00:00.0000000,2019-10-30 00:00:00.0000000,,0,0,1
40,668590,0.945770432,1191.886923,0,945770432,0,1191,886923,6,2019-07-04 00:00:00.0000000,2018-12-19 00:00:00.0000000,3,2020-09-14 00:00:00.0000000,2019-11-28 00:00:00.0000000,,0,0,1
40,693227,0.994052344,8553.620299,0,994052344,0,8553,620299,22,2019-09-13 00:00:00.0000000,2018-10-23 00:00:00.0000000,20,2020-09-29 00:00:00.0000000,2019-10-04 00:00:00.0000000,,0,0,1
40,675831,0.756964292,0,0,756964292,0,0,1,2019-06-17 00:00:00.0000000,2019-06-17 00:00:00.0000000,1,2019-10-07 00:00:00.0000000,2019-10-07 00:00:00.0000000,NULL,0,,0,1
40,424780,0.849070136,613.4784229,0,849070136,0,613,4784229,2,2019-01-22 00:00:00.0000000,2018-10-16 00:00:00.0000000,1,2019-11-12 00:00:00.0000000,2019-11-12 00:00:00.0000000,,0,0,1
40,428499,0.991035542,6371.46929,0,991035542,0,6371,46929,9,2019-09-12 00:00:00.0000000,2019-01-03 00:00:00.0000000,12,2020-09-29 00:00:00.0000000,2019-10-29 00:00:00.0000000,,0,0,1
40,421982,0.935722644,3903.442051,0,935722644,0,3903,442051,5,2019-05-30 00:00:00.0000000,2018-10-23 00:00:00.0000000,5,2020-07-10 00:00:00.0000000,2019-12-10 00:00:00.0000000,,0,0,1
40,732137,0.999479237,36783.71431,0,999479237,0,36783,71431,85,2019-09-30 00:00:00.0000000,2019-01-17 00:00:00.0000000,222,2020-09-30 00:00:00.0000000,2019-10-01 00:00:00.0000000,,0,0,1
40,588343,0.961379105,23333.67956,0,961379105,0,23333,67956,36,2019-08-30 00:00:00.0000000,2018-11-08 00:00:00.0000000,31,2020-09-09 00:00:00.0000000,2019-10-03 00:00:00.0000000,,0,0,1
40,721361,0.998664906,199140.3732,0,998664906,0,199140,3732,88,2019-09-26 00:00:00.0000000,2018-10-11 00:00:00.0000000,48,2020-09-29 00:00:00.0000000,2019-10-08 00:00:00.0000000,,0,0,1
40,430771,0.999539079,42786.09816,0,999539079,0,42786,9816,96,2019-09-30 00:00:00.0000000,2018-10-04 00:00:00.0000000,66,2020-09-28 00:00:00.0000000,2019-10-07 00:00:00.0000000,,0,0,1
40,722403,0.987204425,1638.079182,0,987204425,0,1638,79182,4,2019-09-25 00:00:00.0000000,2019-02-18 00:00:00.0000000,8,2020-09-08 00:00:00.0000000,2019-10-17 00:00:00.0000000,,0,0,1
40,563727,0.999662485,756212.9777,0,999662485,0,756212,9777,131,2019-09-30 00:00:00.0000000,2018-10-02 00:00:00.0000000,125,2020-09-29 00:00:00.0000000,2019-10-01 00:00:00.0000000,,0,0,1
40,690256,0.814542131,0,0,814542131,0,0,1,2019-08-07 00:00:00.0000000,2019-08-07 00:00:00.0000000,2,2019-10-25 00:00:00.0000000,2019-10-18 00:00:00.0000000,NULL,0,,0,1
40,724401,0.999807937,2198213.442,0,999807937,0,2198213,442,230,2019-09-30 00:00:00.0000000,2018-10-02 00:00:00.0000000,197,2020-09-30 00:00:00.0000000,2019-10-01 00:00:00.0000000,,0,0,1
40,751838,0.882019195,0,0,882019195,0,0,1,2019-09-13 00:00:00.0000000,2019-09-13 00:00:00.0000000,2,2019-10-16 00:00:00.0000000,2019-10-02 00:00:00.0000000,NULL,0,,0,1
40,718600,0.867941204,57980.99166,0,867941204,0,57980,99166,22,2019-07-25 00:00:00.0000000,2018-10-02 00:00:00.0000000,NULL,NULL,NULL,,1,1,1
40,511626,0.999718478,82704.74287,0,999718478,0,82704,74287,158,2019-09-30 00:00:00.0000000,2018-10-01 00:00:00.0000000,175,2020-09-30 00:00:00.0000000,2019-10-01 00:00:00.0000000,,0,0,1
40,429744,0.999618737,65823.11543,0,999618737,0,65823,11543,116,2019-09-30 00:00:00.0000000,2018-10-02 00:00:00.0000000,93,2020-09-28 00:00:00.0000000,2019-10-01 00:00:00.0000000,,0,0,1
40,425585,0.993729335,2257.309621,0,993729335,0,2257,309621,19,2019-09-11 00:00:00.0000000,2018-10-03 00:00:00.0000000,14,2020-08-24 00:00:00.0000000,2019-10-16 00:00:00.0000000,,0,0,1
40,433542,0.997583939,8022.822454,0,997583939,0,8022,822454,43,2019-09-23 00:00:00.0000000,2018-10-18 00:00:00.0000000,46,2020-09-29 00:00:00.0000000,2019-10-24 00:00:00.0000000,,0,0,1
40,630236,0.998671053,148427.9799,0,998671053,0,148427,9799,112,2019-09-26 00:00:00.0000000,2018-10-02 00:00:00.0000000,73,2020-09-22 00:00:00.0000000,2019-10-01 00:00:00.0000000,,0,0,1
40,724747,0.85909913,284.5287866,0,85909913,0,284,5287866,5,2019-04-12 00:00:00.0000000,2018-10-04 00:00:00.0000000,NULL,NULL,NULL,,1,1,1
40,429720,0.998456724,90842.61462,0,998456724,0,90842,61462,52,2019-09-26 00:00:00.0000000,2018-10-22 00:00:00.0000000,106,2020-09-29 00:00:00.0000000,2019-10-02 00:00:00.0000000,,0,0,1
40,658071,0.945275161,8665.66659,0,945275161,0,8665,66659,7,2019-08-02 00:00:00.0000000,2019-03-11 00:00:00.0000000,10,2020-09-28 00:00:00.0000000,2019-10-15 00:00:00.0000000,,0,0,1
40,427637,0.997690883,152760.8216,0,997690883,0,152760,8216,46,2019-09-23 00:00:00.0000000,2018-10-03 00:00:00.0000000,22,2020-08-20 00:00:00.0000000,2019-10-01 00:00:00.0000000,,0,0,1
40,671167,0.9221971,1974.21303,0,9221971,0,1974,21303,2,2019-06-27 00:00:00.0000000,2019-04-09 00:00:00.0000000,7,2020-09-25 00:00:00.0000000,2019-11-12 00:00:00.0000000,,0,0,1
40,572388,0.988887053,695.3137649,0,988887053,0,695,3137649,5,2019-09-18 00:00:00.0000000,2018-11-23 00:00:00.0000000,2,2020-08-10 00:00:00.0000000,2020-08-05 00:00:00.0000000,,0,0,1
40,566348,0.542460999,2780.937676,0,542460999,0,2780,937676,2,2019-02-08 00:00:00.0000000,2019-01-17 00:00:00.0000000,2,2019-12-10 00:00:00.0000000,2019-12-03 00:00:00.0000000,,0,0,1
40,752088,0.846249146,0,0,846249146,0,0,1,2019-08-27 00:00:00.0000000,2019-08-27 00:00:00.0000000,NULL,NULL,NULL,NULL,1,,1,1
40,747550,0.929877743,575.1966638,0,929877743,0,575,1966638,2,2019-06-26 00:00:00.0000000,2019-03-25 00:00:00.0000000,3,2020-02-20 00:00:00.0000000,2019-10-25 00:00:00.0000000,,0,0,1
40,526404,0.999828137,2005664.401,0,999828137,0,2005664,401,257,2019-09-30 00:00:00.0000000,2018-10-01 00:00:00.0000000,255,2020-09-30 00:00:00.0000000,2019-10-01 00:00:00.0000000,,0,0,1
40,522558,0.998284864,6066.711409,0,998284864,0,6066,711409,26,2019-09-30 00:00:00.0000000,2018-10-02 00:00:00.0000000,13,2020-09-29 00:00:00.0000000,2019-10-14 00:00:00.0000000,,0,0,1
40,599531,0.994603645,4048.915237,0,994603645,0,4048,915237,11,2019-09-24 00:00:00.0000000,2019-02-13 00:00:00.0000000,3,2020-07-01 00:00:00.0000000,2019-12-19 00:00:00.0000000,,0,0,1
40,434468,0.692088787,172.5602636,0,692088787,0,172,5602636,3,2019-01-07 00:00:00.0000000,2018-10-04 00:00:00.0000000,1,2020-09-28 00:00:00.0000000,2020-09-28 00:00:00.0000000,,0,0,1
40,631345,0.910502207,927.1968145,0,910502207,0,927,1968145,3,2019-04-08 00:00:00.0000000,2018-10-23 00:00:00.0000000,1,2019-10-21 00:00:00.0000000,2019-10-21 00:00:00.0000000,,0,0,1
40,495285,0.998214917,21148.50869,0,998214917,0,21148,50869,48,2019-09-25 00:00:00.0000000,2018-10-08 00:00:00.0000000,34,2020-09-09 00:00:00.0000000,2019-10-09 00:00:00.0000000,,0,0,1
40,586469,0.938866242,193.0749295,0,938866242,0,193,749295,2,2019-05-13 00:00:00.0000000,2018-11-23 00:00:00.0000000,13,2020-09-24 00:00:00.0000000,2020-01-30 00:00:00.0000000,,0,0,1
40,620746,0.992754246,124752.4397,0,992754246,0,124752,4397,16,2019-09-09 00:00:00.0000000,2018-10-18 00:00:00.0000000,7,2020-07-30 00:00:00.0000000,2019-12-31 00:00:00.0000000,,0,0,1
40,432797,0.299506639,1468.877028,0,299506639,1,1468,877028,6,2019-02-12 00:00:00.0000000,2018-10-13 00:00:00.0000000,NULL,NULL,NULL,,1,1,1
40,546270,0.940868274,467.480792,0,940868274,0,467,480792,4,2019-06-24 00:00:00.0000000,2019-01-16 00:00:00.0000000,3,2020-07-01 00:00:00.0000000,2020-01-15 00:00:00.0000000,,0,0,1
40,423279,0.99717303,6831.639874,0,99717303,0,6831,639874,23,2019-09-24 00:00:00.0000000,2018-10-09 00:00:00.0000000,21,2020-09-23 00:00:00.0000000,2019-10-10 00:00:00.0000000,,0,0,1
40,624309,0.965090815,25698.29233,0,965090815,0,25698,29233,13,2019-08-23 00:00:00.0000000,2019-02-25 00:00:00.0000000,9,2020-09-04 00:00:00.0000000,2019-11-20 00:00:00.0000000,,0,0,1
40,587277,0.988342141,1380.924526,0,988342141,0,1380,924526,7,2019-08-30 00:00:00.0000000,2018-10-05 00:00:00.0000000,10,2020-07-23 00:00:00.0000000,2019-10-23 00:00:00.0000000,,0,0,1
40,708406,0.986086553,5012.402299,0,986086553,0,5012,402299,6,2019-09-04 00:00:00.0000000,2019-01-24 00:00:00.0000000,13,2020-09-29 00:00:00.0000000,2019-10-25 00:00:00.0000000,,0,0,1
40,735579,0.995353883,6076.423488,0,995353883,0,6076,423488,15,2019-09-24 00:00:00.0000000,2019-03-19 00:00:00.0000000,32,2020-09-21 00:00:00.0000000,2019-10-21 00:00:00.0000000,,0,0,1
40,428772,0.989281407,7504.839195,0,989281407,0,7504,839195,8,2019-09-03 00:00:00.0000000,2018-11-05 00:00:00.0000000,9,2020-09-18 00:00:00.0000000,2019-10-07 00:00:00.0000000,,0,0,1
40,566103,0.939209935,282.4442143,0,939209935,0,282,4442143,2,2019-05-15 00:00:00.0000000,2018-11-26 00:00:00.0000000,5,2020-09-03 00:00:00.0000000,2019-11-19 00:00:00.0000000,,0,0,1
40,579175,0.227377605,218.7387191,0,227377605,1,218,7387191,2,2018-11-23 00:00:00.0000000,2018-11-15 00:00:00.0000000,1,2020-06-03 00:00:00.0000000,2020-06-03 00:00:00.0000000,,0,0,1
40,498228,0.999807937,1930902.198,0,999807937,0,1930902,198,230,2019-09-30 00:00:00.0000000,2018-10-02 00:00:00.0000000,201,2020-09-30 00:00:00.0000000,2019-10-01 00:00:00.0000000,,0,0,1
40,434644,0.597518879,3037.504699,0,597518879,0,3037,504699,5,2019-05-02 00:00:00.0000000,2019-01-31 00:00:00.0000000,NULL,NULL,NULL,,1,1,1
40,587564,0.997929069,86670.29748,0,997929069,0,86670,29748,43,2019-09-24 00:00:00.0000000,2018-10-02 00:00:00.0000000,21,2020-09-25 00:00:00.0000000,2019-10-01 00:00:00.0000000,,0,0,1
40,435691,0.993555883,2766.448331,0,993555883,0,2766,448331,12,2019-09-16 00:00:00.0000000,2018-12-04 00:00:00.0000000,4,2020-02-05 00:00:00.0000000,2019-10-01 00:00:00.0000000,,0,0,1
40,729016,0.999806251,1350414.61,0,999806251,0,1350414,61,228,2019-09-30 00:00:00.0000000,2018-10-02 00:00:00.0000000,196,2020-09-30 00:00:00.0000000,2019-10-01 00:00:00.0000000,,0,0,1
40,732112,0.989366665,920764.7145,0,989366665,0,920764,7145,9,2019-09-04 00:00:00.0000000,2018-11-30 00:00:00.0000000,6,2020-07-24 00:00:00.0000000,2019-10-04 00:00:00.0000000,,0,0,1
40,719025,0.998650448,30352.62826,0,998650448,0,30352,62826,119,2019-09-26 00:00:00.0000000,2018-10-02 00:00:00.0000000,149,2020-09-30 00:00:00.0000000,2019-10-02 00:00:00.0000000,,0,0,1
40,742092,0.632033533,0,0,632033533,0,0,1,2018-11-19 00:00:00.0000000,2018-11-19 00:00:00.0000000,1,2019-10-30 00:00:00.0000000,2019-10-30 00:00:00.0000000,NULL,0,,0,1
40,539258,0.848935642,572.0211531,0,848935642,0,572,211531,2,2019-08-19 00:00:00.0000000,2019-08-08 00:00:00.0000000,1,2020-04-30 00:00:00.0000000,2020-04-30 00:00:00.0000000,,0,0,1
40,651123,0.976156626,871.5156761,0,976156626,0,871,5156761,8,2019-08-05 00:00:00.0000000,2018-11-19 00:00:00.0000000,6,2020-06-15 00:00:00.0000000,2019-10-10 00:00:00.0000000,,0,0,1
40,424467,0.993621577,7058.717804,0,993621577,0,7058,717804,15,2019-09-12 00:00:00.0000000,2018-10-17 00:00:00.0000000,11,2020-07-31 00:00:00.0000000,2019-10-01 00:00:00.0000000,,0,0,1
40,422224,0.645577654,894.9298965,0,645577654,0,894,9298965,2,2018-12-19 00:00:00.0000000,2018-11-08 00:00:00.0000000,NULL,NULL,NULL,,1,1,1
40,427014,0.981467056,19778.56714,0,981467056,0,19778,56714,54,2019-09-09 00:00:00.0000000,2018-10-02 00:00:00.0000000,45,2020-09-18 00:00:00.0000000,2019-10-01 00:00:00.0000000,,0,0,1
40,422734,0.889297687,7859.532649,0,889297687,0,7859,532649,17,2019-07-17 00:00:00.0000000,2018-10-10 00:00:00.0000000,11,2020-09-22 00:00:00.0000000,2019-10-07 00:00:00.0000000,,0,0,1
40,575964,0.99736191,10380.0549,0,99736191,0,10380,549,17,2019-09-30 00:00:00.0000000,2018-11-15 00:00:00.0000000,10,2020-08-11 00:00:00.0000000,2019-11-13 00:00:00.0000000,,0,0,1
40,522821,0.738679811,0,0,738679811,0,0,1,2019-05-27 00:00:00.0000000,2019-05-27 00:00:00.0000000,1,2019-10-10 00:00:00.0000000,2019-10-10 00:00:00.0000000,NULL,0,,0,1
40,660746,0.625273959,0,0,625273959,0,0,1,2018-11-02 00:00:00.0000000,2018-11-02 00:00:00.0000000,NULL,NULL,NULL,NULL,1,,1,1
40,424478,0.638679574,0,0,638679574,0,0,1,2018-12-05 00:00:00.0000000,2018-12-05 00:00:00.0000000,2,2020-08-20 00:00:00.0000000,2020-01-17 00:00:00.0000000,NULL,0,,0,1
40,432102,0.996659974,6015.081427,0,996659974,0,6015,81427,17,2019-09-25 00:00:00.0000000,2018-10-19 00:00:00.0000000,9,2020-09-29 00:00:00.0000000,2019-11-25 00:00:00.0000000,,0,0,1
40,434805,0.996236906,4572.747615,0,996236906,0,4572,747615,12,2019-09-30 00:00:00.0000000,2018-10-01 00:00:00.0000000,23,2020-09-24 00:00:00.0000000,2019-11-22 00:00:00.0000000,,0,0,1
40,722524,0.917074178,708.2960604,0,917074178,0,708,2960604,5,2019-05-09 00:00:00.0000000,2018-10-03 00:00:00.0000000,NULL,NULL,NULL,,1,1,1
40,566145,0.972299928,67945.58416,0,972299928,0,67945,58416,7,2019-07-30 00:00:00.0000000,2018-11-30 00:00:00.0000000,9,2020-08-13 00:00:00.0000000,2019-10-15 00:00:00.0000000,,0,0,1
40,588283,0.623725872,0,0,623725872,0,0,1,2018-10-29 00:00:00.0000000,2018-10-29 00:00:00.0000000,NULL,NULL,NULL,NULL,1,,1,1
40,426358,0.263641727,12.53955151,0,263641727,1,12,53955151,2,2018-10-17 00:00:00.0000000,2018-10-05 00:00:00.0000000,NULL,NULL,NULL,,1,1,1
40,724779,0.855768327,887.096679,0,855768327,0,887,96679,6,2019-04-26 00:00:00.0000000,2018-10-02 00:00:00.0000000,NULL,NULL,NULL,,1,1,1
40,688155,0.990578559,2342.122044,0,990578559,0,2342,122044,6,2019-09-17 00:00:00.0000000,2018-10-08 00:00:00.0000000,9,2020-06-03 00:00:00.0000000,2019-10-14 00:00:00.0000000,,0,0,1
40,596572,0.421292866,3040.931343,0,421292866,1,3040,931343,12,2019-05-09 00:00:00.0000000,2018-10-11 00:00:00.0000000,5,2020-07-15 00:00:00.0000000,2019-10-03 00:00:00.0000000,,0,0,1
40,748057,0.968922504,442.2488876,0,968922504,0,442,2488876,3,2019-08-21 00:00:00.0000000,2019-04-15 00:00:00.0000000,1,2020-03-16 00:00:00.0000000,2020-03-16 00:00:00.0000000,,0,0,1
40,708700,0.988180207,3824.691525,0,988180207,0,3824,691525,6,2019-09-03 00:00:00.0000000,2018-10-10 00:00:00.0000000,3,2020-07-08 00:00:00.0000000,2019-12-18 00:00:00.0000000,,0,0,1
40,724878,0.727636593,0,0,727636593,0,0,1,2019-05-13 00:00:00.0000000,2019-05-13 00:00:00.0000000,1,2020-07-07 00:00:00.0000000,2020-07-07 00:00:00.0000000,NULL,0,,0,1
40,431127,0.899502824,11085.06323,0,899502824,0,11085,6323,19,2019-07-24 00:00:00.0000000,2018-10-09 00:00:00.0000000,22,2020-09-17 00:00:00.0000000,2019-10-08 00:00:00.0000000,,0,0,1
40,425154,0.995475219,4788.079102,0,995475219,0,4788,79102,16,2019-09-19 00:00:00.0000000,2018-10-09 00:00:00.0000000,9,2020-09-14 00:00:00.0000000,2019-11-04 00:00:00.0000000,,0,0,1
40,717813,0.997763144,65476.88318,0,997763144,0,65476,88318,20,2019-09-30 00:00:00.0000000,2018-11-23 00:00:00.0000000,15,2020-08-21 00:00:00.0000000,2019-10-09 00:00:00.0000000,,0,0,1
40,718738,0.997979476,50588.44264,0,997979476,0,50588,44264,51,2019-09-24 00:00:00.0000000,2018-10-09 00:00:00.0000000,51,2020-09-24 00:00:00.0000000,2019-10-03 00:00:00.0000000,,0,0,1
40,729017,0.994288329,126315.8628,0,994288329,0,126315,8628,8,2019-09-30 00:00:00.0000000,2018-10-05 00:00:00.0000000,NULL,NULL,NULL,,1,1,1
40,433230,0.999146995,34877.20499,0,999146995,0,34877,20499,52,2019-09-30 00:00:00.0000000,2018-10-18 00:00:00.0000000,68,2020-09-24 00:00:00.0000000,2019-10-02 00:00:00.0000000,,0,0,1
40,435628,0.986493308,4159.333344,0,986493308,0,4159,333344,5,2019-09-17 00:00:00.0000000,2019-04-24 00:00:00.0000000,1,2019-10-08 00:00:00.0000000,2019-10-08 00:00:00.0000000,,0,0,1
40,654610,0.58162672,252.3673435,0,58162672,0,252,3673435,3,2019-02-08 00:00:00.0000000,2018-12-07 00:00:00.0000000,1,2020-03-23 00:00:00.0000000,2020-03-23 00:00:00.0000000,,0,0,1
40,435251,0.524650328,316.6115327,0,524650328,0,316,6115327,2,2019-02-13 00:00:00.0000000,2019-01-24 00:00:00.0000000,NULL,NULL,NULL,,1,1,1
40,422492,0.999762436,749797.9971,0,999762436,0,749797,9971,186,2019-09-30 00:00:00.0000000,2018-10-04 00:00:00.0000000,123,2020-09-29 00:00:00.0000000,2019-10-01 00:00:00.0000000,,0,0,1
40,559863,0.99792911,19204.96476,0,99792911,0,19204,96476,30,2019-09-26 00:00:00.0000000,2018-10-15 00:00:00.0000000,13,2020-09-24 00:00:00.0000000,2019-10-02 00:00:00.0000000,,0,0,1
40,641560,0.978252932,13298.17993,0,978252932,0,13298,17993,9,2019-08-09 00:00:00.0000000,2018-11-12 00:00:00.0000000,22,2020-08-13 00:00:00.0000000,2019-11-26 00:00:00.0000000,,0,0,1
40,720966,0.979509957,18305.08008,0,979509957,0,18305,8008,60,2019-09-10 00:00:00.0000000,2018-10-05 00:00:00.0000000,48,2020-09-25 00:00:00.0000000,2019-10-16 00:00:00.0000000,,0,0,1
40,711039,0.997120688,7207.327592,0,997120688,0,7207,327592,18,2019-09-27 00:00:00.0000000,2018-10-09 00:00:00.0000000,23,2020-09-25 00:00:00.0000000,2019-10-29 00:00:00.0000000,,0,0,1
40,447640,0.999686469,63067.78465,0,999686469,0,63067,78465,141,2019-09-30 00:00:00.0000000,2018-10-01 00:00:00.0000000,165,2020-09-30 00:00:00.0000000,2019-10-02 00:00:00.0000000,,0,0,1
40,601406,0.970072453,6667.426452,0,970072453,0,6667,426452,4,2019-07-18 00:00:00.0000000,2018-11-23 00:00:00.0000000,8,2020-09-14 00:00:00.0000000,2020-01-03 00:00:00.0000000,,0,0,1
40,700109,0.993082815,26867.70975,0,993082815,0,26867,70975,16,2019-09-10 00:00:00.0000000,2018-10-18 00:00:00.0000000,22,2020-08-31 00:00:00.0000000,2019-10-08 00:00:00.0000000,,0,0,1
40,699005,0.621812512,0,0,621812512,0,0,1,2018-10-24 00:00:00.0000000,2018-10-24 00:00:00.0000000,NULL,NULL,NULL,NULL,1,,1,1
40,660996,0.953337431,2929.842274,0,953337431,0,2929,842274,3,2019-06-12 00:00:00.0000000,2018-11-23 00:00:00.0000000,2,2020-03-12 00:00:00.0000000,2020-02-28 00:00:00.0000000,,0,0,1
40,612750,0.954128465,2655.148434,0,954128465,0,2655,148434,7,2019-07-12 00:00:00.0000000,2018-12-04 00:00:00.0000000,5,2020-09-04 00:00:00.0000000,2019-10-21 00:00:00.0000000,,0,0,1
40,704564,0.99522351,87.06736881,0,99522351,0,87,6736881,12,2019-09-23 00:00:00.0000000,2018-10-30 00:00:00.0000000,12,2020-09-21 00:00:00.0000000,2019-10-30 00:00:00.0000000,,0,0,1
40,424432,0.989373299,165940.4129,0,989373299,0,165940,4129,5,2019-09-20 00:00:00.0000000,2018-10-17 00:00:00.0000000,3,2019-11-13 00:00:00.0000000,2019-10-08 00:00:00.0000000,,0,0,1
40,710887,0.823320451,191.2348167,0,823320451,0,191,2348167,2,2019-01-02 00:00:00.0000000,2018-10-05 00:00:00.0000000,NULL,NULL,NULL,,1,1,1
40,668716,0.997294832,13897.11703,0,997294832,0,13897,11703,25,2019-09-24 00:00:00.0000000,2018-10-15 00:00:00.0000000,14,2020-09-16 00:00:00.0000000,2019-10-01 00:00:00.0000000,,0,0,1
40,554454,0.999814401,2807839.295,0,999814401,0,2807839,295,238,2019-09-30 00:00:00.0000000,2018-10-02 00:00:00.0000000,202,2020-09-30 00:00:00.0000000,2019-10-01 00:00:00.0000000,,0,0,1
40,687176,0.990732961,139539.0616,0,990732961,0,139539,616,32,2019-09-11 00:00:00.0000000,2018-11-16 00:00:00.0000000,20,2020-09-28 00:00:00.0000000,2019-10-07 00:00:00.0000000,,0,0,1
40,733245,0.197312649,293.9136878,0,197312649,1,293,9136878,2,2018-12-26 00:00:00.0000000,2018-12-21 00:00:00.0000000,14,2020-08-06 00:00:00.0000000,2019-12-11 00:00:00.0000000,,0,0,1
40,432833,0.997284748,27156.70997,0,997284748,0,27156,70997,33,2019-09-23 00:00:00.0000000,2018-11-12 00:00:00.0000000,47,2020-09-29 00:00:00.0000000,2019-10-03 00:00:00.0000000,,0,0,1
40,713040,0.999707271,238719.5435,0,999707271,0,238719,5435,151,2019-09-30 00:00:00.0000000,2018-10-01 00:00:00.0000000,151,2020-09-30 00:00:00.0000000,2019-10-02 00:00:00.0000000,,0,0,1
40,422627,0.984799676,6501.702698,0,984799676,0,6501,702698,8,2019-08-21 00:00:00.0000000,2018-11-14 00:00:00.0000000,2,2020-07-17 00:00:00.0000000,2019-10-22 00:00:00.0000000,,0,0,1
40,580199,0.987728382,2848.244297,0,987728382,0,2848,244297,5,2019-09-12 00:00:00.0000000,2018-12-04 00:00:00.0000000,11,2020-09-24 00:00:00.0000000,2019-12-23 00:00:00.0000000,,0,0,1
40,427822,0.992441938,12330.46071,0,992441938,0,12330,46071,10,2019-09-11 00:00:00.0000000,2018-10-08 00:00:00.0000000,4,2020-06-09 00:00:00.0000000,2019-10-28 00:00:00.0000000,,0,0,1
40,422192,0.997969071,6346.591408,0,997969071,0,6346,591408,22,2019-09-30 00:00:00.0000000,2018-10-08 00:00:00.0000000,34,2020-09-28 00:00:00.0000000,2019-10-01 00:00:00.0000000,,0,0,1
40,689653,0.966809799,1960.468552,0,966809799,0,1960,468552,10,2019-07-23 00:00:00.0000000,2018-10-09 00:00:00.0000000,5,2020-08-10 00:00:00.0000000,2019-10-29 00:00:00.0000000,,0,0,1
40,423670,0.999768664,1.33E+07,0,999768664,0,13300000,191,2019-09-30 00:00:00.0000000,2018-10-01 00:00:00.0000000,179,2020-09-30 00:00:00.0000000,2019-10-01 00:00:00.0000000,NULL,0,,0,1
40,646406,0.860942715,298.2465856,0,860942715,0,298,2465856,3,2019-03-22 00:00:00.0000000,2018-11-15 00:00:00.0000000,NULL,NULL,NULL,,1,1,1
40,424679,0.961097267,663.1366435,0,961097267,0,663,1366435,2,2019-07-04 00:00:00.0000000,2018-10-08 00:00:00.0000000,4,2020-06-03 00:00:00.0000000,2020-03-11 00:00:00.0000000,,0,0,1
40,432001,0.999193756,43392.41266,0,999193756,0,43392,41266,55,2019-09-30 00:00:00.0000000,2018-10-02 00:00:00.0000000,61,2020-09-23 00:00:00.0000000,2019-10-01 00:00:00.0000000,,0,0,1
40,745774,0.663503291,0,0,663503291,0,0,1,2019-01-28 00:00:00.0000000,2019-01-28 00:00:00.0000000,NULL,NULL,NULL,NULL,1,,1,1
40,430231,0.972247274,1585.352454,0,972247274,0,1585,352454,8,2019-07-26 00:00:00.0000000,2018-10-26 00:00:00.0000000,11,2020-08-26 00:00:00.0000000,2019-10-08 00:00:00.0000000,,0,0,1
40,431137,0.998939152,59310.4273,0,998939152,0,59310,4273,82,2019-09-27 00:00:00.0000000,2018-10-08 00:00:00.0000000,79,2020-09-30 00:00:00.0000000,2019-10-15 00:00:00.0000000,,0,0,1
40,752816,0.892517179,0,0,892517179,0,0,1,2019-09-17 00:00:00.0000000,2019-09-17 00:00:00.0000000,1,2019-10-02 00:00:00.0000000,2019-10-02 00:00:00.0000000,NULL,0,,0,1
40,428752,0.995472239,10417.04717,0,995472239,0,10417,4717,15,2019-09-20 00:00:00.0000000,2018-10-15 00:00:00.0000000,13,2020-09-29 00:00:00.0000000,2019-10-28 00:00:00.0000000,,0,0,1
40,428593,0.45939413,6731.002904,0,45939413,1,6731,2904,31,2019-07-19 00:00:00.0000000,2018-10-01 00:00:00.0000000,22,2020-08-18 00:00:00.0000000,2019-10-07 00:00:00.0000000,,0,0,1
40,636352,0.424909946,245.6689967,0,424909946,1,245,6689967,4,2019-04-10 00:00:00.0000000,2019-02-13 00:00:00.0000000,2,2020-06-19 00:00:00.0000000,2020-05-28 00:00:00.0000000,,0,0,1
40,731206,0.99348126,2526.807435,0,99348126,0,2526,807435,8,2019-09-26 00:00:00.0000000,2019-02-19 00:00:00.0000000,12,2020-09-22 00:00:00.0000000,2019-10-30 00:00:00.0000000,,0,0,1
40,464475,0.999733766,1260169.104,0,999733766,0,1260169,104,165,2019-09-30 00:00:00.0000000,2018-10-01 00:00:00.0000000,169,2020-09-30 00:00:00.0000000,2019-10-01 00:00:00.0000000,,0,0,1
40,639596,0.738679811,0,0,738679811,0,0,1,2019-05-27 00:00:00.0000000,2019-05-27 00:00:00.0000000,5,2020-08-12 00:00:00.0000000,2020-01-10 00:00:00.0000000,NULL,0,,0,1
40,471857,0.999055715,48971.58259,0,999055715,0,48971,58259,47,2019-09-30 00:00:00.0000000,2018-10-31 00:00:00.0000000,82,2020-09-29 00:00:00.0000000,2019-10-01 00:00:00.0000000,,0,0,1
40,692374,0.641247908,0,0,641247908,0,0,1,2018-12-11 00:00:00.0000000,2018-12-11 00:00:00.0000000,NULL,NULL,NULL,NULL,1,,1,1
40,672859,0.989076573,28292.77645,0,989076573,0,28292,77645,43,2019-09-10 00:00:00.0000000,2018-10-02 00:00:00.0000000,9,2020-09-10 00:00:00.0000000,2019-10-15 00:00:00.0000000,,0,0,1
40,697629,0.962339191,3888.428032,0,962339191,0,3888,428032,10,2019-07-18 00:00:00.0000000,2018-10-04 00:00:00.0000000,15,2020-09-04 00:00:00.0000000,2019-11-08 00:00:00.0000000,,0,0,1
40,730256,0.088546417,2266.346791,0,88546417,1,2266,346791,2,2018-10-31 00:00:00.0000000,2018-10-30 00:00:00.0000000,NULL,NULL,NULL,,1,1,1
40,423981,0.963908008,3037.304463,0,963908008,0,3037,304463,4,2019-07-24 00:00:00.0000000,2019-01-31 00:00:00.0000000,2,2020-06-04 00:00:00.0000000,2020-04-02 00:00:00.0000000,,0,0,1
40,475156,0.966084559,23351.23104,0,966084559,0,23351,23104,47,2019-09-03 00:00:00.0000000,2018-10-10 00:00:00.0000000,58,2020-09-29 00:00:00.0000000,2019-10-01 00:00:00.0000000,,0,0,1
40,434654,0.976555644,531.4627703,0,976555644,0,531,4627703,3,2019-08-16 00:00:00.0000000,2018-11-12 00:00:00.0000000,10,2020-08-28 00:00:00.0000000,2019-10-08 00:00:00.0000000,,0,0,1
40,506355,0.995387085,3756.966076,0,995387085,0,3756,966076,11,2019-09-26 00:00:00.0000000,2018-10-02 00:00:00.0000000,6,2020-08-04 00:00:00.0000000,2020-02-06 00:00:00.0000000,,0,0,1
40,611506,0.228534867,8728.262999,0,228534867,1,8728,262999,2,2019-02-18 00:00:00.0000000,2019-02-14 00:00:00.0000000,NULL,NULL,NULL,,1,1,1
40,714984,0.962575556,17590.63754,0,962575556,0,17590,63754,10,2019-07-18 00:00:00.0000000,2018-10-03 00:00:00.0000000,1,2019-11-08 00:00:00.0000000,2019-11-08 00:00:00.0000000,,0,0,1
40,493074,0.931822233,609.6510756,0,931822233,0,609,6510756,4,2019-05-23 00:00:00.0000000,2018-11-14 00:00:00.0000000,3,2020-04-03 00:00:00.0000000,2019-11-27 00:00:00.0000000,,0,0,1
40,425608,0.998938938,168568.8877,0,998938938,0,168568,8877,79,2019-09-27 00:00:00.0000000,2018-10-01 00:00:00.0000000,89,2020-09-30 00:00:00.0000000,2019-10-04 00:00:00.0000000,,0,0,1
40,432994,0.999460121,163632.7683,0,999460121,0,163632,7683,82,2019-09-30 00:00:00.0000000,2018-10-10 00:00:00.0000000,69,2020-09-28 00:00:00.0000000,2019-10-03 00:00:00.0000000,,0,0,1
40,688584,0.966318317,3794.189626,0,966318317,0,3794,189626,3,2019-07-18 00:00:00.0000000,2018-12-19 00:00:00.0000000,12,2020-09-18 00:00:00.0000000,2019-10-15 00:00:00.0000000,,0,0,1
40,706311,0.970452145,164.1832544,0,970452145,0,164,1832544,4,2019-07-09 00:00:00.0000000,2018-10-11 00:00:00.0000000,2,2020-01-08 00:00:00.0000000,2019-10-28 00:00:00.0000000,,0,0,1
40,632768,0.99877375,52929.83028,0,99877375,0,52929,83028,58,2019-09-27 00:00:00.0000000,2018-10-05 00:00:00.0000000,64,2020-09-29 00:00:00.0000000,2019-10-07 00:00:00.0000000,,0,0,1
40,563137,0.99888932,18907.75979,0,99888932,0,18907,75979,40,2019-09-30 00:00:00.0000000,2018-10-10 00:00:00.0000000,46,2020-09-21 00:00:00.0000000,2019-10-07 00:00:00.0000000,,0,0,1
40,429047,0.651511098,0,0,651511098,0,0,1,2019-01-03 00:00:00.0000000,2019-01-03 00:00:00.0000000,2,2020-04-21 00:00:00.0000000,2020-01-14 00:00:00.0000000,NULL,0,,0,1
40,655065,0.995155834,9394.612006,0,995155834,0,9394,612006,14,2019-09-20 00:00:00.0000000,2018-11-06 00:00:00.0000000,14,2020-09-28 00:00:00.0000000,2019-10-10 00:00:00.0000000,,0,0,1
40,427728,0.972258768,5030.144769,0,972258768,0,5030,144769,3,2019-08-01 00:00:00.0000000,2018-11-30 00:00:00.0000000,2,2020-08-28 00:00:00.0000000,2020-08-06 00:00:00.0000000,,0,0,1
40,669781,0.250757531,92.01729755,0,250757531,1,92,1729755,2,2018-11-29 00:00:00.0000000,2018-11-20 00:00:00.0000000,NULL,NULL,NULL,,1,1,1
40,654667,0.995875146,4862.180897,0,995875146,0,4862,180897,21,2019-09-19 00:00:00.0000000,2018-10-25 00:00:00.0000000,12,2020-08-20 00:00:00.0000000,2019-10-03 00:00:00.0000000,,0,0,1
40,557947,0.987737962,5085.5482,0,987737962,0,5085,5482,5,2019-09-10 00:00:00.0000000,2018-10-30 00:00:00.0000000,NULL,NULL,NULL,,1,1,1
40,616600,0.998310734,48528.75025,0,998310734,0,48528,75025,69,2019-09-25 00:00:00.0000000,2018-10-15 00:00:00.0000000,39,2020-09-21 00:00:00.0000000,2019-10-02 00:00:00.0000000,,0,0,1
40,637335,0.995747064,2383.029446,0,995747064,0,2383,29446,14,2019-09-23 00:00:00.0000000,2018-10-30 00:00:00.0000000,19,2020-09-21 00:00:00.0000000,2019-10-14 00:00:00.0000000,,0,0,1
40,680934,0.997969071,47703.12021,0,997969071,0,47703,12021,22,2019-09-30 00:00:00.0000000,2018-10-01 00:00:00.0000000,24,2020-09-15 00:00:00.0000000,2019-10-03 00:00:00.0000000,,0,0,1
40,672761,0.944803292,882.5418786,0,944803292,0,882,5418786,2,2019-06-14 00:00:00.0000000,2019-01-10 00:00:00.0000000,2,2019-12-02 00:00:00.0000000,2019-10-24 00:00:00.0000000,,0,0,1
40,431620,0.85979718,2247.879835,0,85979718,0,2247,879835,4,2019-04-29 00:00:00.0000000,2018-12-14 00:00:00.0000000,7,2020-09-30 00:00:00.0000000,2019-12-31 00:00:00.0000000,,0,0,1
40,601691,0.02773324,58.55066478,0,2773324,1,58,55066478,3,2019-04-04 00:00:00.0000000,2019-04-01 00:00:00.0000000,3,2020-04-23 00:00:00.0000000,2020-03-31 00:00:00.0000000,,0,0,1
40,431315,0.997670462,37581.65495,0,997670462,0,37581,65495,28,2019-09-25 00:00:00.0000000,2018-10-08 00:00:00.0000000,61,2020-09-29 00:00:00.0000000,2019-10-01 00:00:00.0000000,,0,0,1
40,433744,0.99854311,25840.52824,0,99854311,0,25840,52824,55,2019-09-26 00:00:00.0000000,2018-10-01 00:00:00.0000000,66,2020-09-28 00:00:00.0000000,2019-10-08 00:00:00.0000000,,0,0,1
40,705920,0.998359715,31880.21024,0,998359715,0,31880,21024,43,2019-09-26 00:00:00.0000000,2018-10-02 00:00:00.0000000,49,2020-09-29 00:00:00.0000000,2019-10-14 00:00:00.0000000,,0,0,1
40,708276,0.933483836,4306.269038,0,933483836,0,4306,269038,8,2019-07-12 00:00:00.0000000,2018-12-28 00:00:00.0000000,5,2020-03-02 00:00:00.0000000,2019-10-30 00:00:00.0000000,,0,0,1
40,594125,0.777888699,0,0,777888699,0,0,1,2019-07-08 00:00:00.0000000,2019-07-08 00:00:00.0000000,NULL,NULL,NULL,NULL,1,,1,1
40,748036,0.701206141,0,0,701206141,0,0,1,2019-04-05 00:00:00.0000000,2019-04-05 00:00:00.0000000,1,2020-04-03 00:00:00.0000000,2020-04-03 00:00:00.0000000,NULL,0,,0,1
40,716310,0.999812029,4156229.125,0,999812029,0,4156229,125,235,2019-09-30 00:00:00.0000000,2018-10-01 00:00:00.0000000,200,2020-09-30 00:00:00.0000000,2019-10-01 00:00:00.0000000,,0,0,1
40,654984,0.999193756,37351.49449,0,999193756,0,37351,49449,55,2019-09-30 00:00:00.0000000,2018-10-01 00:00:00.0000000,41,2020-09-21 00:00:00.0000000,2019-10-09 00:00:00.0000000,,0,0,1
40,525965,0.934614192,554.4578445,0,934614192,0,554,4578445,3,2019-05-16 00:00:00.0000000,2018-11-23 00:00:00.0000000,3,2020-04-21 00:00:00.0000000,2019-12-03 00:00:00.0000000,,0,0,1
40,743678,0.633668265,0,0,633668265,0,0,1,2018-11-23 00:00:00.0000000,2018-11-23 00:00:00.0000000,NULL,NULL,NULL,NULL,1,,1,1
40,659975,0.87391314,6156.647549,0,87391314,0,6156,647549,5,2019-04-23 00:00:00.0000000,2018-10-16 00:00:00.0000000,3,2020-09-09 00:00:00.0000000,2019-10-14 00:00:00.0000000,,0,0,1
40,599304,0.999634528,70193.89703,0,999634528,0,70193,89703,121,2019-09-30 00:00:00.0000000,2018-10-04 00:00:00.0000000,87,2020-09-30 00:00:00.0000000,2019-10-01 00:00:00.0000000,,0,0,1
40,688345,0.925097111,107911.8154,0,925097111,0,107911,8154,2,2019-09-20 00:00:00.0000000,2019-09-17 00:00:00.0000000,2,2019-12-05 00:00:00.0000000,2019-12-04 00:00:00.0000000,,0,0,1
40,464478,0.467826864,7387.525651,0,467826864,1,7387,525651,3,2018-12-19 00:00:00.0000000,2018-10-19 00:00:00.0000000,NULL,NULL,NULL,,1,1,1
40,431094,0.997455157,13304.44481,0,997455157,0,13304,44481,32,2019-09-23 00:00:00.0000000,2018-10-03 00:00:00.0000000,25,2020-09-21 00:00:00.0000000,2019-10-01 00:00:00.0000000,,0,0,1
40,669852,0.110639616,24.55010001,0,110639616,1,24,55010001,2,2018-12-20 00:00:00.0000000,2018-12-19 00:00:00.0000000,NULL,NULL,NULL,,1,1,1
40,428451,0.972540419,984.5002083,0,972540419,0,984,5002083,3,2019-07-26 00:00:00.0000000,2018-10-24 00:00:00.0000000,10,2020-08-27 00:00:00.0000000,2019-10-10 00:00:00.0000000,,0,0,1
40,423052,0.926958797,1881.177415,0,926958797,0,1881,177415,3,2019-08-21 00:00:00.0000000,2019-07-11 00:00:00.0000000,NULL,NULL,NULL,,1,1,1
40,750214,0.622661936,1900.148208,0,622661936,0,1900,148208,2,2019-07-05 00:00:00.0000000,2019-06-28 00:00:00.0000000,1,2020-09-02 00:00:00.0000000,2020-09-02 00:00:00.0000000,,0,0,1
40,431357,0.996059558,20838.45775,0,996059558,0,20838,45775,30,2019-09-18 00:00:00.0000000,2018-10-03 00:00:00.0000000,2,2019-11-04 00:00:00.0000000,2019-10-15 00:00:00.0000000,,0,0,1
40,746830,0.71548928,5427.636985,0,71548928,0,5427,636985,8,2019-07-03 00:00:00.0000000,2019-03-13 00:00:00.0000000,2,2020-07-24 00:00:00.0000000,2020-02-10 00:00:00.0000000,,0,0,1
40,714923,0.98373936,23193.14523,0,98373936,0,23193,14523,37,2019-09-05 00:00:00.0000000,2018-10-10 00:00:00.0000000,21,2020-08-12 00:00:00.0000000,2019-10-02 00:00:00.0000000,,0,0,1
40,435010,0.928662038,10676.33852,0,928662038,0,10676,33852,17,2019-07-24 00:00:00.0000000,2018-10-02 00:00:00.0000000,10,2020-06-29 00:00:00.0000000,2019-10-02 00:00:00.0000000,,0,0,1
40,652676,0.99133291,7807.183097,0,99133291,0,7807,183097,17,2019-09-12 00:00:00.0000000,2019-01-21 00:00:00.0000000,31,2020-09-30 00:00:00.0000000,2019-10-07 00:00:00.0000000,,0,0,1
40,503714,0.981088516,22525.00292,0,981088516,0,22525,292,25,2019-08-27 00:00:00.0000000,2018-10-03 00:00:00.0000000,10,2020-07-16 00:00:00.0000000,2019-10-08 00:00:00.0000000,,0,0,1
40,649484,0.988917025,3666.399187,0,988917025,0,3666,399187,10,2019-08-28 00:00:00.0000000,2018-10-04 00:00:00.0000000,8,2020-08-03 00:00:00.0000000,2019-10-10 00:00:00.0000000,,0,0,1
40,702414,0.972417049,169.5457918,0,972417049,0,169,5457918,2,2019-09-19 00:00:00.0000000,2019-02-21 00:00:00.0000000,2,2020-06-04 00:00:00.0000000,2020-05-22 00:00:00.0000000,,0,0,1
40,716058,0.995536452,27627.59624,0,995536452,0,27627,59624,21,2019-09-17 00:00:00.0000000,2018-10-05 00:00:00.0000000,13,2020-08-24 00:00:00.0000000,2019-11-27 00:00:00.0000000,,0,0,1
40,702495,0.709409151,425.7750013,0,709409151,0,425,7750013,2,2019-01-16 00:00:00.0000000,2018-11-30 00:00:00.0000000,NULL,NULL,NULL,,1,1,1
40,423634,0.998242516,12218.19567,0,998242516,0,12218,19567,33,2019-09-27 00:00:00.0000000,2018-10-02 00:00:00.0000000,19,2020-08-13 00:00:00.0000000,2019-10-02 00:00:00.0000000,,0,0,1
40,565613,0.997855969,15401.45106,0,997855969,0,15401,45106,32,2019-09-25 00:00:00.0000000,2018-10-05 00:00:00.0000000,24,2020-09-15 00:00:00.0000000,2019-10-10 00:00:00.0000000,,0,0,1
40,724875,0.225511182,54.0065144,0,225511182,1,54,65144,4,2018-12-10 00:00:00.0000000,2018-10-02 00:00:00.0000000,NULL,NULL,NULL,,1,1,1
40,430639,0.707726167,0,0,707726167,0,0,1,2019-04-15 00:00:00.0000000,2019-04-15 00:00:00.0000000,NULL,NULL,NULL,NULL,1,,1,1
40,428094,0.998157135,11080.08758,0,998157135,0,11080,8758,31,2019-09-27 00:00:00.0000000,2018-10-03 00:00:00.0000000,23,2020-09-30 00:00:00.0000000,2019-10-01 00:00:00.0000000,,0,0,1
40,435800,0.966118863,5095.486371,0,966118863,0,5095,486371,16,2019-08-09 00:00:00.0000000,2018-10-24 00:00:00.0000000,2,2020-03-31 00:00:00.0000000,2020-03-19 00:00:00.0000000,,0,0,1
40,628345,0.993682011,4573.813782,0,993682011,0,4573,813782,10,2019-09-19 00:00:00.0000000,2018-11-19 00:00:00.0000000,13,2020-07-27 00:00:00.0000000,2019-10-24 00:00:00.0000000,,0,0,1
40,434860,0.999582676,39305.31375,0,999582676,0,39305,31375,106,2019-09-30 00:00:00.0000000,2018-10-01 00:00:00.0000000,75,2020-09-29 00:00:00.0000000,2019-10-08 00:00:00.0000000,,0,0,1
40,429560,0.999597889,50735.40703,0,999597889,0,50735,40703,110,2019-09-30 00:00:00.0000000,2018-10-05 00:00:00.0000000,105,2020-09-30 00:00:00.0000000,2019-10-09 00:00:00.0000000,,0,0,1
40,590379,0.851378083,4890.76245,0,851378083,0,4890,76245,12,2019-06-20 00:00:00.0000000,2018-10-10 00:00:00.0000000,17,2020-09-11 00:00:00.0000000,2019-10-04 00:00:00.0000000,,0,0,1
40,566196,0.996948018,4559.070626,0,996948018,0,4559,70626,17,2019-09-27 00:00:00.0000000,2018-10-30 00:00:00.0000000,7,2020-09-22 00:00:00.0000000,2019-11-08 00:00:00.0000000,,0,0,1
40,716793,0.935959619,265.4248106,0,935959619,0,265,4248106,2,2019-05-07 00:00:00.0000000,2018-11-22 00:00:00.0000000,NULL,NULL,NULL,,1,1,1
40,579796,0.889297687,5445.196514,0,889297687,0,5445,196514,17,2019-07-17 00:00:00.0000000,2018-10-10 00:00:00.0000000,17,2020-08-25 00:00:00.0000000,2019-10-03 00:00:00.0000000,,0,0,1
40,633522,0.986075503,2627.300078,0,986075503,0,2627,300078,4,2019-09-20 00:00:00.0000000,2019-02-26 00:00:00.0000000,3,2020-04-15 00:00:00.0000000,2019-12-11 00:00:00.0000000,,0,0,1
40,716120,0.966662015,112427.6825,0,966662015,0,112427,6825,31,2019-08-26 00:00:00.0000000,2018-10-17 00:00:00.0000000,21,2020-09-30 00:00:00.0000000,2019-10-09 00:00:00.0000000,,0,0,1
40,724818,0.987883186,6570.298403,0,987883186,0,6570,298403,14,2019-08-27 00:00:00.0000000,2018-10-09 00:00:00.0000000,14,2020-09-24 00:00:00.0000000,2019-10-21 00:00:00.0000000,,0,0,1
40,696360,0.218822403,49.40968216,0,218822403,1,49,40968216,2,2018-12-27 00:00:00.0000000,2018-12-21 00:00:00.0000000,NULL,NULL,NULL,,1,1,1
40,699019,0.991736235,7850.889251,0,991736235,0,7850,889251,6,2019-09-26 00:00:00.0000000,2018-11-22 00:00:00.0000000,10,2020-02-28 00:00:00.0000000,2019-11-25 00:00:00.0000000,,0,0,1
40,434464,0.983076646,1635.1316,0,983076646,0,1635,1316,3,2019-09-24 00:00:00.0000000,2018-10-26 00:00:00.0000000,1,2019-12-04 00:00:00.0000000,2019-12-04 00:00:00.0000000,,0,0,1
40,724557,0.992596208,3130.475973,0,992596208,0,3130,475973,8,2019-09-18 00:00:00.0000000,2018-10-18 00:00:00.0000000,3,2020-09-01 00:00:00.0000000,2019-11-22 00:00:00.0000000,,0,0,1
40,434037,0.996300932,35524.7375,0,996300932,0,35524,7375,40,2019-09-19 00:00:00.0000000,2018-10-05 00:00:00.0000000,23,2020-09-28 00:00:00.0000000,2019-10-08 00:00:00.0000000,,0,0,1
40,735029,0.654305076,0,0,654305076,0,0,1,2019-01-09 00:00:00.0000000,2019-01-09 00:00:00.0000000,NULL,NULL,NULL,NULL,1,,1,1
40,425730,0.998392193,30202.82557,0,998392193,0,30202,82557,45,2019-09-26 00:00:00.0000000,2018-10-05 00:00:00.0000000,60,2020-09-23 00:00:00.0000000,2019-10-04 00:00:00.0000000,,0,0,1
40,588318,0.99901885,214744.1289,0,99901885,0,214744,1289,114,2019-09-27 00:00:00.0000000,2018-10-03 00:00:00.0000000,107,2020-09-29 00:00:00.0000000,2019-10-01 00:00:00.0000000,,0,0,1
40,424728,0.997075509,9858.346456,0,997075509,0,9858,346456,20,2019-09-25 00:00:00.0000000,2018-10-05 00:00:00.0000000,14,2020-09-16 00:00:00.0000000,2019-11-21 00:00:00.0000000,,0,0,1
40,721706,0.992589161,6688.278187,0,992589161,0,6688,278187,9,2019-09-19 00:00:00.0000000,2019-01-29 00:00:00.0000000,3,2020-01-24 00:00:00.0000000,2019-10-29 00:00:00.0000000,,0,0,1
40,424650,0.996356327,9499.897605,0,996356327,0,9499,897605,23,2019-09-20 00:00:00.0000000,2018-10-09 00:00:00.0000000,22,2020-09-24 00:00:00.0000000,2019-10-11 00:00:00.0000000,,0,0,1
40,669107,0.999805396,1521480.654,0,999805396,0,1521480,654,227,2019-09-30 00:00:00.0000000,2018-10-02 00:00:00.0000000,195,2020-09-30 00:00:00.0000000,2019-10-01 00:00:00.0000000,,0,0,1
40,685531,0.991574115,109953.8056,0,991574115,0,109953,8056,9,2019-09-09 00:00:00.0000000,2018-10-11 00:00:00.0000000,9,2020-09-29 00:00:00.0000000,2019-10-24 00:00:00.0000000,,0,0,1
40,661311,0.961577682,9153.775574,0,961577682,0,9153,775574,12,2019-07-24 00:00:00.0000000,2018-10-03 00:00:00.0000000,17,2020-09-10 00:00:00.0000000,2019-10-01 00:00:00.0000000,,0,0,1
40,424529,0.861673364,0,0,861673364,0,0,1,2019-09-04 00:00:00.0000000,2019-09-04 00:00:00.0000000,NULL,NULL,NULL,NULL,1,,1,1
40,689424,0.616578963,0,0,616578963,0,0,1,2018-10-10 00:00:00.0000000,2018-10-10 00:00:00.0000000,NULL,NULL,NULL,NULL,1,,1,1
40,636163,0.999776854,154407.1737,0,999776854,0,154407,1737,198,2019-09-30 00:00:00.0000000,2018-10-01 00:00:00.0000000,158,2020-09-15 00:00:00.0000000,2019-10-01 00:00:00.0000000,,0,0,1
40,631322,0.998731121,35494.75527,0,998731121,0,35494,75527,54,2019-09-27 00:00:00.0000000,2018-10-01 00:00:00.0000000,27,2020-09-29 00:00:00.0000000,2019-10-03 00:00:00.0000000,,0,0,1
40,671087,0.867118911,2825.231867,0,867118911,0,2825,231867,4,2019-04-08 00:00:00.0000000,2018-10-29 00:00:00.0000000,NULL,NULL,NULL,,1,1,1
40,675544,0.997943047,11848.63517,0,997943047,0,11848,63517,44,2019-09-24 00:00:00.0000000,2018-10-02 00:00:00.0000000,44,2020-09-28 00:00:00.0000000,2019-10-07 00:00:00.0000000,,0,0,1
40,692825,0.727636593,0,0,727636593,0,0,1,2019-05-13 00:00:00.0000000,2019-05-13 00:00:00.0000000,NULL,NULL,NULL,NULL,1,,1,1
40,435071,0.980554692,52843.72057,0,980554692,0,52843,72057,55,2019-09-09 00:00:00.0000000,2018-10-03 00:00:00.0000000,59,2020-09-25 00:00:00.0000000,2019-10-07 00:00:00.0000000,,0,0,1
40,428267,0.999817472,4655410.571,0,999817472,0,4655410,571,242,2019-09-30 00:00:00.0000000,2018-10-01 00:00:00.0000000,200,2020-09-30 00:00:00.0000000,2019-10-01 00:00:00.0000000,,0,0,1
40,432018,0.99757117,13293.60785,0,99757117,0,13293,60785,37,2019-09-23 00:00:00.0000000,2018-10-05 00:00:00.0000000,32,2020-09-24 00:00:00.0000000,2019-10-18 00:00:00.0000000,,0,0,1
40,668309,0.982283115,1516.581948,0,982283115,0,1516,581948,3,2019-09-19 00:00:00.0000000,2018-11-27 00:00:00.0000000,6,2020-09-02 00:00:00.0000000,2019-10-17 00:00:00.0000000,,0,0,1
40,552773,0.532267999,1452.785281,0,532267999,0,1452,785281,4,2019-02-07 00:00:00.0000000,2018-11-05 00:00:00.0000000,NULL,NULL,NULL,,1,1,1
40,738644,0.996110268,101520.1295,0,996110268,0,101520,1295,22,2019-09-19 00:00:00.0000000,2018-10-02 00:00:00.0000000,21,2020-09-29 00:00:00.0000000,2019-10-02 00:00:00.0000000,,0,0,1
40,737759,0.97614179,1544.203625,0,97614179,0,1544,203625,5,2019-07-25 00:00:00.0000000,2018-10-16 00:00:00.0000000,3,2020-09-21 00:00:00.0000000,2019-10-08 00:00:00.0000000,,0,0,1
40,742570,0.236693205,70.13382653,0,236693205,1,70,13382653,2,2019-02-04 00:00:00.0000000,2019-01-30 00:00:00.0000000,NULL,NULL,NULL,,1,1,1
40,424510,0.997861033,104788.942,0,997861033,0,104788,942,32,2019-09-25 00:00:00.0000000,2018-10-03 00:00:00.0000000,7,2020-09-29 00:00:00.0000000,2019-12-03 00:00:00.0000000,,0,0,1
40,427777,0.998720665,3541097.821,0,998720665,0,3541097,821,238,2019-09-27 00:00:00.0000000,2018-10-01 00:00:00.0000000,225,2020-09-30 00:00:00.0000000,2019-10-01 00:00:00.0000000,,0,0,1
40,553849,0.999733766,68811.43958,0,999733766,0,68811,43958,166,2019-09-30 00:00:00.0000000,2018-10-01 00:00:00.0000000,157,2020-09-30 00:00:00.0000000,2019-10-02 00:00:00.0000000,,0,0,1
40,657541,0.621812512,0,0,621812512,0,0,1,2018-10-24 00:00:00.0000000,2018-10-24 00:00:00.0000000,NULL,NULL,NULL,NULL,1,,1,1
40,679327,0.958010629,8634.520289,0,958010629,0,8634,520289,12,2019-07-26 00:00:00.0000000,2018-10-26 00:00:00.0000000,9,2020-09-10 00:00:00.0000000,2019-11-19 00:00:00.0000000,,0,0,1
40,657566,0.996744367,6649.619214,0,996744367,0,6649,619214,21,2019-09-23 00:00:00.0000000,2018-10-30 00:00:00.0000000,21,2020-09-21 00:00:00.0000000,2019-10-09 00:00:00.0000000,,0,0,1
40,424919,0.994986644,15337.67597,0,994986644,0,15337,67597,39,2019-09-16 00:00:00.0000000,2018-10-01 00:00:00.0000000,30,2020-09-29 00:00:00.0000000,2019-10-09 00:00:00.0000000,,0,0,1
40,430066,0.998336469,67977.30215,0,998336469,0,67977,30215,59,2019-09-25 00:00:00.0000000,2018-10-01 00:00:00.0000000,47,2020-09-30 00:00:00.0000000,2019-10-02 00:00:00.0000000,,0,0,1
40,448809,0.995926909,15106.30266,0,995926909,0,15106,30266,20,2019-09-19 00:00:00.0000000,2018-10-08 00:00:00.0000000,27,2020-09-04 00:00:00.0000000,2019-11-28 00:00:00.0000000,,0,0,1
40,724748,0.014786715,17.462718,0,14786715,1,17,462718,8,2019-01-10 00:00:00.0000000,2018-10-01 00:00:00.0000000,NULL,NULL,NULL,,1,1,1
40,654601,0.993418011,7241.536816,0,993418011,0,7241,536816,11,2019-09-19 00:00:00.0000000,2019-01-28 00:00:00.0000000,8,2020-05-06 00:00:00.0000000,2019-11-25 00:00:00.0000000,,0,0,1
40,693966,0.997591243,17582.83518,0,997591243,0,17582,83518,39,2019-09-23 00:00:00.0000000,2018-10-08 00:00:00.0000000,50,2020-09-23 00:00:00.0000000,2019-10-01 00:00:00.0000000,,0,0,1
40,425527,0.701206141,0,0,701206141,0,0,1,2019-04-05 00:00:00.0000000,2019-04-05 00:00:00.0000000,NULL,NULL,NULL,NULL,1,,1,1
40,428560,0.999307624,44957.95128,0,999307624,0,44957,95128,64,2019-09-30 00:00:00.0000000,2018-10-05 00:00:00.0000000,64,2020-09-28 00:00:00.0000000,2019-10-01 00:00:00.0000000,,0,0,1
40,748699,0.791563861,1243.482655,0,791563861,0,1243,482655,3,2019-07-15 00:00:00.0000000,2019-06-12 00:00:00.0000000,1,2020-02-25 00:00:00.0000000,2020-02-25 00:00:00.0000000,,0,0,1
40,692487,0.995456241,48461.8042,0,995456241,0,48461,8042,13,2019-09-23 00:00:00.0000000,2018-11-13 00:00:00.0000000,1,2019-10-10 00:00:00.0000000,2019-10-10 00:00:00.0000000,,0,0,1
40,710824,0.99888932,53122.4204,0,99888932,0,53122,4204,40,2019-09-30 00:00:00.0000000,2018-11-16 00:00:00.0000000,5,2019-11-26 00:00:00.0000000,2019-10-03 00:00:00.0000000,,0,0,1
40,588394,0.999261253,225810.8116,0,999261253,0,225810,8116,60,2019-09-30 00:00:00.0000000,2018-10-01 00:00:00.0000000,15,2020-05-28 00:00:00.0000000,2019-10-08 00:00:00.0000000,,0,0,1
40,551936,0.99888932,27973.03656,0,99888932,0,27973,3656,40,2019-09-30 00:00:00.0000000,2018-10-15 00:00:00.0000000,38,2020-09-23 00:00:00.0000000,2019-10-25 00:00:00.0000000,,0,0,1
40,433949,0.983215486,21979.48592,0,983215486,0,21979,48592,27,2019-08-30 00:00:00.0000000,2018-10-03 00:00:00.0000000,11,2020-02-28 00:00:00.0000000,2019-10-07 00:00:00.0000000,,0,0,1
40,422845,0.809580427,13173.31737,0,809580427,0,13173,31737,13,2019-06-17 00:00:00.0000000,2018-10-03 00:00:00.0000000,NULL,NULL,NULL,,1,1,1
40,428969,0.993438985,10977.74415,0,993438985,0,10977,74415,7,2019-09-30 00:00:00.0000000,2018-11-20 00:00:00.0000000,15,2020-09-23 00:00:00.0000000,2019-12-09 00:00:00.0000000,,0,0,1
40,720834,0.985086722,3669.309233,0,985086722,0,3669,309233,7,2019-08-29 00:00:00.0000000,2019-01-10 00:00:00.0000000,4,2020-03-10 00:00:00.0000000,2019-11-25 00:00:00.0000000,,0,0,1
40,731091,0.998610131,25329.5271,0,998610131,0,25329,5271,47,2019-09-27 00:00:00.0000000,2018-10-09 00:00:00.0000000,22,2020-06-24 00:00:00.0000000,2019-10-22 00:00:00.0000000,,0,0,1
40,572882,0.999529244,404312.9452,0,999529244,0,404312,9452,94,2019-09-30 00:00:00.0000000,2018-10-01 00:00:00.0000000,94,2020-09-30 00:00:00.0000000,2019-10-02 00:00:00.0000000,,0,0,1
40,677811,0.990829422,47707.66812,0,990829422,0,47707,66812,6,2019-09-19 00:00:00.0000000,2018-10-17 00:00:00.0000000,2,2020-09-14 00:00:00.0000000,2020-01-22 00:00:00.0000000,,0,0,1
40,436287,0.997846635,65260.27365,0,997846635,0,65260,27365,93,2019-09-24 00:00:00.0000000,2018-10-01 00:00:00.0000000,101,2020-09-30 00:00:00.0000000,2019-10-07 00:00:00.0000000,,0,0,1
40,743747,0.990217775,2759.159667,0,990217775,0,2759,159667,9,2019-09-16 00:00:00.0000000,2019-04-02 00:00:00.0000000,14,2020-08-20 00:00:00.0000000,2019-11-04 00:00:00.0000000,,0,0,1
40,428776,0.894051497,7513.550309,0,894051497,0,7513,550309,2,2019-09-13 00:00:00.0000000,2019-09-09 00:00:00.0000000,2,2020-09-04 00:00:00.0000000,2020-06-16 00:00:00.0000000,,0,0,1
40,688108,0.99787562,59100.54178,0,99787562,0,59100,54178,40,2019-09-24 00:00:00.0000000,2018-10-03 00:00:00.0000000,38,2020-09-30 00:00:00.0000000,2019-10-15 00:00:00.0000000,,0,0,1
40,672682,0.996236906,41762.09657,0,996236906,0,41762,9657,12,2019-09-30 00:00:00.0000000,2018-10-02 00:00:00.0000000,26,2020-09-28 00:00:00.0000000,2019-10-01 00:00:00.0000000,,0,0,1
40,744912,0.984098512,7647.758876,0,984098512,0,7647,758876,4,2019-09-06 00:00:00.0000000,2018-12-12 00:00:00.0000000,2,2020-03-13 00:00:00.0000000,2020-03-03 00:00:00.0000000,,0,0,1
40,653502,0.782248216,0,0,782248216,0,0,1,2019-07-12 00:00:00.0000000,2019-07-12 00:00:00.0000000,1,2020-07-08 00:00:00.0000000,2020-07-08 00:00:00.0000000,NULL,0,,0,1
40,719790,0.993928323,3256.067696,0,993928323,0,3256,67696,8,2019-09-27 00:00:00.0000000,2018-10-01 00:00:00.0000000,3,2020-09-22 00:00:00.0000000,2019-11-04 00:00:00.0000000,,0,0,1
40,745772,0.674890751,0,0,674890751,0,0,1,2019-02-19 00:00:00.0000000,2019-02-19 00:00:00.0000000,NULL,NULL,NULL,NULL,1,,1,1
40,617035,0.928686285,2483.63492,0,928686285,0,2483,63492,3,2019-06-26 00:00:00.0000000,2019-03-08 00:00:00.0000000,6,2020-08-25 00:00:00.0000000,2020-02-25 00:00:00.0000000,,0,0,1
40,424738,0.993659414,19912.37331,0,993659414,0,19912,37331,29,2019-09-12 00:00:00.0000000,2018-10-01 00:00:00.0000000,39,2020-09-21 00:00:00.0000000,2019-10-08 00:00:00.0000000,,0,0,1
40,708411,0.962531172,2374.554555,0,962531172,0,2374,554555,6,2019-07-31 00:00:00.0000000,2019-02-06 00:00:00.0000000,7,2020-09-25 00:00:00.0000000,2019-11-06 00:00:00.0000000,,0,0,1
40,668402,0.755831671,594.5402824,0,755831671,0,594,5402824,2,2018-12-19 00:00:00.0000000,2018-10-15 00:00:00.0000000,NULL,NULL,NULL,,1,1,1
40,705886,0.999035063,151103.8822,0,999035063,0,151103,8822,46,2019-09-30 00:00:00.0000000,2018-10-09 00:00:00.0000000,13,2020-03-04 00:00:00.0000000,2019-10-01 00:00:00.0000000,,0,0,1
40,427732,0.997550527,19167.9492,0,997550527,0,19167,9492,27,2019-09-25 00:00:00.0000000,2018-11-02 00:00:00.0000000,29,2020-08-21 00:00:00.0000000,2019-10-16 00:00:00.0000000,,0,0,1
40,725565,0.947714787,1558.445929,0,947714787,0,1558,445929,11,2019-07-19 00:00:00.0000000,2018-11-05 00:00:00.0000000,3,2019-10-23 00:00:00.0000000,2019-10-11 00:00:00.0000000,,0,0,1
40,732153,0.649220951,0,0,649220951,0,0,1,2018-12-29 00:00:00.0000000,2018-12-29 00:00:00.0000000,NULL,NULL,NULL,NULL,1,,1,1
40,740386,0.964467238,1946.377843,0,964467238,0,1946,377843,4,2019-06-24 00:00:00.0000000,2018-10-09 00:00:00.0000000,NULL,NULL,NULL,,1,1,1
40,750787,0.56058862,539547.601,0,56058862,0,539547,601,2,2019-07-26 00:00:00.0000000,2019-07-24 00:00:00.0000000,NULL,NULL,NULL,,1,1,1
40,427923,0.996075335,3479.812201,0,996075335,0,3479,812201,29,2019-09-18 00:00:00.0000000,2018-10-01 00:00:00.0000000,66,2020-09-30 00:00:00.0000000,2019-10-16 00:00:00.0000000,,0,0,1
40,430711,0.819291261,18573.24452,0,819291261,0,18573,24452,20,2019-07-16 00:00:00.0000000,2018-10-08 00:00:00.0000000,18,2020-09-28 00:00:00.0000000,2019-10-11 00:00:00.0000000,,0,0,1
40,730771,0.996464839,16285.14141,0,996464839,0,16285,14141,17,2019-09-24 00:00:00.0000000,2018-10-30 00:00:00.0000000,1,2019-10-21 00:00:00.0000000,2019-10-21 00:00:00.0000000,,0,0,1
40,423014,0.981336931,9793.166089,0,981336931,0,9793,166089,25,2019-08-27 00:00:00.0000000,2018-10-01 00:00:00.0000000,18,2020-07-24 00:00:00.0000000,2019-10-08 00:00:00.0000000,,0,0,1
40,670236,0.981944345,2074.005738,0,981944345,0,2074,5738,7,2019-08-16 00:00:00.0000000,2018-11-29 00:00:00.0000000,7,2020-03-19 00:00:00.0000000,2019-10-30 00:00:00.0000000,,0,0,1
40,611624,0.977662303,86433.25423,0,977662303,0,86433,25423,58,2019-09-09 00:00:00.0000000,2018-10-05 00:00:00.0000000,82,2020-09-30 00:00:00.0000000,2019-10-09 00:00:00.0000000,,0,0,1
40,441528,0.62449796,0,0,62449796,0,0,1,2018-10-31 00:00:00.0000000,2018-10-31 00:00:00.0000000,NULL,NULL,NULL,NULL,1,,1,1
40,426565,0.998369985,164785.145,0,998369985,0,164785,145,71,2019-09-25 00:00:00.0000000,2018-10-02 00:00:00.0000000,27,2020-08-10 00:00:00.0000000,2019-10-03 00:00:00.0000000,,0,0,1
40,659443,0.96971933,14116.8733,0,96971933,0,14116,8733,11,2019-07-29 00:00:00.0000000,2018-10-10 00:00:00.0000000,5,2020-03-16 00:00:00.0000000,2019-11-06 00:00:00.0000000,,0,0,1
40,450864,0.998350706,53185.55307,0,998350706,0,53185,55307,65,2019-09-25 00:00:00.0000000,2018-10-04 00:00:00.0000000,54,2020-09-30 00:00:00.0000000,2019-10-01 00:00:00.0000000,,0,0,1
40,689384,0.708393843,0,0,708393843,0,0,1,2019-04-16 00:00:00.0000000,2019-04-16 00:00:00.0000000,1,2020-04-20 00:00:00.0000000,2020-04-20 00:00:00.0000000,NULL,0,,0,1
40,740903,0.566477153,3322.793501,0,566477153,0,3322,793501,11,2019-05-28 00:00:00.0000000,2018-11-20 00:00:00.0000000,2,2020-03-23 00:00:00.0000000,2019-10-09 00:00:00.0000000,,0,0,1
40,688227,0.01472245,19.11814001,0,1472245,1,19,11814001,3,2018-11-27 00:00:00.0000000,2018-11-21 00:00:00.0000000,7,2020-09-15 00:00:00.0000000,2020-02-13 00:00:00.0000000,,0,0,1
40,653853,0.994723206,7176.685901,0,994723206,0,7176,685901,13,2019-09-18 00:00:00.0000000,2018-10-08 00:00:00.0000000,6,2020-09-07 00:00:00.0000000,2019-10-25 00:00:00.0000000,,0,0,1
40,675212,0.557860388,369.3895058,0,557860388,0,369,3895058,2,2019-04-30 00:00:00.0000000,2019-04-17 00:00:00.0000000,17,2020-09-28 00:00:00.0000000,2019-10-04 00:00:00.0000000,,0,0,1
40,430359,0.998357547,67469.02192,0,998357547,0,67469,2192,72,2019-09-25 00:00:00.0000000,2018-10-05 00:00:00.0000000,102,2020-09-30 00:00:00.0000000,2019-10-02 00:00:00.0000000,,0,0,1
40,673808,0.435387927,598.2034228,0,435387927,1,598,2034228,3,2018-12-14 00:00:00.0000000,2018-10-17 00:00:00.0000000,NULL,NULL,NULL,,1,1,1
40,609272,0.736853493,3546.593218,0,736853493,0,3546,593218,2,2018-12-04 00:00:00.0000000,2018-10-02 00:00:00.0000000,NULL,NULL,NULL,,1,1,1
40,702264,0.944891386,168926.8528,0,944891386,0,168926,8528,40,2019-08-26 00:00:00.0000000,2018-10-04 00:00:00.0000000,9,2020-07-15 00:00:00.0000000,2019-10-28 00:00:00.0000000,,0,0,1
40,667168,0.017333629,11.86604642,0,17333629,1,11,86604642,5,2018-12-26 00:00:00.0000000,2018-11-14 00:00:00.0000000,11,2020-09-23 00:00:00.0000000,2019-12-23 00:00:00.0000000,,0,0,1
40,428355,0.99319429,5804.362355,0,99319429,0,5804,362355,15,2019-09-10 00:00:00.0000000,2018-10-08 00:00:00.0000000,2,2020-05-12 00:00:00.0000000,2019-10-24 00:00:00.0000000,,0,0,1
40,725035,0.982826491,5523.609983,0,982826491,0,5523,609983,10,2019-08-14 00:00:00.0000000,2018-10-13 00:00:00.0000000,5,2020-02-04 00:00:00.0000000,2019-10-17 00:00:00.0000000,,0,0,1
40,434712,0.993396801,4689.323875,0,993396801,0,4689,323875,9,2019-09-24 00:00:00.0000000,2019-03-26 00:00:00.0000000,1,2019-12-09 00:00:00.0000000,2019-12-09 00:00:00.0000000,,0,0,1
40,430556,0.997660517,20343.76204,0,997660517,0,20343,76204,32,2019-09-24 00:00:00.0000000,2018-10-05 00:00:00.0000000,15,2020-09-29 00:00:00.0000000,2019-10-15 00:00:00.0000000,,0,0,1
40,713412,0.361844239,603.505212,0,361844239,1,603,505212,3,2018-11-30 00:00:00.0000000,2018-10-09 00:00:00.0000000,10,2020-09-29 00:00:00.0000000,2020-02-04 00:00:00.0000000,,0,0,1
40,718418,0.912731271,1199.606608,0,912731271,0,1199,606608,2,2019-04-15 00:00:00.0000000,2018-12-12 00:00:00.0000000,6,2020-03-13 00:00:00.0000000,2019-10-18 00:00:00.0000000,,0,0,1
40,746781,0.484100468,775.1613542,0,484100468,1,775,1613542,2,2019-03-25 00:00:00.0000000,2019-03-12 00:00:00.0000000,1,2020-03-09 00:00:00.0000000,2020-03-09 00:00:00.0000000,,0,0,1
40,527924,0.998362312,86154.93751,0,998362312,0,86154,93751,79,2019-09-25 00:00:00.0000000,2018-10-03 00:00:00.0000000,58,2020-09-30 00:00:00.0000000,2019-10-10 00:00:00.0000000,,0,0,1
40,429840,0.999720263,1326741.6,0,999720263,0,1326741,6,158,2019-09-30 00:00:00.0000000,2018-10-02 00:00:00.0000000,125,2020-09-30 00:00:00.0000000,2019-10-01 00:00:00.0000000,,0,0,1
40,676162,0.989059991,2819.661461,0,989059991,0,2819,661461,7,2019-09-02 00:00:00.0000000,2018-10-01 00:00:00.0000000,3,2020-04-21 00:00:00.0000000,2020-02-12 00:00:00.0000000,,0,0,1
40,712651,0.974419385,348168.9868,0,974419385,0,348168,9868,2,2019-09-30 00:00:00.0000000,2019-05-14 00:00:00.0000000,NULL,NULL,NULL,,1,1,1
40,427735,0.997457174,32291.05767,0,997457174,0,32291,5767,38,2019-09-23 00:00:00.0000000,2018-10-30 00:00:00.0000000,31,2020-09-09 00:00:00.0000000,2019-10-11 00:00:00.0000000,,0,0,1
40,659805,0.95585034,6309.86933,0,95585034,0,6309,86933,7,2019-07-08 00:00:00.0000000,2018-11-13 00:00:00.0000000,3,2020-04-11 00:00:00.0000000,2019-11-05 00:00:00.0000000,,0,0,1
40,430636,0.981727254,23051.98886,0,981727254,0,23051,98886,57,2019-09-10 00:00:00.0000000,2018-10-05 00:00:00.0000000,32,2020-09-22 00:00:00.0000000,2019-10-01 00:00:00.0000000,,0,0,1
40,428572,0.671175069,0,0,671175069,0,0,1,2019-02-12 00:00:00.0000000,2019-02-12 00:00:00.0000000,1,2019-11-25 00:00:00.0000000,2019-11-25 00:00:00.0000000,NULL,0,,0,1
40,588352,0.998739571,377529.5809,0,998739571,0,377529,5809,55,2019-09-27 00:00:00.0000000,2018-10-04 00:00:00.0000000,84,2020-09-30 00:00:00.0000000,2019-10-01 00:00:00.0000000,,0,0,1
40,742094,0.293182671,2685.107888,0,293182671,1,2685,107888,3,2018-12-07 00:00:00.0000000,2018-10-25 00:00:00.0000000,NULL,NULL,NULL,,1,1,1
40,628346,0.72537285,0,0,72537285,0,0,1,2019-05-10 00:00:00.0000000,2019-05-10 00:00:00.0000000,2,2020-05-20 00:00:00.0000000,2020-05-18 00:00:00.0000000,NULL,0,,0,1
40,433636,0.989182264,15253.48446,0,989182264,0,15253,48446,21,2019-09-02 00:00:00.0000000,2018-10-05 00:00:00.0000000,31,2020-09-30 00:00:00.0000000,2019-10-07 00:00:00.0000000,,0,0,1
40,708782,0.344783639,87467.37572,0,344783639,1,87467,37572,9,2019-03-29 00:00:00.0000000,2018-10-01 00:00:00.0000000,1,2020-02-19 00:00:00.0000000,2020-02-19 00:00:00.0000000,,0,0,1
40,422554,0.999473017,131469.1528,0,999473017,0,131469,1528,84,2019-09-30 00:00:00.0000000,2018-10-03 00:00:00.0000000,82,2020-09-28 00:00:00.0000000,2019-10-04 00:00:00.0000000,,0,0,1
40,713607,0.739500909,0,0,739500909,0,0,1,2019-05-28 00:00:00.0000000,2019-05-28 00:00:00.0000000,2,2019-12-16 00:00:00.0000000,2019-10-28 00:00:00.0000000,NULL,0,,0,1
40,750123,0.452749315,13443.15558,0,452749315,1,13443,15558,5,2019-07-19 00:00:00.0000000,2019-06-17 00:00:00.0000000,NULL,NULL,NULL,,1,1,1
40,703138,0.654305076,0,0,654305076,0,0,1,2019-01-09 00:00:00.0000000,2019-01-09 00:00:00.0000000,1,2020-08-19 00:00:00.0000000,2020-08-19 00:00:00.0000000,NULL,0,,0,1
40,427297,0.999688682,168417.4302,0,999688682,0,168417,4302,142,2019-09-30 00:00:00.0000000,2018-10-01 00:00:00.0000000,141,2020-09-30 00:00:00.0000000,2019-10-01 00:00:00.0000000,,0,0,1
40,580494,0.667547182,0,0,667547182,0,0,1,2019-02-05 00:00:00.0000000,2019-02-05 00:00:00.0000000,1,2020-02-03 00:00:00.0000000,2020-02-03 00:00:00.0000000,NULL,0,,0,1
40,600809,0.619547605,0,0,619547605,0,0,1,2018-10-18 00:00:00.0000000,2018-10-18 00:00:00.0000000,NULL,NULL,NULL,NULL,1,,1,1
40,740634,0.787895635,0,0,787895635,0,0,1,2019-07-17 00:00:00.0000000,2019-07-17 00:00:00.0000000,1,2019-11-12 00:00:00.0000000,2019-11-12 00:00:00.0000000,NULL,0,,0,1
40,426708,0.962896691,354.6262068,0,962896691,0,354,6262068,3,2019-07-04 00:00:00.0000000,2018-11-29 00:00:00.0000000,NULL,NULL,NULL,,1,1,1
40,747541,0.817380391,0,0,817380391,0,0,1,2019-08-09 00:00:00.0000000,2019-08-09 00:00:00.0000000,1,2020-01-09 00:00:00.0000000,2020-01-09 00:00:00.0000000,NULL,0,,0,1
40,701832,0.994148041,122460.6291,0,994148041,0,122460,6291,18,2019-09-13 00:00:00.0000000,2018-10-15 00:00:00.0000000,22,2020-09-07 00:00:00.0000000,2019-10-04 00:00:00.0000000,,0,0,1
40,638798,0.832591652,0,0,832591652,0,0,1,2019-08-19 00:00:00.0000000,2019-08-19 00:00:00.0000000,2,2020-01-14 00:00:00.0000000,2020-01-07 00:00:00.0000000,NULL,0,,0,1
40,425210,0.999112685,41116.27003,0,999112685,0,41116,27003,50,2019-09-30 00:00:00.0000000,2018-10-08 00:00:00.0000000,70,2020-09-24 00:00:00.0000000,2019-10-01 00:00:00.0000000,,0,0,1
40,659414,0.986507727,7130.807767,0,986507727,0,7130,807767,19,2019-08-29 00:00:00.0000000,2018-10-17 00:00:00.0000000,8,2020-05-07 00:00:00.0000000,2019-11-21 00:00:00.0000000,,0,0,1
40,707848,0.390749737,101.7826519,0,390749737,1,101,7826519,4,2019-03-11 00:00:00.0000000,2019-01-07 00:00:00.0000000,2,2020-03-09 00:00:00.0000000,2019-10-15 00:00:00.0000000,,0,0,1
40,573009,0.66201385,0,0,66201385,0,0,1,2019-01-25 00:00:00.0000000,2019-01-25 00:00:00.0000000,2,2020-04-30 00:00:00.0000000,2020-04-22 00:00:00.0000000,NULL,0,,0,1
40,435907,0.996065311,23649.89895,0,996065311,0,23649,89895,28,2019-09-18 00:00:00.0000000,2018-10-01 00:00:00.0000000,27,2020-09-29 00:00:00.0000000,2019-10-14 00:00:00.0000000,,0,0,1
40,708210,0.325112249,528.5439049,0,325112249,1,528,5439049,5,2019-02-26 00:00:00.0000000,2018-11-29 00:00:00.0000000,4,2020-07-08 00:00:00.0000000,2019-10-29 00:00:00.0000000,,0,0,1
40,428477,0.938026419,6905.674652,0,938026419,0,6905,674652,5,2019-06-19 00:00:00.0000000,2018-12-14 00:00:00.0000000,9,2020-09-03 00:00:00.0000000,2019-10-31 00:00:00.0000000,,0,0,1
40,424098,0.999788614,1530779.53,0,999788614,0,1530779,53,209,2019-09-30 00:00:00.0000000,2018-10-03 00:00:00.0000000,159,2020-09-30 00:00:00.0000000,2019-10-02 00:00:00.0000000,,0,0,1
40,423766,0.890648233,7525.353573,0,890648233,0,7525,353573,2,2019-09-09 00:00:00.0000000,2019-09-03 00:00:00.0000000,1,2019-10-18 00:00:00.0000000,2019-10-18 00:00:00.0000000,,0,0,1
40,564929,0.982102994,3878.354021,0,982102994,0,3878,354021,5,2019-08-16 00:00:00.0000000,2018-11-06 00:00:00.0000000,4,2020-07-23 00:00:00.0000000,2019-12-02 00:00:00.0000000,,0,0,1
40,447257,0.997537827,5230.301353,0,997537827,0,5230,301353,31,2019-09-24 00:00:00.0000000,2018-10-29 00:00:00.0000000,29,2020-09-21 00:00:00.0000000,2019-10-21 00:00:00.0000000,,0,0,1
40,603088,0.989549482,10887.87497,0,989549482,0,10887,87497,10,2019-08-30 00:00:00.0000000,2018-10-03 00:00:00.0000000,4,2020-05-27 00:00:00.0000000,2019-11-05 00:00:00.0000000,,0,0,1
40,572034,0.994665243,5355.20131,0,994665243,0,5355,20131,10,2019-09-24 00:00:00.0000000,2018-10-16 00:00:00.0000000,14,2020-09-28 00:00:00.0000000,2019-11-26 00:00:00.0000000,,0,0,1
40,689740,0.992292916,5890.968138,0,992292916,0,5890,968138,6,2019-09-30 00:00:00.0000000,2019-03-21 00:00:00.0000000,NULL,NULL,NULL,,1,1,1
40,662341,0.446929133,9943.658969,0,446929133,1,9943,658969,9,2019-05-14 00:00:00.0000000,2018-12-17 00:00:00.0000000,NULL,NULL,NULL,,1,1,1
40,432619,0.990027058,11148.47771,0,990027058,0,11148,47771,28,2019-09-07 00:00:00.0000000,2018-10-16 00:00:00.0000000,32,2020-09-22 00:00:00.0000000,2019-10-09 00:00:00.0000000,,0,0,1
40,528318,0.682704958,636.8477305,0,682704958,0,636,8477305,2,2019-03-05 00:00:00.0000000,2019-01-31 00:00:00.0000000,6,2020-07-13 00:00:00.0000000,2019-10-10 00:00:00.0000000,,0,0,1
40,425953,0.998677999,45830.49663,0,998677999,0,45830,49663,51,2019-09-27 00:00:00.0000000,2018-10-08 00:00:00.0000000,35,2020-09-29 00:00:00.0000000,2019-10-08 00:00:00.0000000,,0,0,1
40,662538,0.563064713,314.6543016,0,563064713,0,314,6543016,6,2019-03-15 00:00:00.0000000,2018-10-18 00:00:00.0000000,1,2019-10-15 00:00:00.0000000,2019-10-15 00:00:00.0000000,,0,0,1
40,423077,0.991226273,21166.01287,0,991226273,0,21166,1287,22,2019-09-10 00:00:00.0000000,2018-12-07 00:00:00.0000000,14,2020-07-09 00:00:00.0000000,2019-10-07 00:00:00.0000000,,0,0,1
40,426291,0.668478822,400.0009401,0,668478822,0,400,9401,3,2019-03-21 00:00:00.0000000,2019-01-17 00:00:00.0000000,NULL,NULL,NULL,,1,1,1
40,667384,0.599973218,352.9844781,0,599973218,0,352,9844781,3,2018-12-27 00:00:00.0000000,2018-10-09 00:00:00.0000000,3,2020-07-21 00:00:00.0000000,2020-06-23 00:00:00.0000000,,0,0,1
40,608894,0.697417168,72.96729637,0,697417168,0,72,96729637,3,2019-01-08 00:00:00.0000000,2018-10-04 00:00:00.0000000,3,2020-07-03 00:00:00.0000000,2019-11-05 00:00:00.0000000,,0,0,1
40,425557,0.997852959,14381.44647,0,997852959,0,14381,44647,28,2019-09-26 00:00:00.0000000,2018-10-02 00:00:00.0000000,33,2020-09-22 00:00:00.0000000,2019-10-01 00:00:00.0000000,,0,0,1
40,432032,0.001700505,53.02260942,0,1700505,1,53,2260942,24,2019-04-29 00:00:00.0000000,2018-10-01 00:00:00.0000000,15,2020-09-10 00:00:00.0000000,2019-10-24 00:00:00.0000000,,0,0,1
40,653253,0.969632406,8651.687425,0,969632406,0,8651,687425,17,2019-08-12 00:00:00.0000000,2018-10-18 00:00:00.0000000,12,2020-09-21 00:00:00.0000000,2020-01-30 00:00:00.0000000,,0,0,1
40,424541,0.902125227,2411.174199,0,902125227,0,2411,174199,6,2019-06-18 00:00:00.0000000,2019-01-04 00:00:00.0000000,4,2020-04-21 00:00:00.0000000,2019-12-12 00:00:00.0000000,,0,0,1
40,739542,0.63909363,3631.912791,0,63909363,0,3631,912791,3,2019-04-18 00:00:00.0000000,2019-02-28 00:00:00.0000000,2,2020-02-27 00:00:00.0000000,2019-10-31 00:00:00.0000000,,0,0,1
40,436165,0.977813617,46990.02542,0,977813617,0,46990,2542,14,2019-08-19 00:00:00.0000000,2018-11-27 00:00:00.0000000,23,2020-08-12 00:00:00.0000000,2019-11-18 00:00:00.0000000,,0,0,1
40,750604,0.974419385,18764.19291,0,974419385,0,18764,19291,2,2019-09-30 00:00:00.0000000,2019-09-20 00:00:00.0000000,2,2020-09-03 00:00:00.0000000,2020-02-21 00:00:00.0000000,,0,0,1
40,739562,0.93692628,715.1611913,0,93692628,0,715,1611913,5,2019-05-31 00:00:00.0000000,2018-10-23 00:00:00.0000000,14,2020-03-03 00:00:00.0000000,2019-12-18 00:00:00.0000000,,0,0,1
40,539618,0.998990926,22303.41048,0,998990926,0,22303,41048,44,2019-09-30 00:00:00.0000000,2018-10-06 00:00:00.0000000,31,2020-09-24 00:00:00.0000000,2019-10-02 00:00:00.0000000,,0,0,1
40,433913,0.99492351,2684.40297,0,99492351,0,2684,40297,13,2019-09-19 00:00:00.0000000,2018-10-05 00:00:00.0000000,4,2019-11-26 00:00:00.0000000,2019-10-31 00:00:00.0000000,,0,0,1
40,717122,0.621812512,0,0,621812512,0,0,1,2018-10-24 00:00:00.0000000,2018-10-24 00:00:00.0000000,NULL,NULL,NULL,NULL,1,,1,1
40,710332,0.138969262,369.4987631,0,138969262,1,369,4987631,4,2019-04-04 00:00:00.0000000,2019-03-04 00:00:00.0000000,NULL,NULL,NULL,,1,1,1
40,744884,0.269766494,37.22406723,0,269766494,1,37,22406723,2,2019-02-12 00:00:00.0000000,2019-02-06 00:00:00.0000000,NULL,NULL,NULL,,1,1,1
40,727821,0.997087999,1403.423294,0,997087999,0,1403,423294,24,2019-09-23 00:00:00.0000000,2018-10-01 00:00:00.0000000,24,2020-09-21 00:00:00.0000000,2019-10-02 00:00:00.0000000,,0,0,1
40,429619,0.997673425,104396.2797,0,997673425,0,104396,2797,33,2019-09-24 00:00:00.0000000,2018-10-11 00:00:00.0000000,35,2020-09-28 00:00:00.0000000,2019-10-24 00:00:00.0000000,,0,0,1
40,432644,0.999688682,61862.32047,0,999688682,0,61862,32047,142,2019-09-30 00:00:00.0000000,2018-10-01 00:00:00.0000000,154,2020-09-30 00:00:00.0000000,2019-10-01 00:00:00.0000000,,0,0,1
40,433682,0.982597128,3632.728616,0,982597128,0,3632,728616,3,2019-09-20 00:00:00.0000000,2018-10-17 00:00:00.0000000,1,2020-06-02 00:00:00.0000000,2020-06-02 00:00:00.0000000,,0,0,1
40,676512,0.97087908,9995.441047,0,97087908,0,9995,441047,2,2019-09-06 00:00:00.0000000,2018-12-17 00:00:00.0000000,NULL,NULL,NULL,,1,1,1
40,571747,0.621053813,0,0,621053813,0,0,1,2018-10-22 00:00:00.0000000,2018-10-22 00:00:00.0000000,3,2020-08-31 00:00:00.0000000,2019-11-06 00:00:00.0000000,NULL,0,,0,1
40,428251,0.999473017,53848.43922,0,999473017,0,53848,43922,84,2019-09-30 00:00:00.0000000,2018-10-02 00:00:00.0000000,72,2020-09-30 00:00:00.0000000,2019-10-09 00:00:00.0000000,,0,0,1
40,655005,4.50E-15,3.23E-11,4,5.00E-15,1,3,2.30E-10,31,2019-01-04 00:00:00.0000000,2018-10-01 00:00:00.0000000,NULL,NULL,NULL,,1,1,1
40,730988,0.632440587,0,0,632440587,0,0,1,2018-11-20 00:00:00.0000000,2018-11-20 00:00:00.0000000,1,2020-01-02 00:00:00.0000000,2020-01-02 00:00:00.0000000,NULL,0,,0,1
40,621557,0.963213171,4005.402418,0,963213171,0,4005,402418,5,2019-06-26 00:00:00.0000000,2018-10-08 00:00:00.0000000,NULL,NULL,NULL,,1,1,1
40,745582,0.933697287,995931.2196,0,933697287,0,995931,2196,2,2019-07-31 00:00:00.0000000,2019-05-30 00:00:00.0000000,1,2019-12-27 00:00:00.0000000,2019-12-27 00:00:00.0000000,,0,0,1
40,747052,0.901212946,0,0,901212946,0,0,1,2019-09-20 00:00:00.0000000,2019-09-20 00:00:00.0000000,10,2020-06-03 00:00:00.0000000,2019-10-04 00:00:00.0000000,NULL,0,,0,1
40,686404,0.186504701,10.97734362,0,186504701,1,10,97734362,2,2019-02-27 00:00:00.0000000,2019-02-25 00:00:00.0000000,2,2020-02-27 00:00:00.0000000,2020-02-25 00:00:00.0000000,,0,0,1
40,429779,0.073495678,383.8861045,0,73495678,1,383,8861045,3,2018-12-14 00:00:00.0000000,2018-11-27 00:00:00.0000000,1,2020-07-15 00:00:00.0000000,2020-07-15 00:00:00.0000000,,0,0,1
40,423345,0.621812512,0,0,621812512,0,0,1,2018-10-24 00:00:00.0000000,2018-10-24 00:00:00.0000000,6,2020-08-12 00:00:00.0000000,2019-11-12 00:00:00.0000000,NULL,0,,0,1
40,430414,0.997643685,7213.270121,0,997643685,0,7213,270121,18,2019-09-30 00:00:00.0000000,2018-10-30 00:00:00.0000000,14,2020-07-10 00:00:00.0000000,2019-10-01 00:00:00.0000000,,0,0,1
40,432913,0.996096288,6674.606889,0,996096288,0,6674,606889,22,2019-09-19 00:00:00.0000000,2018-10-04 00:00:00.0000000,23,2020-09-16 00:00:00.0000000,2019-10-03 00:00:00.0000000,,0,0,1
40,630933,0.753301133,0,0,753301133,0,0,1,2019-06-13 00:00:00.0000000,2019-06-13 00:00:00.0000000,NULL,NULL,NULL,NULL,1,,1,1
40,473501,0.997194144,10079.84666,0,997194144,0,10079,84666,16,2019-09-30 00:00:00.0000000,2018-11-06 00:00:00.0000000,12,2020-06-15 00:00:00.0000000,2019-10-11 00:00:00.0000000,,0,0,1
40,421851,0.999826787,3560285.724,0,999826787,0,3560285,724,255,2019-09-30 00:00:00.0000000,2018-10-01 00:00:00.0000000,264,2020-09-30 00:00:00.0000000,2019-10-01 00:00:00.0000000,,0,0,1
40,426189,0.998518823,373592.906,0,998518823,0,373592,906,56,2019-09-26 00:00:00.0000000,2018-10-15 00:00:00.0000000,45,2020-09-30 00:00:00.0000000,2019-10-03 00:00:00.0000000,,0,0,1
40,552996,0.999699291,54003.44628,0,999699291,0,54003,44628,147,2019-09-30 00:00:00.0000000,2018-10-01 00:00:00.0000000,159,2020-09-30 00:00:00.0000000,2019-10-01 00:00:00.0000000,,0,0,1
40,742061,0.987845288,1089.159191,0,987845288,0,1089,159191,8,2019-09-06 00:00:00.0000000,2019-01-29 00:00:00.0000000,9,2020-09-09 00:00:00.0000000,2019-10-08 00:00:00.0000000,,0,0,1
40,657622,0.998429065,73355.19087,0,998429065,0,73355,19087,47,2019-09-26 00:00:00.0000000,2018-10-04 00:00:00.0000000,57,2020-09-29 00:00:00.0000000,2019-10-04 00:00:00.0000000,,0,0,1
40,646234,0.998042405,48414.88096,0,998042405,0,48414,88096,59,2019-09-24 00:00:00.0000000,2018-10-02 00:00:00.0000000,52,2020-09-21 00:00:00.0000000,2019-10-04 00:00:00.0000000,,0,0,1
40,428506,1.96E-05,0.288276857,1,9.60E-04,1,0,288276857,15,2019-01-22 00:00:00.0000000,2018-10-03 00:00:00.0000000,4,2020-08-10 00:00:00.0000000,2019-10-15 00:00:00.0000000,,0,0,1
40,710944,0.212039041,6858.873206,0,212039041,1,6858,873206,7,2019-03-15 00:00:00.0000000,2018-11-19 00:00:00.0000000,NULL,NULL,NULL,,1,1,1
40,422974,0.62449796,0,0,62449796,0,0,1,2018-10-31 00:00:00.0000000,2018-10-31 00:00:00.0000000,NULL,NULL,NULL,NULL,1,,1,1
40,737959,0.72537285,0,0,72537285,0,0,1,2019-05-10 00:00:00.0000000,2019-05-10 00:00:00.0000000,1,2020-05-27 00:00:00.0000000,2020-05-27 00:00:00.0000000,NULL,0,,0,1
40,688198,0.995353823,10366.55597,0,995353823,0,10366,55597,16,2019-09-20 00:00:00.0000000,2018-11-28 00:00:00.0000000,11,2020-09-30 00:00:00.0000000,2019-10-03 00:00:00.0000000,,0,0,1
40,588413,0.852134629,98912.2526,0,852134629,0,98912,2526,17,2019-07-16 00:00:00.0000000,2018-10-31 00:00:00.0000000,NULL,NULL,NULL,,1,1,1
40,427306,0.883544912,4136.653758,0,883544912,0,4136,653758,2,2019-04-03 00:00:00.0000000,2018-12-31 00:00:00.0000000,NULL,NULL,NULL,,1,1,1
40,742663,0.625273959,0,0,625273959,0,0,1,2018-11-02 00:00:00.0000000,2018-11-02 00:00:00.0000000,NULL,NULL,NULL,NULL,1,,1,1
40,425022,0.067474249,80.45768817,0,67474249,1,80,45768817,3,2018-10-25 00:00:00.0000000,2018-10-05 00:00:00.0000000,2,2020-09-17 00:00:00.0000000,2020-08-25 00:00:00.0000000,,0,0,1
40,615678,0.999025317,73968.74234,0,999025317,0,73968,74234,130,2019-09-27 00:00:00.0000000,2018-10-01 00:00:00.0000000,152,2020-09-29 00:00:00.0000000,2019-10-01 00:00:00.0000000,,0,0,1
40,495543,0.998097383,63861.31552,0,998097383,0,63861,31552,44,2019-09-25 00:00:00.0000000,2018-10-26 00:00:00.0000000,36,2020-09-29 00:00:00.0000000,2019-10-04 00:00:00.0000000,,0,0,1
40,724793,0.673875781,2884.297177,0,673875781,0,2884,297177,20,2019-07-03 00:00:00.0000000,2018-10-01 00:00:00.0000000,1,2019-12-11 00:00:00.0000000,2019-12-11 00:00:00.0000000,,0,0,1
40,423985,0.709738084,0,0,709738084,0,0,1,2019-04-18 00:00:00.0000000,2019-04-18 00:00:00.0000000,NULL,NULL,NULL,NULL,1,,1,1
40,431054,0.992505714,2644.440452,0,992505714,0,2644,440452,7,2019-09-23 00:00:00.0000000,2018-10-25 00:00:00.0000000,8,2020-02-26 00:00:00.0000000,2019-10-31 00:00:00.0000000,,0,0,1
40,435459,0.999720263,101741.2011,0,999720263,0,101741,2011,158,2019-09-30 00:00:00.0000000,2018-10-01 00:00:00.0000000,166,2020-09-30 00:00:00.0000000,2019-10-01 00:00:00.0000000,,0,0,1
40,699661,0.998725058,45630.96969,0,998725058,0,45630,96969,54,2019-09-27 00:00:00.0000000,2018-10-05 00:00:00.0000000,91,2020-09-30 00:00:00.0000000,2019-10-02 00:00:00.0000000,,0,0,1
40,742634,0.623725872,0,0,623725872,0,0,1,2018-10-29 00:00:00.0000000,2018-10-29 00:00:00.0000000,NULL,NULL,NULL,NULL,1,,1,1
40,654520,0.428391576,805.4027773,0,428391576,1,805,4027773,6,2019-02-19 00:00:00.0000000,2018-10-02 00:00:00.0000000,1,2019-11-05 00:00:00.0000000,2019-11-05 00:00:00.0000000,,0,0,1
40,434447,0.998590643,65619.20256,0,998590643,0,65619,20256,60,2019-09-26 00:00:00.0000000,2018-10-01 00:00:00.0000000,65,2020-09-29 00:00:00.0000000,2019-10-01 00:00:00.0000000,,0,0,1
40,645378,0.995511154,11263.16518,0,995511154,0,11263,16518,20,2019-09-17 00:00:00.0000000,2018-10-01 00:00:00.0000000,23,2020-07-29 00:00:00.0000000,2019-10-10 00:00:00.0000000,,0,0,1
40,730159,0.995506822,1026.873333,0,995506822,0,1026,873333,13,2019-09-23 00:00:00.0000000,2018-10-30 00:00:00.0000000,12,2020-09-21 00:00:00.0000000,2019-10-30 00:00:00.0000000,,0,0,1
40,666354,0.957768639,5943.013613,0,957768639,0,5943,13613,19,2019-08-09 00:00:00.0000000,2018-10-15 00:00:00.0000000,2,2020-07-09 00:00:00.0000000,2020-06-29 00:00:00.0000000,,0,0,1
40,523563,0.987904317,6060.775749,0,987904317,0,6060,775749,10,2019-08-26 00:00:00.0000000,2018-10-15 00:00:00.0000000,20,2020-09-22 00:00:00.0000000,2019-10-17 00:00:00.0000000,,0,0,1
40,733375,0.745379919,0,0,745379919,0,0,1,2019-06-04 00:00:00.0000000,2019-06-04 00:00:00.0000000,1,2019-10-14 00:00:00.0000000,2019-10-14 00:00:00.0000000,NULL,0,,0,1
40,576327,0.991374574,20630.9946,0,991374574,0,20630,9946,14,2019-09-04 00:00:00.0000000,2018-10-03 00:00:00.0000000,9,2020-06-02 00:00:00.0000000,2019-10-24 00:00:00.0000000,,0,0,1
40,695681,0.997647662,120122.2648,0,997647662,0,120122,2648,28,2019-09-25 00:00:00.0000000,2018-10-17 00:00:00.0000000,13,2020-07-31 00:00:00.0000000,2019-10-17 00:00:00.0000000,,0,0,1
40,697427,0.897356968,2261.879512,0,897356968,0,2261,879512,4,2019-06-12 00:00:00.0000000,2019-02-14 00:00:00.0000000,NULL,NULL,NULL,,1,1,1
40,724465,0.739741392,3469.890539,0,739741392,0,3469,890539,2,2019-07-26 00:00:00.0000000,2019-07-17 00:00:00.0000000,4,2020-02-20 00:00:00.0000000,2020-01-08 00:00:00.0000000,,0,0,1
40,612388,0.99066172,2474.012317,0,99066172,0,2474,12317,5,2019-09-30 00:00:00.0000000,2019-02-28 00:00:00.0000000,13,2020-09-24 00:00:00.0000000,2019-11-15 00:00:00.0000000,,0,0,1
40,716790,0.756081552,1604.234198,0,756081552,0,1604,234198,2,2019-03-05 00:00:00.0000000,2019-01-18 00:00:00.0000000,NULL,NULL,NULL,,1,1,1
40,716921,0.995849983,11687.78166,0,995849983,0,11687,78166,54,2019-09-19 00:00:00.0000000,2018-10-03 00:00:00.0000000,70,2020-09-30 00:00:00.0000000,2019-10-02 00:00:00.0000000,,0,0,1
40,469465,0.99879859,272607.8815,0,99879859,0,272607,8815,37,2019-09-30 00:00:00.0000000,2018-10-03 00:00:00.0000000,25,2020-09-23 00:00:00.0000000,2019-10-17 00:00:00.0000000,,0,0,1
40,580480,0.487419019,5927.931988,0,487419019,1,5927,931988,5,2019-02-13 00:00:00.0000000,2018-10-16 00:00:00.0000000,1,2020-01-20 00:00:00.0000000,2020-01-20 00:00:00.0000000,,0,0,1
40,662963,0.933599123,2155.772683,0,933599123,0,2155,772683,3,2019-06-13 00:00:00.0000000,2019-01-29 00:00:00.0000000,2,2019-12-16 00:00:00.0000000,2019-10-28 00:00:00.0000000,,0,0,1
40,431998,0.996078066,17284.13348,0,996078066,0,17284,13348,32,2019-09-18 00:00:00.0000000,2018-10-01 00:00:00.0000000,33,2020-09-30 00:00:00.0000000,2019-10-11 00:00:00.0000000,,0,0,1
40,650941,0.952636132,4279.517863,0,952636132,0,4279,517863,5,2019-06-18 00:00:00.0000000,2018-10-31 00:00:00.0000000,2,2020-06-01 00:00:00.0000000,2019-12-31 00:00:00.0000000,,0,0,1
40,684807,0.99865174,19435.98352,0,99865174,0,19435,98352,33,2019-09-30 00:00:00.0000000,2018-10-04 00:00:00.0000000,30,2020-09-24 00:00:00.0000000,2019-10-03 00:00:00.0000000,,0,0,1
40,634918,0.920068005,241.5205331,0,920068005,0,241,5205331,2,2019-03-20 00:00:00.0000000,2018-10-09 00:00:00.0000000,NULL,NULL,NULL,,1,1,1
40,716057,0.805130086,6053.897187,0,805130086,0,6053,897187,12,2019-06-17 00:00:00.0000000,2018-10-24 00:00:00.0000000,5,2020-09-21 00:00:00.0000000,2020-01-16 00:00:00.0000000,,0,0,1
40,681181,0.987257077,19703.74901,0,987257077,0,19703,74901,28,2019-09-03 00:00:00.0000000,2018-10-02 00:00:00.0000000,9,2020-07-31 00:00:00.0000000,2019-11-12 00:00:00.0000000,,0,0,1
40,521643,0.998348926,54218.56302,0,998348926,0,54218,56302,83,2019-09-25 00:00:00.0000000,2018-10-04 00:00:00.0000000,41,2020-07-02 00:00:00.0000000,2019-10-02 00:00:00.0000000,,0,0,1
40,599434,0.372444882,1038.873401,0,372444882,1,1038,873401,6,2019-02-26 00:00:00.0000000,2018-10-23 00:00:00.0000000,1,2020-09-25 00:00:00.0000000,2020-09-25 00:00:00.0000000,,0,0,1
40,747481,0.690725404,0,0,690725404,0,0,1,2019-03-19 00:00:00.0000000,2019-03-19 00:00:00.0000000,NULL,NULL,NULL,NULL,1,,1,1
40,747577,0.690725404,0,0,690725404,0,0,1,2019-03-19 00:00:00.0000000,2019-03-19 00:00:00.0000000,NULL,NULL,NULL,NULL,1,,1,1
40,729015,0.802473827,0,0,802473827,0,0,1,2019-07-29 00:00:00.0000000,2019-07-29 00:00:00.0000000,NULL,NULL,NULL,NULL,1,,1,1
40,748410,0.736243449,0,0,736243449,0,0,1,2019-05-24 00:00:00.0000000,2019-05-24 00:00:00.0000000,NULL,NULL,NULL,NULL,1,,1,1
40,683549,0.988890129,1623.473414,0,988890129,0,1623,473414,5,2019-09-19 00:00:00.0000000,2018-12-19 00:00:00.0000000,1,2020-09-14 00:00:00.0000000,2020-09-14 00:00:00.0000000,,0,0,1
40,720469,0.952003617,6199.278786,0,952003617,0,6199,278786,8,2019-07-05 00:00:00.0000000,2018-10-23 00:00:00.0000000,6,2020-09-24 00:00:00.0000000,2019-10-24 00:00:00.0000000,,0,0,1
40,589192,0.989910792,6745.515706,0,989910792,0,6745,515706,5,2019-09-24 00:00:00.0000000,2018-10-18 00:00:00.0000000,2,2020-02-26 00:00:00.0000000,2019-10-29 00:00:00.0000000,,0,0,1
40,705670,0.972439334,2794.1657,0,972439334,0,2794,1657,4,2019-07-17 00:00:00.0000000,2018-10-22 00:00:00.0000000,16,2020-09-15 00:00:00.0000000,2019-12-19 00:00:00.0000000,,0,0,1
40,721352,0.999791609,3743705.822,0,999791609,0,3743705,822,212,2019-09-30 00:00:00.0000000,2018-10-01 00:00:00.0000000,181,2020-09-30 00:00:00.0000000,2019-10-01 00:00:00.0000000,,0,0,1
40,749133,0.96723732,28881.89681,0,96723732,0,28881,89681,15,2019-09-12 00:00:00.0000000,2019-06-11 00:00:00.0000000,4,2019-10-23 00:00:00.0000000,2019-10-02 00:00:00.0000000,,0,0,1
40,588857,0.99066172,694.0104331,0,99066172,0,694,104331,5,2019-09-30 00:00:00.0000000,2018-10-18 00:00:00.0000000,2,2020-08-25 00:00:00.0000000,2020-07-17 00:00:00.0000000,,0,0,1
40,432366,0.971955877,1783.558316,0,971955877,0,1783,558316,5,2019-07-16 00:00:00.0000000,2018-10-22 00:00:00.0000000,4,2020-09-04 00:00:00.0000000,2019-12-03 00:00:00.0000000,,0,0,1
40,746038,0.983807443,3810.080001,0,983807443,0,3810,80001,3,2019-09-30 00:00:00.0000000,2019-05-15 00:00:00.0000000,7,2020-06-09 00:00:00.0000000,2019-10-11 00:00:00.0000000,,0,0,1
40,744483,0.258895026,15.492465,0,258895026,1,15,492465,2,2019-01-15 00:00:00.0000000,2019-01-08 00:00:00.0000000,NULL,NULL,NULL,,1,1,1
40,719552,0.932083436,2338.565224,0,932083436,0,2338,565224,6,2019-07-10 00:00:00.0000000,2019-02-01 00:00:00.0000000,4,2020-09-15 00:00:00.0000000,2019-12-03 00:00:00.0000000,,0,0,1
40,560711,0.633257947,0,0,633257947,0,0,1,2018-11-22 00:00:00.0000000,2018-11-22 00:00:00.0000000,NULL,NULL,NULL,NULL,1,,1,1
40,681274,0.995687213,18326.00491,0,995687213,0,18326,491,21,2019-09-18 00:00:00.0000000,2018-10-17 00:00:00.0000000,15,2020-09-24 00:00:00.0000000,2019-10-07 00:00:00.0000000,,0,0,1
40,604672,0.995961461,11526.21442,0,995961461,0,11526,21442,19,2019-09-20 00:00:00.0000000,2018-10-23 00:00:00.0000000,24,2020-09-03 00:00:00.0000000,2019-10-03 00:00:00.0000000,,0,0,1
40,464403,0.961293945,3247.179288,0,961293945,0,3247,179288,5,2019-07-15 00:00:00.0000000,2018-12-28 00:00:00.0000000,3,2020-07-28 00:00:00.0000000,2020-04-30 00:00:00.0000000,,0,0,1
40,436281,0.998690404,42386.0536,0,998690404,0,42386,536,81,2019-09-26 00:00:00.0000000,2018-10-01 00:00:00.0000000,44,2020-09-30 00:00:00.0000000,2019-10-04 00:00:00.0000000,,0,0,1
40,654362,0.997785952,81021.56512,0,997785952,0,81021,56512,25,2019-09-27 00:00:00.0000000,2018-10-29 00:00:00.0000000,95,2020-09-22 00:00:00.0000000,2019-10-21 00:00:00.0000000,,0,0,1
40,650543,0.84998123,112567.5166,0,84998123,0,112567,5166,204,2019-09-18 00:00:00.0000000,2018-10-01 00:00:00.0000000,199,2020-09-30 00:00:00.0000000,2019-10-22 00:00:00.0000000,,0,0,1
40,581440,0.999094475,69508.013,0,999094475,0,69508,13,49,2019-09-30 00:00:00.0000000,2018-10-03 00:00:00.0000000,43,2020-08-31 00:00:00.0000000,2019-10-03 00:00:00.0000000,,0,0,1
40,524273,0.997595269,17873.31909,0,997595269,0,17873,31909,72,2019-09-23 00:00:00.0000000,2018-10-01 00:00:00.0000000,65,2020-09-23 00:00:00.0000000,2019-10-03 00:00:00.0000000,,0,0,1
40,713958,0.007631698,1.486033464,0,7631698,1,1,486033464,6,2018-12-17 00:00:00.0000000,2018-10-24 00:00:00.0000000,5,2020-06-03 00:00:00.0000000,2019-11-25 00:00:00.0000000,,0,0,1
40,741984,0.616578963,0,0,616578963,0,0,1,2018-10-10 00:00:00.0000000,2018-10-10 00:00:00.0000000,NULL,NULL,NULL,NULL,1,,1,1
40,442429,0.980593451,1887.780098,0,980593451,0,1887,780098,8,2019-08-14 00:00:00.0000000,2018-11-29 00:00:00.0000000,2,2019-10-17 00:00:00.0000000,2019-10-01 00:00:00.0000000,,0,0,1
40,704371,0.993386087,2520.78768,0,993386087,0,2520,78768,8,2019-09-24 00:00:00.0000000,2018-11-30 00:00:00.0000000,10,2020-09-21 00:00:00.0000000,2019-11-29 00:00:00.0000000,,0,0,1
40,430662,0.881529366,1062.02013,0,881529366,0,1062,2013,4,2019-06-06 00:00:00.0000000,2019-02-13 00:00:00.0000000,6,2020-09-21 00:00:00.0000000,2020-01-15 00:00:00.0000000,,0,0,1
40,428688,0.999130178,32469.39102,0,999130178,0,32469,39102,51,2019-09-30 00:00:00.0000000,2018-10-01 00:00:00.0000000,65,2020-09-30 00:00:00.0000000,2019-10-01 00:00:00.0000000,,0,0,1
40,627382,0.741388768,4757.046409,0,741388768,0,4757,46409,10,2019-05-23 00:00:00.0000000,2018-10-15 00:00:00.0000000,6,2020-08-12 00:00:00.0000000,2019-10-28 00:00:00.0000000,,0,0,1
40,698995,0.990859381,3340.789417,0,990859381,0,3340,789417,18,2019-09-05 00:00:00.0000000,2018-10-23 00:00:00.0000000,16,2020-09-15 00:00:00.0000000,2019-10-14 00:00:00.0000000,,0,0,1
40,720945,0.892517179,0,0,892517179,0,0,1,2019-09-17 00:00:00.0000000,2019-09-17 00:00:00.0000000,NULL,NULL,NULL,NULL,1,,1,1
40,431817,0.997562838,7484.042953,0,997562838,0,7484,42953,22,2019-09-27 00:00:00.0000000,2018-10-16 00:00:00.0000000,35,2020-09-25 00:00:00.0000000,2019-10-04 00:00:00.0000000,,0,0,1
40,423968,0.998136063,25244.08419,0,998136063,0,25244,8419,31,2019-09-27 00:00:00.0000000,2018-10-19 00:00:00.0000000,32,2020-09-28 00:00:00.0000000,2019-10-07 00:00:00.0000000,,0,0,1
40,747074,0.690725404,0,0,690725404,0,0,1,2019-03-19 00:00:00.0000000,2019-03-19 00:00:00.0000000,NULL,NULL,NULL,NULL,1,,1,1
40,435495,0.998668738,59461.57052,0,998668738,0,59461,57052,76,2019-09-26 00:00:00.0000000,2018-10-04 00:00:00.0000000,48,2020-09-30 00:00:00.0000000,2019-10-01 00:00:00.0000000,,0,0,1
40,746444,0.683169585,0,0,683169585,0,0,1,2019-03-06 00:00:00.0000000,2019-03-06 00:00:00.0000000,NULL,NULL,NULL,NULL,1,,1,1
40,433974,0.999328693,59798.68638,0,999328693,0,59798,68638,66,2019-09-30 00:00:00.0000000,2018-10-05 00:00:00.0000000,113,2020-09-30 00:00:00.0000000,2019-10-03 00:00:00.0000000,,0,0,1
40,426694,0.995698506,5838.754107,0,995698506,0,5838,754107,12,2019-09-26 00:00:00.0000000,2018-10-25 00:00:00.0000000,9,2020-09-07 00:00:00.0000000,2019-10-15 00:00:00.0000000,,0,0,1
40,714811,0.783055444,6363.60038,0,783055444,0,6363,60038,13,2019-06-13 00:00:00.0000000,2018-10-01 00:00:00.0000000,1,2020-05-14 00:00:00.0000000,2020-05-14 00:00:00.0000000,,0,0,1
40,424164,0.997206907,13955.92265,0,997206907,0,13955,92265,20,2019-09-26 00:00:00.0000000,2018-10-18 00:00:00.0000000,11,2020-08-12 00:00:00.0000000,2019-10-08 00:00:00.0000000,,0,0,1
40,497808,0.969057735,246.7298628,0,969057735,0,246,7298628,2,2019-08-19 00:00:00.0000000,2018-10-15 00:00:00.0000000,4,2020-07-28 00:00:00.0000000,2020-06-19 00:00:00.0000000,,0,0,1
40,641629,0.998419777,63212.40264,0,998419777,0,63212,40264,48,2019-09-26 00:00:00.0000000,2018-10-15 00:00:00.0000000,42,2020-09-23 00:00:00.0000000,2019-10-10 00:00:00.0000000,,0,0,1
40,436438,0.999786569,2.60E+07,0,999786569,0,26000000,207,2019-09-30 00:00:00.0000000,2018-10-01 00:00:00.0000000,227,2020-09-29 00:00:00.0000000,2019-10-01 00:00:00.0000000,NULL,0,,0,1
40,433499,0.824428664,549.1644686,0,824428664,0,549,1644686,4,2019-05-07 00:00:00.0000000,2019-01-16 00:00:00.0000000,2,2019-11-14 00:00:00.0000000,2019-11-06 00:00:00.0000000,,0,0,1
40,673492,0.991756668,7665.886035,0,991756668,0,7665,886035,7,2019-09-18 00:00:00.0000000,2018-10-23 00:00:00.0000000,2,2020-05-25 00:00:00.0000000,2020-01-20 00:00:00.0000000,,0,0,1
40,731197,0.834049821,303.5228362,0,834049821,0,303,5228362,2,2019-01-14 00:00:00.0000000,2018-10-15 00:00:00.0000000,16,2020-08-06 00:00:00.0000000,2019-10-01 00:00:00.0000000,,0,0,1
40,430762,0.998967309,46162.96429,0,998967309,0,46162,96429,43,2019-09-30 00:00:00.0000000,2018-11-05 00:00:00.0000000,32,2020-09-29 00:00:00.0000000,2019-10-01 00:00:00.0000000,,0,0,1
40,741563,0.969476838,1667.380328,0,969476838,0,1667,380328,9,2019-07-24 00:00:00.0000000,2018-10-17 00:00:00.0000000,2,2019-12-04 00:00:00.0000000,2019-10-07 00:00:00.0000000,,0,0,1
40,699007,0.997251909,15751.74825,0,997251909,0,15751,74825,23,2019-09-25 00:00:00.0000000,2018-11-14 00:00:00.0000000,19,2020-09-30 00:00:00.0000000,2019-10-07 00:00:00.0000000,,0,0,1
40,724752,0.367406285,705.2763101,0,367406285,1,705,2763101,13,2019-05-09 00:00:00.0000000,2018-10-02 00:00:00.0000000,NULL,NULL,NULL,,1,1,1
40,423505,0.994105628,4983.710673,0,994105628,0,4983,710673,10,2019-09-20 00:00:00.0000000,2018-10-03 00:00:00.0000000,8,2020-08-12 00:00:00.0000000,2019-10-03 00:00:00.0000000,,0,0,1
40,436509,0.997852959,23645.85997,0,997852959,0,23645,85997,28,2019-09-26 00:00:00.0000000,2018-10-02 00:00:00.0000000,9,2020-07-22 00:00:00.0000000,2019-10-09 00:00:00.0000000,,0,0,1
40,608142,0.999318321,51950.99416,0,999318321,0,51950,99416,65,2019-09-30 00:00:00.0000000,2018-10-11 00:00:00.0000000,53,2020-09-07 00:00:00.0000000,2019-10-02 00:00:00.0000000,,0,0,1
40,577383,0.91039873,6254.607582,0,91039873,0,6254,607582,3,2019-08-06 00:00:00.0000000,2019-06-19 00:00:00.0000000,7,2020-08-26 00:00:00.0000000,2020-03-04 00:00:00.0000000,,0,0,1
40,435664,0.994861526,1665.259115,0,994861526,0,1665,259115,11,2019-09-23 00:00:00.0000000,2018-11-06 00:00:00.0000000,15,2020-09-21 00:00:00.0000000,2019-10-30 00:00:00.0000000,,0,0,1
40,435036,0.999605087,101685.5277,0,999605087,0,101685,5277,112,2019-09-30 00:00:00.0000000,2018-10-01 00:00:00.0000000,81,2020-09-29 00:00:00.0000000,2019-10-08 00:00:00.0000000,,0,0,1
40,750592,0.476723056,9132.774708,0,476723056,1,9132,774708,2,2019-07-18 00:00:00.0000000,2019-07-17 00:00:00.0000000,NULL,NULL,NULL,,1,1,1
40,739298,0.997001946,77761.74966,0,997001946,0,77761,74966,21,2019-09-24 00:00:00.0000000,2018-10-09 00:00:00.0000000,7,2020-09-22 00:00:00.0000000,2020-01-30 00:00:00.0000000,,0,0,1
40,615411,0.996719289,34899.70327,0,996719289,0,34899,70327,21,2019-09-23 00:00:00.0000000,2018-11-05 00:00:00.0000000,23,2020-09-21 00:00:00.0000000,2019-10-28 00:00:00.0000000,,0,0,1
40,426927,0.721376126,17717.29384,0,721376126,0,17717,29384,43,2019-08-13 00:00:00.0000000,2018-10-02 00:00:00.0000000,24,2020-09-28 00:00:00.0000000,2019-10-09 00:00:00.0000000,,0,0,1
40,747933,0.827834697,0,0,827834697,0,0,1,2019-08-16 00:00:00.0000000,2019-08-16 00:00:00.0000000,4,2020-09-09 00:00:00.0000000,2019-11-13 00:00:00.0000000,NULL,0,,0,1
40,688792,0.750612877,0,0,750612877,0,0,1,2019-06-10 00:00:00.0000000,2019-06-10 00:00:00.0000000,12,2020-09-07 00:00:00.0000000,2019-11-25 00:00:00.0000000,NULL,0,,0,1
40,579685,0.957445017,3918.717588,0,957445017,0,3918,717588,2,2019-06-26 00:00:00.0000000,2018-11-05 00:00:00.0000000,1,2019-10-09 00:00:00.0000000,2019-10-09 00:00:00.0000000,,0,0,1
40,422325,0.986723873,2044.220779,0,986723873,0,2044,220779,4,2019-09-20 00:00:00.0000000,2018-11-27 00:00:00.0000000,7,2020-09-29 00:00:00.0000000,2019-10-28 00:00:00.0000000,,0,0,1
40,677553,0.994173766,7626.142344,0,994173766,0,7626,142344,11,2019-09-18 00:00:00.0000000,2018-10-03 00:00:00.0000000,5,2020-05-29 00:00:00.0000000,2020-05-21 00:00:00.0000000,,0,0,1
40,731140,0.98481623,1111.786561,0,98481623,0,1111,786561,4,2019-09-05 00:00:00.0000000,2018-10-05 00:00:00.0000000,15,2020-09-28 00:00:00.0000000,2019-10-23 00:00:00.0000000,,0,0,1
40,592508,0.976025358,1071.594987,0,976025358,0,1071,594987,3,2019-08-21 00:00:00.0000000,2019-01-03 00:00:00.0000000,NULL,NULL,NULL,,1,1,1
40,563945,0.836163828,721.8704923,0,836163828,0,721,8704923,2,2019-01-07 00:00:00.0000000,2018-10-04 00:00:00.0000000,2,2020-09-17 00:00:00.0000000,2020-09-02 00:00:00.0000000,,0,0,1
40,672768,0.713151852,0,0,713151852,0,0,1,2019-04-23 00:00:00.0000000,2019-04-23 00:00:00.0000000,1,2020-03-19 00:00:00.0000000,2020-03-19 00:00:00.0000000,NULL,0,,0,1
40,432349,0.703132936,0,0,703132936,0,0,1,2019-04-08 00:00:00.0000000,2019-04-08 00:00:00.0000000,5,2020-06-04 00:00:00.0000000,2020-03-05 00:00:00.0000000,NULL,0,,0,1
40,698845,0.992854717,8008.484273,0,992854717,0,8008,484273,19,2019-09-09 00:00:00.0000000,2018-10-11 00:00:00.0000000,20,2020-07-15 00:00:00.0000000,2019-10-01 00:00:00.0000000,,0,0,1
40,724770,0.820288603,334.6399055,0,820288603,0,334,6399055,2,2018-12-31 00:00:00.0000000,2018-10-04 00:00:00.0000000,NULL,NULL,NULL,,1,1,1
40,655225,0.987733425,13595.75117,0,987733425,0,13595,75117,15,2019-08-28 00:00:00.0000000,2018-10-16 00:00:00.0000000,12,2020-06-04 00:00:00.0000000,2019-10-03 00:00:00.0000000,,0,0,1
40,753255,0.9256633,0,0,9256633,0,0,1,2019-09-27 00:00:00.0000000,2019-09-27 00:00:00.0000000,2,2020-06-22 00:00:00.0000000,2019-10-11 00:00:00.0000000,NULL,0,,0,1
40,702985,0.998764961,19159.77862,0,998764961,0,19159,77862,36,2019-09-30 00:00:00.0000000,2018-10-03 00:00:00.0000000,16,2020-09-29 00:00:00.0000000,2019-10-02 00:00:00.0000000,,0,0,1
40,728471,0.976699671,1794528.366,0,976699671,0,1794528,366,12,2019-08-21 00:00:00.0000000,2019-01-08 00:00:00.0000000,17,2020-09-29 00:00:00.0000000,2019-12-03 00:00:00.0000000,,0,0,1
40,429102,0.905323717,1202.275794,0,905323717,0,1202,275794,5,2019-06-14 00:00:00.0000000,2019-01-16 00:00:00.0000000,2,2020-02-12 00:00:00.0000000,2019-11-21 00:00:00.0000000,,0,0,1
40,733380,0.963428822,56937.32346,0,963428822,0,56937,32346,20,2019-08-13 00:00:00.0000000,2018-10-15 00:00:00.0000000,22,2020-09-15 00:00:00.0000000,2019-10-03 00:00:00.0000000,,0,0,1
40,639547,0.62411143,0,0,62411143,0,0,1,2018-10-30 00:00:00.0000000,2018-10-30 00:00:00.0000000,3,2020-06-11 00:00:00.0000000,2020-04-22 00:00:00.0000000,NULL,0,,0,1
40,434489,0.991718239,9744.143021,0,991718239,0,9744,143021,16,2019-09-06 00:00:00.0000000,2018-10-16 00:00:00.0000000,25,2020-09-24 00:00:00.0000000,2019-10-01 00:00:00.0000000,,0,0,1
40,691961,0.445413617,1710.412817,0,445413617,1,1710,412817,2,2019-01-08 00:00:00.0000000,2018-12-21 00:00:00.0000000,1,2019-10-10 00:00:00.0000000,2019-10-10 00:00:00.0000000,,0,0,1
40,434216,0.999665048,679290.082,0,999665048,0,679290,82,132,2019-09-30 00:00:00.0000000,2018-10-04 00:00:00.0000000,115,2020-09-30 00:00:00.0000000,2019-10-01 00:00:00.0000000,,0,0,1
40,745646,0.993788842,13436.86784,0,993788842,0,13436,86784,13,2019-09-19 00:00:00.0000000,2019-02-07 00:00:00.0000000,19,2020-06-26 00:00:00.0000000,2019-10-04 00:00:00.0000000,,0,0,1
40,467702,0.999733766,1218589.147,0,999733766,0,1218589,147,166,2019-09-30 00:00:00.0000000,2018-10-01 00:00:00.0000000,167,2020-09-30 00:00:00.0000000,2019-10-01 00:00:00.0000000,,0,0,1
40,705216,0.703132936,0,0,703132936,0,0,1,2019-04-08 00:00:00.0000000,2019-04-08 00:00:00.0000000,4,2020-08-21 00:00:00.0000000,2020-06-12 00:00:00.0000000,NULL,0,,0,1
40,613278,0.999021409,358312.4805,0,999021409,0,358312,4805,123,2019-09-27 00:00:00.0000000,2018-10-03 00:00:00.0000000,110,2020-09-29 00:00:00.0000000,2019-10-01 00:00:00.0000000,,0,0,1
40,512723,0.88517989,39546.75488,0,88517989,0,39546,75488,19,2019-07-23 00:00:00.0000000,2018-10-16 00:00:00.0000000,18,2020-09-30 00:00:00.0000000,2019-10-04 00:00:00.0000000,,0,0,1
40,424059,0.999754505,367708.2729,0,999754505,0,367708,2729,180,2019-09-30 00:00:00.0000000,2018-10-01 00:00:00.0000000,173,2020-09-28 00:00:00.0000000,2019-10-02 00:00:00.0000000,,0,0,1
40,571808,0.790581523,1504.230656,0,790581523,0,1504,230656,2,2019-07-09 00:00:00.0000000,2019-06-21 00:00:00.0000000,NULL,NULL,NULL,,1,1,1
40,427043,0.654305076,0,0,654305076,0,0,1,2019-01-09 00:00:00.0000000,2019-01-09 00:00:00.0000000,NULL,NULL,NULL,NULL,1,,1,1
40,615705,0.996258825,5247.935097,0,996258825,0,5247,935097,14,2019-09-26 00:00:00.0000000,2018-10-13 00:00:00.0000000,9,2020-09-29 00:00:00.0000000,2019-10-31 00:00:00.0000000,,0,0,1
40,737989,0.985033724,1074.731451,0,985033724,0,1074,731451,7,2019-08-21 00:00:00.0000000,2018-11-05 00:00:00.0000000,10,2020-08-27 00:00:00.0000000,2019-10-01 00:00:00.0000000,,0,0,1
40,688678,0.993173368,3512.06258,0,993173368,0,3512,6258,11,2019-09-16 00:00:00.0000000,2018-12-13 00:00:00.0000000,11,2020-06-22 00:00:00.0000000,2019-12-17 00:00:00.0000000,,0,0,1
40,422824,0.794151154,232.5721563,0,794151154,0,232,5721563,3,2019-02-13 00:00:00.0000000,2018-10-24 00:00:00.0000000,NULL,NULL,NULL,,1,1,1
40,720209,0.976478759,834.2552907,0,976478759,0,834,2552907,4,2019-07-30 00:00:00.0000000,2018-10-23 00:00:00.0000000,NULL,NULL,NULL,,1,1,1
40,582644,0.821149274,0.012990318,0,821149274,0,0,12990318,2,2019-01-10 00:00:00.0000000,2018-10-17 00:00:00.0000000,NULL,NULL,NULL,,1,1,1
40,669478,0.641247908,0,0,641247908,0,0,1,2018-12-11 00:00:00.0000000,2018-12-11 00:00:00.0000000,1,2020-01-21 00:00:00.0000000,2020-01-21 00:00:00.0000000,NULL,0,,0,1
40,681112,0.999590424,17179.50927,0,999590424,0,17179,50927,108,2019-09-30 00:00:00.0000000,2018-10-03 00:00:00.0000000,137,2020-09-28 00:00:00.0000000,2019-10-01 00:00:00.0000000,,0,0,1
40,745400,0.961053422,28888.38768,0,961053422,0,28888,38768,20,2019-08-26 00:00:00.0000000,2019-01-25 00:00:00.0000000,1,2020-07-16 00:00:00.0000000,2020-07-16 00:00:00.0000000,,0,0,1
40,702394,0.980790811,10051.40593,0,980790811,0,10051,40593,23,2019-08-27 00:00:00.0000000,2018-10-22 00:00:00.0000000,36,2020-09-09 00:00:00.0000000,2019-10-04 00:00:00.0000000,,0,0,1
40,714689,0.986201153,1232.22341,0,986201153,0,1232,22341,4,2019-09-18 00:00:00.0000000,2018-12-28 00:00:00.0000000,3,2020-09-23 00:00:00.0000000,2019-10-31 00:00:00.0000000,,0,0,1
40,713417,0.64081686,0,0,64081686,0,0,1,2018-12-10 00:00:00.0000000,2018-12-10 00:00:00.0000000,NULL,NULL,NULL,NULL,1,,1,1
40,724204,0.999094475,8848.349498,0,999094475,0,8848,349498,49,2019-09-30 00:00:00.0000000,2018-10-01 00:00:00.0000000,24,2020-09-22 00:00:00.0000000,2019-10-16 00:00:00.0000000,,0,0,1
40,601138,0.998957068,45341.31776,0,998957068,0,45341,31776,84,2019-09-27 00:00:00.0000000,2018-10-03 00:00:00.0000000,125,2020-09-30 00:00:00.0000000,2019-10-02 00:00:00.0000000,,0,0,1
40,745918,0.764530602,670.6338665,0,764530602,0,670,6338665,4,2019-05-08 00:00:00.0000000,2019-02-06 00:00:00.0000000,NULL,NULL,NULL,,1,1,1
40,424369,0.991481427,2595.479244,0,991481427,0,2595,479244,7,2019-09-20 00:00:00.0000000,2019-01-25 00:00:00.0000000,7,2020-09-01 00:00:00.0000000,2019-10-02 00:00:00.0000000,,0,0,1
40,580395,0.984507158,3631.166461,0,984507158,0,3631,166461,4,2019-09-04 00:00:00.0000000,2018-10-18 00:00:00.0000000,6,2020-08-24 00:00:00.0000000,2019-10-23 00:00:00.0000000,,0,0,1
40,428278,0.999016375,133036.3495,0,999016375,0,133036,3495,139,2019-09-27 00:00:00.0000000,2018-10-02 00:00:00.0000000,114,2020-09-30 00:00:00.0000000,2019-10-03 00:00:00.0000000,,0,0,1
40,713916,0.954432489,359.5126876,0,954432489,0,359,5126876,2,2019-07-19 00:00:00.0000000,2019-02-19 00:00:00.0000000,3,2020-07-29 00:00:00.0000000,2020-01-21 00:00:00.0000000,,0,0,1
40,720436,0.791913263,6822.237023,0,791913263,0,6822,237023,2,2019-05-20 00:00:00.0000000,2019-04-17 00:00:00.0000000,1,2019-10-03 00:00:00.0000000,2019-10-03 00:00:00.0000000,,0,0,1
40,427114,0.951125155,43.0294617,0,951125155,0,43,294617,2,2019-06-10 00:00:00.0000000,2018-11-20 00:00:00.0000000,8,2020-08-10 00:00:00.0000000,2019-10-30 00:00:00.0000000,,0,0,1
40,676376,0.767543257,0,0,767543257,0,0,1,2019-06-28 00:00:00.0000000,2019-06-28 00:00:00.0000000,1,2019-12-02 00:00:00.0000000,2019-12-02 00:00:00.0000000,NULL,0,,0,1
40,662609,0.998062012,5974.131314,0,998062012,0,5974,131314,29,2019-09-27 00:00:00.0000000,2018-10-02 00:00:00.0000000,11,2020-04-23 00:00:00.0000000,2019-10-18 00:00:00.0000000,,0,0,1
40,737508,0.912550998,871.5541965,0,912550998,0,871,5541965,3,2019-05-21 00:00:00.0000000,2019-01-14 00:00:00.0000000,1,2020-09-10 00:00:00.0000000,2020-09-10 00:00:00.0000000,,0,0,1
40,465282,0.98315299,609.7467636,0,98315299,0,609,7467636,3,2019-09-25 00:00:00.0000000,2018-11-20 00:00:00.0000000,2,2019-12-20 00:00:00.0000000,2019-12-16 00:00:00.0000000,,0,0,1
40,429466,0.728398846,0,0,728398846,0,0,1,2019-05-14 00:00:00.0000000,2019-05-14 00:00:00.0000000,2,2020-09-16 00:00:00.0000000,2020-03-02 00:00:00.0000000,NULL,0,,0,1
40,717303,0.991409603,1742.95717,0,991409603,0,1742,95717,15,2019-09-05 00:00:00.0000000,2018-10-15 00:00:00.0000000,13,2020-09-04 00:00:00.0000000,2019-10-04 00:00:00.0000000,,0,0,1
40,687329,0.951942919,72968.65549,0,951942919,0,72968,65549,6,2019-07-23 00:00:00.0000000,2019-02-07 00:00:00.0000000,9,2020-05-18 00:00:00.0000000,2019-10-28 00:00:00.0000000,,0,0,1
40,724797,0.6743544,0,0,6743544,0,0,1,2019-02-18 00:00:00.0000000,2019-02-18 00:00:00.0000000,1,2019-12-05 00:00:00.0000000,2019-12-05 00:00:00.0000000,NULL,0,,0,1
40,724487,0.930015383,1130.299757,0,930015383,0,1130,299757,2,2019-04-17 00:00:00.0000000,2018-11-02 00:00:00.0000000,NULL,NULL,NULL,,1,1,1
40,427300,0.993249203,96585.20058,0,993249203,0,96585,20058,32,2019-09-12 00:00:00.0000000,2018-10-04 00:00:00.0000000,23,2020-09-30 00:00:00.0000000,2019-10-02 00:00:00.0000000,,0,0,1
40,521118,0.955344852,2390.530978,0,955344852,0,2390,530978,4,2019-06-05 00:00:00.0000000,2018-10-03 00:00:00.0000000,4,2020-06-24 00:00:00.0000000,2020-01-09 00:00:00.0000000,,0,0,1
40,433943,0.723882464,0,0,723882464,0,0,1,2019-05-08 00:00:00.0000000,2019-05-08 00:00:00.0000000,NULL,NULL,NULL,NULL,1,,1,1
40,650815,0.963838331,724.010028,0,963838331,0,724,10028,5,2019-06-26 00:00:00.0000000,2018-10-04 00:00:00.0000000,NULL,NULL,NULL,,1,1,1
40,511533,0.009982756,82.36132628,0,9982756,1,82,36132628,25,2019-05-20 00:00:00.0000000,2018-10-01 00:00:00.0000000,NULL,NULL,NULL,,1,1,1
40,674863,0.984545133,11774.14416,0,984545133,0,11774,14416,11,2019-08-22 00:00:00.0000000,2018-11-12 00:00:00.0000000,6,2020-03-06 00:00:00.0000000,2019-10-23 00:00:00.0000000,,0,0,1
40,423373,0.9873454,7073.639872,0,9873454,0,7073,639872,16,2019-08-28 00:00:00.0000000,2018-10-16 00:00:00.0000000,11,2020-09-08 00:00:00.0000000,2019-10-18 00:00:00.0000000,,0,0,1
40,721679,0.441674551,21152.59209,0,441674551,1,21152,59209,4,2019-03-05 00:00:00.0000000,2018-12-24 00:00:00.0000000,NULL,NULL,NULL,,1,1,1
40,423991,0.787895635,0,0,787895635,0,0,1,2019-07-17 00:00:00.0000000,2019-07-17 00:00:00.0000000,NULL,NULL,NULL,NULL,1,,1,1
40,523149,0.997721004,18921.32977,0,997721004,0,18921,32977,24,2019-09-27 00:00:00.0000000,2018-10-23 00:00:00.0000000,10,2020-07-10 00:00:00.0000000,2019-10-30 00:00:00.0000000,,0,0,1
40,551541,0.967469102,13477.76027,0,967469102,0,13477,76027,16,2019-08-07 00:00:00.0000000,2018-10-05 00:00:00.0000000,NULL,NULL,NULL,,1,1,1
40,422660,0.998487912,1061030.011,0,998487912,0,1061030,11,152,2019-09-26 00:00:00.0000000,2018-10-02 00:00:00.0000000,160,2020-09-29 00:00:00.0000000,2019-10-03 00:00:00.0000000,,0,0,1
40,669858,0.99599221,13096.74916,0,99599221,0,13096,74916,26,2019-09-18 00:00:00.0000000,2018-10-05 00:00:00.0000000,69,2020-09-25 00:00:00.0000000,2019-10-10 00:00:00.0000000,,0,0,1
40,718670,0.998609241,84156.61217,0,998609241,0,84156,61217,32,2019-09-30 00:00:00.0000000,2018-10-25 00:00:00.0000000,110,2020-09-28 00:00:00.0000000,2019-10-04 00:00:00.0000000,,0,0,1
40,592363,0.615845721,0,0,615845721,0,0,1,2018-10-08 00:00:00.0000000,2018-10-08 00:00:00.0000000,1,2020-08-31 00:00:00.0000000,2020-08-31 00:00:00.0000000,NULL,0,,0,1
40,669785,0.537393812,598.0535993,0,537393812,0,598,535993,2,2019-05-24 00:00:00.0000000,2019-05-15 00:00:00.0000000,NULL,NULL,NULL,,1,1,1
40,734955,0.022291752,117.7496271,0,22291752,1,117,7496271,8,2019-04-01 00:00:00.0000000,2019-01-17 00:00:00.0000000,3,2020-03-11 00:00:00.0000000,2020-01-22 00:00:00.0000000,,0,0,1
40,730757,0.732047896,7504.597506,0,732047896,0,7504,597506,2,2019-03-05 00:00:00.0000000,2019-01-23 00:00:00.0000000,1,2020-01-23 00:00:00.0000000,2020-01-23 00:00:00.0000000,,0,0,1
40,588243,0.991295137,1976.022179,0,991295137,0,1976,22179,8,2019-09-10 00:00:00.0000000,2018-10-05 00:00:00.0000000,6,2020-09-08 00:00:00.0000000,2019-11-14 00:00:00.0000000,,0,0,1
40,427345,0.999740041,1613352.46,0,999740041,0,1613352,46,170,2019-09-30 00:00:00.0000000,2018-10-04 00:00:00.0000000,156,2020-09-30 00:00:00.0000000,2019-10-01 00:00:00.0000000,,0,0,1
40,430481,0.996034199,17651.08965,0,996034199,0,17651,8965,19,2019-09-20 00:00:00.0000000,2018-10-11 00:00:00.0000000,25,2020-09-23 00:00:00.0000000,2019-11-28 00:00:00.0000000,,0,0,1
40,672624,0.992329098,3134.955114,0,992329098,0,3134,955114,10,2019-09-11 00:00:00.0000000,2018-10-18 00:00:00.0000000,6,2020-09-22 00:00:00.0000000,2019-10-17 00:00:00.0000000,,0,0,1
40,607294,0.984865838,8147.756215,0,984865838,0,8147,756215,6,2019-08-21 00:00:00.0000000,2018-10-25 00:00:00.0000000,12,2020-09-21 00:00:00.0000000,2019-10-18 00:00:00.0000000,,0,0,1
40,607934,0.967545401,336.9317571,0,967545401,0,336,9317571,2,2019-08-30 00:00:00.0000000,2019-03-07 00:00:00.0000000,2,2020-01-02 00:00:00.0000000,2019-11-29 00:00:00.0000000,,0,0,1
40,652850,0.996497247,3340.740541,0,996497247,0,3340,740541,17,2019-09-24 00:00:00.0000000,2018-10-19 00:00:00.0000000,32,2020-09-28 00:00:00.0000000,2019-10-09 00:00:00.0000000,,0,0,1
40,592721,0.733841904,6577.398502,0,733841904,0,6577,398502,19,2019-07-04 00:00:00.0000000,2018-10-01 00:00:00.0000000,NULL,NULL,NULL,,1,1,1
40,656889,0.971737036,1994.867327,0,971737036,0,1994,867327,2,2019-09-16 00:00:00.0000000,2019-02-28 00:00:00.0000000,1,2020-07-30 00:00:00.0000000,2020-07-30 00:00:00.0000000,,0,0,1
40,675658,0.957907384,1611.464419,0,957907384,0,1611,464419,2,2019-08-28 00:00:00.0000000,2019-06-11 00:00:00.0000000,6,2020-08-10 00:00:00.0000000,2019-12-23 00:00:00.0000000,,0,0,1
40,697856,0.714556889,6355.818092,0,714556889,0,6355,818092,8,2019-05-24 00:00:00.0000000,2018-12-10 00:00:00.0000000,NULL,NULL,NULL,,1,1,1
40,422168,0.636153477,0,0,636153477,0,0,1,2018-11-29 00:00:00.0000000,2018-11-29 00:00:00.0000000,NULL,NULL,NULL,NULL,1,,1,1
40,676514,0.68430801,0,0,68430801,0,0,1,2019-03-08 00:00:00.0000000,2019-03-08 00:00:00.0000000,NULL,NULL,NULL,NULL,1,,1,1
40,703387,0.616211902,0,0,616211902,0,0,1,2018-10-09 00:00:00.0000000,2018-10-09 00:00:00.0000000,8,2020-06-02 00:00:00.0000000,2019-10-08 00:00:00.0000000,NULL,0,,0,1
40,734813,0.966493336,2817.644965,0,966493336,0,2817,644965,9,2019-07-22 00:00:00.0000000,2018-10-23 00:00:00.0000000,11,2020-09-21 00:00:00.0000000,2019-12-31 00:00:00.0000000,,0,0,1
40,702221,0.999771065,2220120.917,0,999771065,0,2220120,917,193,2019-09-30 00:00:00.0000000,2018-10-01 00:00:00.0000000,182,2020-09-30 00:00:00.0000000,2019-10-01 00:00:00.0000000,,0,0,1
40,646521,0.859524044,5250.424309,0,859524044,0,5250,424309,13,2019-07-09 00:00:00.0000000,2018-11-26 00:00:00.0000000,12,2020-07-15 00:00:00.0000000,2019-10-08 00:00:00.0000000,,0,0,1
40,603009,0.911726926,8527.294176,0,911726926,0,8527,294176,11,2019-07-01 00:00:00.0000000,2018-10-19 00:00:00.0000000,NULL,NULL,NULL,,1,1,1
40,702179,0.997522278,79781.36453,0,997522278,0,79781,36453,37,2019-09-23 00:00:00.0000000,2018-10-15 00:00:00.0000000,26,2020-09-21 00:00:00.0000000,2019-10-04 00:00:00.0000000,,0,0,1
40,704538,0.947407633,34227.14997,0,947407633,0,34227,14997,58,2019-09-04 00:00:00.0000000,2018-10-09 00:00:00.0000000,6,2019-10-29 00:00:00.0000000,2019-10-04 00:00:00.0000000,,0,0,1
40,427512,0.969945457,2508.532226,0,969945457,0,2508,532226,7,2019-07-26 00:00:00.0000000,2018-11-26 00:00:00.0000000,NULL,NULL,NULL,,1,1,1
40,428887,0.99983822,9068318.675,0,99983822,0,9068318,675,273,2019-09-30 00:00:00.0000000,2018-10-01 00:00:00.0000000,269,2020-09-30 00:00:00.0000000,2019-10-01 00:00:00.0000000,,0,0,1
40,626250,0.830919301,4519.988446,0,830919301,0,4519,988446,9,2019-05-31 00:00:00.0000000,2018-10-23 00:00:00.0000000,4,2020-07-06 00:00:00.0000000,2019-10-01 00:00:00.0000000,,0,0,1
40,425612,0.9980324,19479.92722,0,9980324,0,19479,92722,55,2019-09-24 00:00:00.0000000,2018-10-02 00:00:00.0000000,55,2020-09-30 00:00:00.0000000,2019-10-01 00:00:00.0000000,,0,0,1
40,431230,0.989635833,2643.166045,0,989635833,0,2643,166045,7,2019-09-05 00:00:00.0000000,2018-10-03 00:00:00.0000000,3,2020-06-30 00:00:00.0000000,2020-01-28 00:00:00.0000000,,0,0,1
40,715140,0.699303446,0,0,699303446,0,0,1,2019-04-02 00:00:00.0000000,2019-04-02 00:00:00.0000000,4,2020-09-09 00:00:00.0000000,2019-10-15 00:00:00.0000000,NULL,0,,0,1
40,589297,0.985696449,286459.1165,0,985696449,0,286459,1165,18,2019-08-27 00:00:00.0000000,2018-10-15 00:00:00.0000000,21,2020-09-07 00:00:00.0000000,2019-10-25 00:00:00.0000000,,0,0,1
40,436303,0.997139152,22391.81183,0,997139152,0,22391,81183,26,2019-09-23 00:00:00.0000000,2018-10-19 00:00:00.0000000,31,2020-09-29 00:00:00.0000000,2019-11-11 00:00:00.0000000,,0,0,1
40,523547,0.982385631,4507.501201,0,982385631,0,4507,501201,9,2019-08-20 00:00:00.0000000,2018-12-11 00:00:00.0000000,1,2020-05-13 00:00:00.0000000,2020-05-13 00:00:00.0000000,,0,0,1
40,580580,0.993119592,38818.86634,0,993119592,0,38818,86634,33,2019-09-12 00:00:00.0000000,2018-10-04 00:00:00.0000000,30,2020-09-28 00:00:00.0000000,2019-10-10 00:00:00.0000000,,0,0,1
40,657981,0.538024848,939.4282263,0,538024848,0,939,4282263,2,2019-01-11 00:00:00.0000000,2018-12-17 00:00:00.0000000,4,2020-07-03 00:00:00.0000000,2019-12-27 00:00:00.0000000,,0,0,1
40,577990,0.998864461,39121.66838,0,998864461,0,39121,66838,67,2019-09-27 00:00:00.0000000,2018-10-01 00:00:00.0000000,49,2020-09-29 00:00:00.0000000,2019-10-01 00:00:00.0000000,,0,0,1
40,726172,0.804907849,20074.91399,0,804907849,0,20074,91399,21,2019-07-22 00:00:00.0000000,2018-10-31 00:00:00.0000000,10,2020-09-03 00:00:00.0000000,2019-10-21 00:00:00.0000000,,0,0,1
40,738534,0.987785117,1324.648996,0,987785117,0,1324,648996,9,2019-09-05 00:00:00.0000000,2019-01-26 00:00:00.0000000,12,2020-09-04 00:00:00.0000000,2019-10-04 00:00:00.0000000,,0,0,1
40,597207,0.996695579,9716.816035,0,996695579,0,9716,816035,33,2019-09-20 00:00:00.0000000,2018-10-04 00:00:00.0000000,18,2020-09-30 00:00:00.0000000,2019-10-07 00:00:00.0000000,,0,0,1
40,702199,0.998980869,102740.572,0,998980869,0,102740,572,91,2019-09-27 00:00:00.0000000,2018-10-03 00:00:00.0000000,74,2020-09-28 00:00:00.0000000,2019-10-03 00:00:00.0000000,,0,0,1
40,638483,0.923547342,587.5202554,0,923547342,0,587,5202554,2,2019-08-29 00:00:00.0000000,2019-08-06 00:00:00.0000000,3,2020-01-21 00:00:00.0000000,2019-10-25 00:00:00.0000000,,0,0,1
40,663079,0.970927226,1337.428016,0,970927226,0,1337,428016,9,2019-07-24 00:00:00.0000000,2018-10-08 00:00:00.0000000,5,2020-06-09 00:00:00.0000000,2019-10-07 00:00:00.0000000,,0,0,1
40,622462,0.94781088,1404.724566,0,94781088,0,1404,724566,4,2019-05-24 00:00:00.0000000,2018-10-01 00:00:00.0000000,1,2020-01-27 00:00:00.0000000,2020-01-27 00:00:00.0000000,,0,0,1
40,730638,0.680887194,130.8349187,0,680887194,0,130,8349187,3,2019-06-21 00:00:00.0000000,2019-05-21 00:00:00.0000000,1,2019-12-27 00:00:00.0000000,2019-12-27 00:00:00.0000000,,0,0,1
40,424338,0.987913158,17920.27369,0,987913158,0,17920,27369,13,2019-09-03 00:00:00.0000000,2018-12-27 00:00:00.0000000,23,2020-09-29 00:00:00.0000000,2019-10-28 00:00:00.0000000,,0,0,1
40,717452,0.904071895,13651.06784,0,904071895,0,13651,6784,24,2019-09-17 00:00:00.0000000,2019-07-16 00:00:00.0000000,18,2019-11-26 00:00:00.0000000,2019-10-23 00:00:00.0000000,,0,0,1
40,431635,0.995847621,5159.827749,0,995847621,0,5159,827749,12,2019-09-27 00:00:00.0000000,2018-10-19 00:00:00.0000000,4,2020-09-14 00:00:00.0000000,2019-12-12 00:00:00.0000000,,0,0,1
40,699296,0.996346347,19346.91805,0,996346347,0,19346,91805,38,2019-09-19 00:00:00.0000000,2018-10-04 00:00:00.0000000,40,2020-09-29 00:00:00.0000000,2019-10-28 00:00:00.0000000,,0,0,1
40,425405,0.999718478,76152.22868,0,999718478,0,76152,22868,157,2019-09-30 00:00:00.0000000,2018-10-01 00:00:00.0000000,156,2020-09-30 00:00:00.0000000,2019-10-01 00:00:00.0000000,,0,0,1
40,688945,0.908710413,522.9385124,0,908710413,0,522,9385124,4,2019-05-22 00:00:00.0000000,2018-12-19 00:00:00.0000000,NULL,NULL,NULL,,1,1,1
40,423084,0.996123919,10312.25948,0,996123919,0,10312,25948,13,2019-09-27 00:00:00.0000000,2018-11-02 00:00:00.0000000,17,2020-09-21 00:00:00.0000000,2019-12-30 00:00:00.0000000,,0,0,1
40,428050,0.917381034,1869.321161,0,917381034,0,1869,321161,4,2019-05-27 00:00:00.0000000,2018-12-19 00:00:00.0000000,8,2020-06-26 00:00:00.0000000,2019-11-13 00:00:00.0000000,,0,0,1
40,423863,0.99517013,51485.14483,0,99517013,0,51485,14483,65,2019-09-19 00:00:00.0000000,2018-10-04 00:00:00.0000000,85,2020-09-25 00:00:00.0000000,2019-10-01 00:00:00.0000000,,0,0,1
40,743618,0.839230104,0,0,839230104,0,0,1,2019-08-23 00:00:00.0000000,2019-08-23 00:00:00.0000000,10,2020-09-17 00:00:00.0000000,2020-01-31 00:00:00.0000000,NULL,0,,0,1
40,731194,0.153531133,32.81847274,0,153531133,1,32,81847274,6,2019-03-28 00:00:00.0000000,2019-01-11 00:00:00.0000000,2,2020-06-15 00:00:00.0000000,2020-01-03 00:00:00.0000000,,0,0,1
40,707308,0.995991598,6016.282668,0,995991598,0,6016,282668,14,2019-09-24 00:00:00.0000000,2018-10-01 00:00:00.0000000,21,2020-09-30 00:00:00.0000000,2019-10-04 00:00:00.0000000,,0,0,1
40,430747,0.990448581,3367.16953,0,990448581,0,3367,16953,8,2019-09-06 00:00:00.0000000,2018-10-09 00:00:00.0000000,13,2020-09-29 00:00:00.0000000,2019-10-31 00:00:00.0000000,,0,0,1
40,433865,0.973150132,4345.401248,0,973150132,0,4345,401248,2,2019-09-24 00:00:00.0000000,2019-03-29 00:00:00.0000000,1,2020-07-09 00:00:00.0000000,2020-07-09 00:00:00.0000000,,0,0,1
40,745584,0.964312276,2642.294338,0,964312276,0,2642,294338,8,2019-08-05 00:00:00.0000000,2019-01-23 00:00:00.0000000,29,2020-09-28 00:00:00.0000000,2019-10-18 00:00:00.0000000,,0,0,1
40,435948,0.981888671,14540.60942,0,981888671,0,14540,60942,17,2019-08-22 00:00:00.0000000,2018-10-19 00:00:00.0000000,1,2020-08-12 00:00:00.0000000,2020-08-12 00:00:00.0000000,,0,0,1
40,547663,0.987427264,9497.216545,0,987427264,0,9497,216545,9,2019-08-28 00:00:00.0000000,2018-11-16 00:00:00.0000000,2,2020-03-23 00:00:00.0000000,2020-02-05 00:00:00.0000000,,0,0,1
40,643674,0.962887085,1172.182477,0,962887085,0,1172,182477,9,2019-07-23 00:00:00.0000000,2018-11-13 00:00:00.0000000,2,2019-11-26 00:00:00.0000000,2019-10-29 00:00:00.0000000,,0,0,1
40,511534,0.998838019,39180.13466,0,998838019,0,39180,13466,64,2019-09-27 00:00:00.0000000,2018-10-02 00:00:00.0000000,98,2020-09-30 00:00:00.0000000,2019-10-07 00:00:00.0000000,,0,0,1
40,631125,0.995747064,42788.60985,0,995747064,0,42788,60985,14,2019-09-23 00:00:00.0000000,2018-10-30 00:00:00.0000000,19,2020-09-21 00:00:00.0000000,2019-10-30 00:00:00.0000000,,0,0,1
40,590413,0.278233042,47.10507165,0,278233042,1,47,10507165,2,2018-10-16 00:00:00.0000000,2018-10-03 00:00:00.0000000,1,2020-04-17 00:00:00.0000000,2020-04-17 00:00:00.0000000,,0,0,1
40,705415,0.013381706,10.04264723,0,13381706,1,10,4264723,4,2018-12-24 00:00:00.0000000,2018-12-04 00:00:00.0000000,NULL,NULL,NULL,,1,1,1
40,434146,0.995694908,12306.42841,0,995694908,0,12306,42841,31,2019-09-17 00:00:00.0000000,2018-10-04 00:00:00.0000000,23,2020-09-30 00:00:00.0000000,2019-10-11 00:00:00.0000000,,0,0,1
40,720748,0.984412936,14575.381,0,984412936,0,14575,381,18,2019-08-27 00:00:00.0000000,2018-10-31 00:00:00.0000000,19,2020-09-28 00:00:00.0000000,2019-10-02 00:00:00.0000000,,0,0,1
40,659681,0.997589826,33990.98389,0,997589826,0,33990,98389,31,2019-09-24 00:00:00.0000000,2018-10-15 00:00:00.0000000,58,2020-09-29 00:00:00.0000000,2019-10-31 00:00:00.0000000,,0,0,1
40,434473,0.990687669,7734.092391,0,990687669,0,7734,92391,11,2019-09-06 00:00:00.0000000,2018-11-20 00:00:00.0000000,7,2020-09-01 00:00:00.0000000,2020-03-09 00:00:00.0000000,,0,0,1
40,674396,0.951881373,2951.304556,0,951881373,0,2951,304556,2,2019-07-24 00:00:00.0000000,2019-03-22 00:00:00.0000000,2,2020-02-27 00:00:00.0000000,2020-02-21 00:00:00.0000000,,0,0,1
40,655839,0.992131483,9203.511594,0,992131483,0,9203,511594,9,2019-09-12 00:00:00.0000000,2018-10-16 00:00:00.0000000,NULL,NULL,NULL,,1,1,1
40,643694,0.998351505,77359.00449,0,998351505,0,77359,449,62,2019-09-25 00:00:00.0000000,2018-10-01 00:00:00.0000000,56,2020-09-23 00:00:00.0000000,2019-10-01 00:00:00.0000000,,0,0,1
40,695587,0.809127425,1781.98712,0,809127425,0,1781,98712,4,2019-03-25 00:00:00.0000000,2018-11-07 00:00:00.0000000,1,2020-05-14 00:00:00.0000000,2020-05-14 00:00:00.0000000,,0,0,1
40,659816,0.671605426,33354.06866,0,671605426,0,33354,6866,5,2019-06-14 00:00:00.0000000,2019-04-03 00:00:00.0000000,1,2020-06-03 00:00:00.0000000,2020-06-03 00:00:00.0000000,,0,0,1
40,422513,0.995532846,9745.826586,0,995532846,0,9745,826586,16,2019-09-20 00:00:00.0000000,2018-11-02 00:00:00.0000000,6,2020-07-17 00:00:00.0000000,2019-10-03 00:00:00.0000000,,0,0,1
40,625258,0.754208326,0,0,754208326,0,0,1,2019-06-14 00:00:00.0000000,2019-06-14 00:00:00.0000000,5,2020-08-20 00:00:00.0000000,2019-11-21 00:00:00.0000000,NULL,0,,0,1
40,429690,0.258924503,537.4207518,0,258924503,1,537,4207518,3,2018-11-13 00:00:00.0000000,2018-10-01 00:00:00.0000000,NULL,NULL,NULL,,1,1,1
40,429954,0.633257947,0,0,633257947,0,0,1,2018-11-22 00:00:00.0000000,2018-11-22 00:00:00.0000000,1,2020-02-27 00:00:00.0000000,2020-02-27 00:00:00.0000000,NULL,0,,0,1
40,711119,0.847757519,17198.78931,0,847757519,0,17198,78931,14,2019-06-28 00:00:00.0000000,2018-10-05 00:00:00.0000000,NULL,NULL,NULL,,1,1,1
40,681403,0.65013292,0,0,65013292,0,0,1,2018-12-31 00:00:00.0000000,2018-12-31 00:00:00.0000000,1,2020-01-28 00:00:00.0000000,2020-01-28 00:00:00.0000000,NULL,0,,0,1
40,556783,0.098130123,86.85667354,0,98130123,1,86,85667354,5,2019-02-08 00:00:00.0000000,2018-12-10 00:00:00.0000000,7,2019-12-30 00:00:00.0000000,2019-10-25 00:00:00.0000000,,0,0,1
40,698862,0.51239981,3518.636827,0,51239981,0,3518,636827,2,2018-12-31 00:00:00.0000000,2018-12-07 00:00:00.0000000,5,2020-06-29 00:00:00.0000000,2019-10-15 00:00:00.0000000,,0,0,1
40,552823,0.632440587,0,0,632440587,0,0,1,2018-11-20 00:00:00.0000000,2018-11-20 00:00:00.0000000,NULL,NULL,NULL,NULL,1,,1,1
40,701632,0.988154667,2589.781438,0,988154667,0,2589,781438,4,2019-09-30 00:00:00.0000000,2018-10-04 00:00:00.0000000,3,2020-07-28 00:00:00.0000000,2019-10-10 00:00:00.0000000,,0,0,1
40,711108,0.991378836,22478.64735,0,991378836,0,22478,64735,14,2019-09-05 00:00:00.0000000,2018-10-17 00:00:00.0000000,NULL,NULL,NULL,,1,1,1
40,576959,0.988075067,2567.37708,0,988075067,0,2567,37708,10,2019-08-26 00:00:00.0000000,2018-10-10 00:00:00.0000000,6,2020-09-15 00:00:00.0000000,2019-10-28 00:00:00.0000000,,0,0,1
40,429469,0.994300003,42998.04165,0,994300003,0,42998,4165,23,2019-09-13 00:00:00.0000000,2018-10-08 00:00:00.0000000,25,2020-09-29 00:00:00.0000000,2019-10-17 00:00:00.0000000,,0,0,1
40,430019,0.988116616,3241.051722,0,988116616,0,3241,51722,6,2019-09-06 00:00:00.0000000,2018-11-23 00:00:00.0000000,NULL,NULL,NULL,,1,1,1
40,659560,0.861673364,0,0,861673364,0,0,1,2019-09-04 00:00:00.0000000,2019-09-04 00:00:00.0000000,NULL,NULL,NULL,NULL,1,,1,1
40,425395,0.823655734,4229.977996,0,823655734,0,4229,977996,11,2019-06-18 00:00:00.0000000,2018-11-07 00:00:00.0000000,5,2020-07-08 00:00:00.0000000,2019-12-04 00:00:00.0000000,,0,0,1
40,433623,0.981726012,60477.18037,0,981726012,0,60477,18037,35,2019-09-03 00:00:00.0000000,2018-10-10 00:00:00.0000000,38,2020-08-31 00:00:00.0000000,2019-10-09 00:00:00.0000000,,0,0,1
40,559053,0.993613663,57299.93661,0,993613663,0,57299,93661,83,2019-09-19 00:00:00.0000000,2018-10-01 00:00:00.0000000,40,2020-09-28 00:00:00.0000000,2019-10-03 00:00:00.0000000,,0,0,1
40,662397,0.99066172,9981.022913,0,99066172,0,9981,22913,5,2019-09-30 00:00:00.0000000,2018-11-14 00:00:00.0000000,6,2020-09-11 00:00:00.0000000,2019-10-10 00:00:00.0000000,,0,0,1
40,467781,0.995506822,779.2545288,0,995506822,0,779,2545288,13,2019-09-23 00:00:00.0000000,2018-10-30 00:00:00.0000000,14,2020-09-23 00:00:00.0000000,2019-10-30 00:00:00.0000000,,0,0,1
40,435293,0.859184836,13585.92559,0,859184836,0,13585,92559,86,2019-09-06 00:00:00.0000000,2018-10-03 00:00:00.0000000,27,2020-09-03 00:00:00.0000000,2019-10-14 00:00:00.0000000,,0,0,1
40,435901,0.973325352,4086.228972,0,973325352,0,4086,228972,9,2019-07-26 00:00:00.0000000,2018-10-02 00:00:00.0000000,1,2020-01-16 00:00:00.0000000,2020-01-16 00:00:00.0000000,,0,0,1
40,681333,0.990304364,2673.593257,0,990304364,0,2673,593257,5,2019-09-27 00:00:00.0000000,2018-10-09 00:00:00.0000000,7,2020-09-11 00:00:00.0000000,2019-10-22 00:00:00.0000000,,0,0,1
40,702139,0.992699899,1331145.671,0,992699899,0,1331145,671,11,2019-09-16 00:00:00.0000000,2019-01-16 00:00:00.0000000,16,2020-09-25 00:00:00.0000000,2020-01-21 00:00:00.0000000,,0,0,1
40,709337,0.999248673,11996.47939,0,999248673,0,11996,47939,59,2019-09-30 00:00:00.0000000,2018-10-01 00:00:00.0000000,55,2020-09-30 00:00:00.0000000,2019-10-16 00:00:00.0000000,,0,0,1
40,743112,0.008134511,365.7207299,0,8134511,1,365,7207299,8,2019-02-22 00:00:00.0000000,2018-12-10 00:00:00.0000000,NULL,NULL,NULL,,1,1,1
40,597395,0.923129718,3877.251521,0,923129718,0,3877,251521,8,2019-06-20 00:00:00.0000000,2018-10-29 00:00:00.0000000,7,2020-05-07 00:00:00.0000000,2019-10-31 00:00:00.0000000,,0,0,1
40,611641,5.90E-05,39.268665,5,9.00E-05,1,39,268665,59,2019-07-01 00:00:00.0000000,2018-10-09 00:00:00.0000000,25,2020-01-03 00:00:00.0000000,2019-10-01 00:00:00.0000000,,0,0,1
40,433820,0.833385707,1815.615226,0,833385707,0,1815,615226,2,2019-05-21 00:00:00.0000000,2019-04-08 00:00:00.0000000,NULL,NULL,NULL,,1,1,1
40,717193,0.988492211,4123.083212,0,988492211,0,4123,83212,6,2019-09-04 00:00:00.0000000,2018-10-01 00:00:00.0000000,1,2019-11-06 00:00:00.0000000,2019-11-06 00:00:00.0000000,,0,0,1
40,737767,0.754208326,0,0,754208326,0,0,1,2019-06-14 00:00:00.0000000,2019-06-14 00:00:00.0000000,NULL,NULL,NULL,NULL,1,,1,1
40,713915,0.997005998,9579.34998,0,997005998,0,9579,34998,38,2019-09-21 00:00:00.0000000,2018-10-08 00:00:00.0000000,11,2020-09-26 00:00:00.0000000,2020-01-14 00:00:00.0000000,,0,0,1
40,427669,0.627231323,0,0,627231323,0,0,1,2018-11-07 00:00:00.0000000,2018-11-07 00:00:00.0000000,NULL,NULL,NULL,NULL,1,,1,1
40,713019,0.866576745,288.9339288,0,866576745,0,288,9339288,2,2019-01-28 00:00:00.0000000,2018-10-10 00:00:00.0000000,NULL,NULL,NULL,,1,1,1
40,752007,0.851797026,0,0,851797026,0,0,1,2019-08-30 00:00:00.0000000,2019-08-30 00:00:00.0000000,4,2019-11-28 00:00:00.0000000,2019-10-09 00:00:00.0000000,NULL,0,,0,1
40,583002,0.998215495,46220.53222,0,998215495,0,46220,53222,25,2019-09-30 00:00:00.0000000,2018-10-09 00:00:00.0000000,25,2020-09-28 00:00:00.0000000,2019-10-07 00:00:00.0000000,,0,0,1
40,464353,0.988424228,34243.49227,0,988424228,0,34243,49227,13,2019-08-29 00:00:00.0000000,2018-10-24 00:00:00.0000000,18,2020-09-09 00:00:00.0000000,2019-11-21 00:00:00.0000000,,0,0,1
40,425742,0.996684208,23734.91307,0,996684208,0,23734,91307,18,2019-09-24 00:00:00.0000000,2018-10-02 00:00:00.0000000,8,2019-12-23 00:00:00.0000000,2019-10-11 00:00:00.0000000,,0,0,1
40,661839,0.996488642,2529.427125,0,996488642,0,2529,427125,17,2019-09-24 00:00:00.0000000,2018-10-22 00:00:00.0000000,13,2020-09-09 00:00:00.0000000,2019-11-27 00:00:00.0000000,,0,0,1
40,706426,0.039411869,118.4507915,0,39411869,1,118,4507915,6,2018-12-26 00:00:00.0000000,2018-10-08 00:00:00.0000000,NULL,NULL,NULL,,1,1,1
40,672713,0.736243449,0,0,736243449,0,0,1,2019-05-24 00:00:00.0000000,2019-05-24 00:00:00.0000000,7,2020-06-12 00:00:00.0000000,2019-12-13 00:00:00.0000000,NULL,0,,0,1
40,723651,0.917907268,171.6821477,0,917907268,0,171,6821477,2,2019-04-12 00:00:00.0000000,2018-11-26 00:00:00.0000000,1,2019-11-22 00:00:00.0000000,2019-11-22 00:00:00.0000000,,0,0,1
40,744909,0.66909151,0,0,66909151,0,0,1,2019-02-08 00:00:00.0000000,2019-02-08 00:00:00.0000000,NULL,NULL,NULL,NULL,1,,1,1
40,735641,0.809764306,3083.180598,0,809764306,0,3083,180598,2,2019-06-04 00:00:00.0000000,2019-05-03 00:00:00.0000000,3,2020-02-07 00:00:00.0000000,2019-10-25 00:00:00.0000000,,0,0,1
40,712602,0.9705828,1524.447986,0,9705828,0,1524,447986,5,2019-07-09 00:00:00.0000000,2018-10-04 00:00:00.0000000,NULL,NULL,NULL,,1,1,1
40,712529,0.628021321,0,0,628021321,0,0,1,2018-11-09 00:00:00.0000000,2018-11-09 00:00:00.0000000,NULL,NULL,NULL,NULL,1,,1,1
40,434398,0.997670817,16819.58876,0,997670817,0,16819,58876,50,2019-09-23 00:00:00.0000000,2018-10-09 00:00:00.0000000,53,2020-09-21 00:00:00.0000000,2019-10-01 00:00:00.0000000,,0,0,1
40,657497,0.985819391,6461.609901,0,985819391,0,6461,609901,4,2019-09-19 00:00:00.0000000,2019-02-28 00:00:00.0000000,4,2020-01-16 00:00:00.0000000,2019-10-15 00:00:00.0000000,,0,0,1
40,429369,0.998038628,24239.78492,0,998038628,0,24239,78492,57,2019-09-24 00:00:00.0000000,2018-10-02 00:00:00.0000000,55,2020-09-28 00:00:00.0000000,2019-10-25 00:00:00.0000000,,0,0,1
40,732497,0.995747064,5334.122654,0,995747064,0,5334,122654,14,2019-09-23 00:00:00.0000000,2018-10-30 00:00:00.0000000,19,2020-09-28 00:00:00.0000000,2019-10-30 00:00:00.0000000,,0,0,1
40,687570,0.729936576,938.7876917,0,729936576,0,938,7876917,3,2019-02-11 00:00:00.0000000,2018-11-12 00:00:00.0000000,4,2020-07-08 00:00:00.0000000,2019-10-02 00:00:00.0000000,,0,0,1
40,551600,0.998005959,79871.44339,0,998005959,0,79871,44339,65,2019-09-24 00:00:00.0000000,2018-10-08 00:00:00.0000000,55,2020-09-21 00:00:00.0000000,2019-10-01 00:00:00.0000000,,0,0,1
40,580317,0.932456092,209.855481,0,932456092,0,209,855481,4,2019-06-10 00:00:00.0000000,2018-12-28 00:00:00.0000000,5,2020-08-25 00:00:00.0000000,2020-06-09 00:00:00.0000000,,0,0,1
40,684849,0.635320595,0,0,635320595,0,0,1,2018-11-27 00:00:00.0000000,2018-11-27 00:00:00.0000000,12,2020-08-03 00:00:00.0000000,2019-11-21 00:00:00.0000000,NULL,0,,0,1
40,660745,0.959183316,4318.846684,0,959183316,0,4318,846684,4,2019-08-01 00:00:00.0000000,2019-03-20 00:00:00.0000000,NULL,NULL,NULL,,1,1,1
40,696230,0.992634514,9902.056611,0,992634514,0,9902,56611,8,2019-09-20 00:00:00.0000000,2018-12-10 00:00:00.0000000,13,2020-07-01 00:00:00.0000000,2019-10-11 00:00:00.0000000,,0,0,1
40,725899,0.658593607,0,0,658593607,0,0,1,2019-01-18 00:00:00.0000000,2019-01-18 00:00:00.0000000,NULL,NULL,NULL,X,1,,1,1
40,670013,0.982461165,1647.144439,0,982461165,0,1647,144439,7,2019-08-21 00:00:00.0000000,2018-12-26 00:00:00.0000000,4,2020-09-30 00:00:00.0000000,2020-01-13 00:00:00.0000000,,0,0,1
40,432674,0.700407368,2195.356551,0,700407368,0,2195,356551,5,2019-03-29 00:00:00.0000000,2018-11-14 00:00:00.0000000,2,2020-06-22 00:00:00.0000000,2020-06-12 00:00:00.0000000,,0,0,1
40,722299,0.491270417,652.6542294,0,491270417,1,652,6542294,6,2019-02-27 00:00:00.0000000,2018-10-04 00:00:00.0000000,6,2020-02-14 00:00:00.0000000,2019-10-23 00:00:00.0000000,,0,0,1
40,596426,0.97383505,34.76860729,0,97383505,0,34,76860729,2,2019-09-26 00:00:00.0000000,2019-01-08 00:00:00.0000000,2,2020-06-17 00:00:00.0000000,2020-05-28 00:00:00.0000000,,0,0,1
40,670049,0.985034006,8882.719538,0,985034006,0,8882,719538,10,2019-08-29 00:00:00.0000000,2019-01-09 00:00:00.0000000,15,2020-08-26 00:00:00.0000000,2019-10-07 00:00:00.0000000,,0,0,1
40,607933,0.985674286,6866.472409,0,985674286,0,6866,472409,10,2019-08-22 00:00:00.0000000,2018-10-30 00:00:00.0000000,5,2020-08-05 00:00:00.0000000,2019-10-23 00:00:00.0000000,,0,0,1
40,426732,0.999662485,95135.53574,0,999662485,0,95135,53574,131,2019-09-30 00:00:00.0000000,2018-10-15 00:00:00.0000000,140,2020-09-30 00:00:00.0000000,2019-10-08 00:00:00.0000000,,0,0,1
40,435240,0.979722984,19077.68806,0,979722984,0,19077,68806,19,2019-08-21 00:00:00.0000000,2018-10-09 00:00:00.0000000,10,2020-09-16 00:00:00.0000000,2019-11-05 00:00:00.0000000,,0,0,1
40,435693,0.626837845,0,0,626837845,0,0,1,2018-11-06 00:00:00.0000000,2018-11-06 00:00:00.0000000,1,2020-03-11 00:00:00.0000000,2020-03-11 00:00:00.0000000,NULL,0,,0,1
40,648448,0.996527226,118385.6896,0,996527226,0,118385,6896,26,2019-09-20 00:00:00.0000000,2018-10-05 00:00:00.0000000,22,2020-09-09 00:00:00.0000000,2019-10-04 00:00:00.0000000,,0,0,1
40,686438,0.959406739,12607.26345,0,959406739,0,12607,26345,5,2019-07-01 00:00:00.0000000,2018-11-16 00:00:00.0000000,1,2020-06-22 00:00:00.0000000,2020-06-22 00:00:00.0000000,,0,0,1
40,436398,0.999807098,171256.6792,0,999807098,0,171256,6792,229,2019-09-30 00:00:00.0000000,2018-10-01 00:00:00.0000000,206,2020-09-30 00:00:00.0000000,2019-10-01 00:00:00.0000000,,0,0,1
40,708508,0.441447502,1010.82032,0,441447502,1,1010,82032,16,2019-06-04 00:00:00.0000000,2018-10-08 00:00:00.0000000,1,2019-11-07 00:00:00.0000000,2019-11-07 00:00:00.0000000,,0,0,1
40,678144,0.942365761,991.9275817,0,942365761,0,991,9275817,4,2019-05-28 00:00:00.0000000,2018-10-31 00:00:00.0000000,3,2020-09-22 00:00:00.0000000,2019-11-20 00:00:00.0000000,,0,0,1
40,552320,0.987014327,1709.209456,0,987014327,0,1709,209456,6,2019-09-06 00:00:00.0000000,2019-01-14 00:00:00.0000000,5,2020-09-29 00:00:00.0000000,2020-03-17 00:00:00.0000000,,0,0,1
40,428215,0.991815818,12108.38763,0,991815818,0,12108,38763,6,2019-09-26 00:00:00.0000000,2018-10-02 00:00:00.0000000,6,2020-08-07 00:00:00.0000000,2019-11-11 00:00:00.0000000,,0,0,1
40,739294,0.194399879,113.4709977,0,194399879,1,113,4709977,2,2018-11-28 00:00:00.0000000,2018-11-22 00:00:00.0000000,NULL,NULL,NULL,,1,1,1
40,743708,0.952122504,410.3734131,0,952122504,0,410,3734131,3,2019-06-07 00:00:00.0000000,2018-11-15 00:00:00.0000000,3,2020-04-23 00:00:00.0000000,2020-01-10 00:00:00.0000000,,0,0,1
40,667824,0.928540042,6733.054112,0,928540042,0,6733,54112,19,2019-07-31 00:00:00.0000000,2018-10-15 00:00:00.0000000,8,2020-04-02 00:00:00.0000000,2019-10-16 00:00:00.0000000,,0,0,1
40,710217,0.260610877,184.6522054,0,260610877,1,184,6522054,6,2019-02-05 00:00:00.0000000,2018-10-09 00:00:00.0000000,NULL,NULL,NULL,,1,1,1
40,553566,0.657150764,0,0,657150764,0,0,1,2019-01-15 00:00:00.0000000,2019-01-15 00:00:00.0000000,1,2019-12-09 00:00:00.0000000,2019-12-09 00:00:00.0000000,NULL,0,,0,1
40,423784,0.999748917,1983952.332,0,999748917,0,1983952,332,176,2019-09-30 00:00:00.0000000,2018-10-01 00:00:00.0000000,149,2020-09-30 00:00:00.0000000,2019-10-01 00:00:00.0000000,,0,0,1
40,659466,0.672227546,0,0,672227546,0,0,1,2019-02-14 00:00:00.0000000,2019-02-14 00:00:00.0000000,NULL,NULL,NULL,NULL,1,,1,1
40,732505,0.978928009,159211.2008,0,978928009,0,159211,2008,39,2019-09-04 00:00:00.0000000,2018-10-17 00:00:00.0000000,12,2020-03-13 00:00:00.0000000,2019-10-28 00:00:00.0000000,,0,0,1
40,604920,0.995265946,55089.82003,0,995265946,0,55089,82003,64,2019-09-19 00:00:00.0000000,2018-10-03 00:00:00.0000000,35,2020-09-24 00:00:00.0000000,2019-10-03 00:00:00.0000000,,0,0,1
40,659358,0.965521746,1978.180496,0,965521746,0,1978,180496,3,2019-07-23 00:00:00.0000000,2019-01-15 00:00:00.0000000,NULL,NULL,NULL,,1,1,1
40,422132,0.99967964,342031.7679,0,99967964,0,342031,7679,138,2019-09-30 00:00:00.0000000,2018-10-01 00:00:00.0000000,108,2020-09-30 00:00:00.0000000,2019-10-02 00:00:00.0000000,,0,0,1
40,634942,0.980443624,25873.14333,0,980443624,0,25873,14333,34,2019-09-03 00:00:00.0000000,2018-10-25 00:00:00.0000000,39,2020-09-17 00:00:00.0000000,2019-10-10 00:00:00.0000000,,0,0,1
40,737969,0.998958957,1669572.626,0,998958957,0,1669572,626,85,2019-09-27 00:00:00.0000000,2018-10-04 00:00:00.0000000,101,2020-09-29 00:00:00.0000000,2019-10-01 00:00:00.0000000,,0,0,1
40,436556,0.998559874,1924189.86,0,998559874,0,1924189,86,44,2019-09-27 00:00:00.0000000,2018-10-03 00:00:00.0000000,78,2020-09-30 00:00:00.0000000,2019-10-01 00:00:00.0000000,,0,0,1
40,692070,0.237347049,428.0643187,0,237347049,1,428,643187,2,2019-03-18 00:00:00.0000000,2019-03-15 00:00:00.0000000,4,2020-09-22 00:00:00.0000000,2019-11-19 00:00:00.0000000,,0,0,1
40,428343,0.999806251,1860629.359,0,999806251,0,1860629,359,228,2019-09-30 00:00:00.0000000,2018-10-02 00:00:00.0000000,201,2020-09-30 00:00:00.0000000,2019-10-01 00:00:00.0000000,,0,0,1
40,739335,0.632848723,0,0,632848723,0,0,1,2018-11-21 00:00:00.0000000,2018-11-21 00:00:00.0000000,NULL,NULL,NULL,NULL,1,,1,1
40,586656,0.256715392,1841.049902,0,256715392,1,1841,49902,10,2019-04-10 00:00:00.0000000,2018-10-19 00:00:00.0000000,22,2020-09-28 00:00:00.0000000,2019-10-31 00:00:00.0000000,,0,0,1
40,705819,0.152199234,148.4440803,0,152199234,1,148,4440803,2,2019-02-19 00:00:00.0000000,2019-02-18 00:00:00.0000000,NULL,NULL,NULL,,1,1,1
40,708240,0.998013391,21323.17555,0,998013391,0,21323,17555,32,2019-09-26 00:00:00.0000000,2018-10-16 00:00:00.0000000,13,2019-12-19 00:00:00.0000000,2019-10-08 00:00:00.0000000,,0,0,1
40,699660,0.389181777,3428.501655,0,389181777,1,3428,501655,3,2019-05-03 00:00:00.0000000,2019-04-09 00:00:00.0000000,3,2020-03-25 00:00:00.0000000,2019-11-15 00:00:00.0000000,,0,0,1
40,742060,0.759220478,3554.057631,0,759220478,0,3554,57631,2,2019-04-24 00:00:00.0000000,2019-03-21 00:00:00.0000000,2,2020-07-08 00:00:00.0000000,2020-07-01 00:00:00.0000000,,0,0,1
40,465358,0.989820274,6926.258118,0,989820274,0,6926,258118,19,2019-09-02 00:00:00.0000000,2018-10-04 00:00:00.0000000,13,2020-07-02 00:00:00.0000000,2019-10-29 00:00:00.0000000,,0,0,1
40,749564,0.741991888,0,0,741991888,0,0,1,2019-05-31 00:00:00.0000000,2019-05-31 00:00:00.0000000,NULL,NULL,NULL,NULL,1,,1,1
40,427166,0.997594323,21090.80803,0,997594323,0,21090,80803,38,2019-09-23 00:00:00.0000000,2018-10-04 00:00:00.0000000,31,2020-07-14 00:00:00.0000000,2019-10-07 00:00:00.0000000,,0,0,1
40,588689,0.979834087,1316.366078,0,979834087,0,1316,366078,5,2019-08-12 00:00:00.0000000,2018-11-29 00:00:00.0000000,10,2020-09-28 00:00:00.0000000,2020-02-26 00:00:00.0000000,,0,0,1
40,742820,0.630818813,0,0,630818813,0,0,1,2018-11-16 00:00:00.0000000,2018-11-16 00:00:00.0000000,NULL,NULL,NULL,NULL,1,,1,1
40,526059,0.741156892,0,0,741156892,0,0,1,2019-05-30 00:00:00.0000000,2019-05-30 00:00:00.0000000,NULL,NULL,NULL,NULL,1,,1,1
40,424288,0.698674463,0,0,698674463,0,0,1,2019-04-01 00:00:00.0000000,2019-04-01 00:00:00.0000000,2,2019-11-27 00:00:00.0000000,2019-11-05 00:00:00.0000000,NULL,0,,0,1
40,750804,0.780051571,0,0,780051571,0,0,1,2019-07-10 00:00:00.0000000,2019-07-10 00:00:00.0000000,7,2020-09-08 00:00:00.0000000,2019-11-12 00:00:00.0000000,NULL,0,,0,1
40,684962,0.996724155,6146.878184,0,996724155,0,6146,878184,20,2019-09-23 00:00:00.0000000,2018-10-10 00:00:00.0000000,30,2020-09-25 00:00:00.0000000,2019-11-04 00:00:00.0000000,,0,0,1
40,674738,0.997225474,26649.90579,0,997225474,0,26649,90579,19,2019-09-27 00:00:00.0000000,2018-10-30 00:00:00.0000000,25,2020-09-18 00:00:00.0000000,2019-10-03 00:00:00.0000000,,0,0,1
40,434831,0.989440262,1522.857439,0,989440262,0,1522,857439,7,2019-09-05 00:00:00.0000000,2018-10-17 00:00:00.0000000,3,2020-09-22 00:00:00.0000000,2020-06-26 00:00:00.0000000,,0,0,1
40,707435,0.972791443,6694.8429,0,972791443,0,6694,8429,18,2019-09-05 00:00:00.0000000,2019-03-26 00:00:00.0000000,20,2020-08-18 00:00:00.0000000,2019-10-10 00:00:00.0000000,,0,0,1
40,597355,0.995995295,7894.352421,0,995995295,0,7894,352421,13,2019-09-26 00:00:00.0000000,2018-10-22 00:00:00.0000000,16,2020-09-04 00:00:00.0000000,2019-10-03 00:00:00.0000000,,0,0,1
40,676586,0.417131924,5021.058793,0,417131924,1,5021,58793,10,2019-04-17 00:00:00.0000000,2018-10-03 00:00:00.0000000,39,2020-09-25 00:00:00.0000000,2019-11-29 00:00:00.0000000,,0,0,1
40,650994,0.318010826,188.6706103,0,318010826,1,188,6706103,7,2019-02-25 00:00:00.0000000,2018-10-01 00:00:00.0000000,6,2020-07-30 00:00:00.0000000,2020-02-18 00:00:00.0000000,,0,0,1
40,463691,0.990359374,116564.0357,0,990359374,0,116564,357,76,2019-09-17 00:00:00.0000000,2018-10-16 00:00:00.0000000,53,2020-09-29 00:00:00.0000000,2019-10-03 00:00:00.0000000,,0,0,1
40,601091,0.704273941,143610.258,0,704273941,0,143610,258,14,2019-06-19 00:00:00.0000000,2018-10-30 00:00:00.0000000,4,2020-08-13 00:00:00.0000000,2020-01-24 00:00:00.0000000,,0,0,1
40,725739,0.999807937,1371063.158,0,999807937,0,1371063,158,230,2019-09-30 00:00:00.0000000,2018-10-02 00:00:00.0000000,196,2020-09-30 00:00:00.0000000,2019-10-01 00:00:00.0000000,,0,0,1
40,435225,0.999744556,192926.1806,0,999744556,0,192926,1806,173,2019-09-30 00:00:00.0000000,2018-10-01 00:00:00.0000000,163,2020-09-30 00:00:00.0000000,2019-10-01 00:00:00.0000000,,0,0,1
40,590448,0.901212946,0,0,901212946,0,0,1,2019-09-20 00:00:00.0000000,2019-09-20 00:00:00.0000000,1,2019-10-02 00:00:00.0000000,2019-10-02 00:00:00.0000000,NULL,0,,0,1
40,657454,0.313451031,258.9684705,0,313451031,1,258,9684705,3,2018-11-21 00:00:00.0000000,2018-10-04 00:00:00.0000000,2,2019-11-07 00:00:00.0000000,2019-11-06 00:00:00.0000000,,0,0,1
40,588414,0.658158889,2330.133595,0,658158889,0,2330,133595,2,2019-03-27 00:00:00.0000000,2019-03-01 00:00:00.0000000,NULL,NULL,NULL,,1,1,1
40,431435,0.99736191,14136.04226,0,99736191,0,14136,4226,17,2019-09-30 00:00:00.0000000,2018-10-19 00:00:00.0000000,14,2020-09-29 00:00:00.0000000,2019-10-15 00:00:00.0000000,,0,0,1
40,647457,0.941657534,1538.197357,0,941657534,0,1538,197357,3,2019-06-18 00:00:00.0000000,2019-01-22 00:00:00.0000000,3,2020-02-11 00:00:00.0000000,2019-10-28 00:00:00.0000000,,0,0,1
40,423606,0.998284324,60665.76348,0,998284324,0,60665,76348,41,2019-09-26 00:00:00.0000000,2018-10-17 00:00:00.0000000,50,2020-09-24 00:00:00.0000000,2019-10-02 00:00:00.0000000,,0,0,1
40,710376,0.947057766,966.2343745,0,947057766,0,966,2343745,2,2019-05-22 00:00:00.0000000,2018-10-30 00:00:00.0000000,3,2020-06-08 00:00:00.0000000,2019-11-12 00:00:00.0000000,,0,0,1
40,475242,0.992202807,4604.170112,0,992202807,0,4604,170112,7,2019-09-24 00:00:00.0000000,2019-02-19 00:00:00.0000000,1,2020-02-28 00:00:00.0000000,2020-02-28 00:00:00.0000000,,0,0,1
40,423643,0.993069826,2826.054293,0,993069826,0,2826,54293,12,2019-09-11 00:00:00.0000000,2018-10-04 00:00:00.0000000,16,2020-09-21 00:00:00.0000000,2019-10-24 00:00:00.0000000,,0,0,1
40,423963,0.958862431,5276.112841,0,958862431,0,5276,112841,16,2019-08-06 00:00:00.0000000,2018-10-29 00:00:00.0000000,13,2020-09-22 00:00:00.0000000,2019-10-14 00:00:00.0000000,,0,0,1
40,700355,0.956678065,1526.907944,0,956678065,0,1526,907944,4,2019-06-25 00:00:00.0000000,2018-11-29 00:00:00.0000000,2,2020-07-24 00:00:00.0000000,2020-06-02 00:00:00.0000000,,0,0,1
40,704406,0.990546283,16219.68373,0,990546283,0,16219,68373,35,2019-09-11 00:00:00.0000000,2018-11-05 00:00:00.0000000,24,2020-09-30 00:00:00.0000000,2019-10-16 00:00:00.0000000,,0,0,1
40,427099,0.931946948,3252.318885,0,931946948,0,3252,318885,10,2019-07-04 00:00:00.0000000,2018-10-22 00:00:00.0000000,3,2020-05-25 00:00:00.0000000,2019-11-15 00:00:00.0000000,,0,0,1
40,672889,0.990971104,5037.039701,0,990971104,0,5037,39701,6,2019-09-20 00:00:00.0000000,2018-10-18 00:00:00.0000000,3,2020-06-12 00:00:00.0000000,2020-03-13 00:00:00.0000000,,0,0,1
40,702198,0.983335193,1354.256398,0,983335193,0,1354,256398,3,2019-09-27 00:00:00.0000000,2019-01-15 00:00:00.0000000,12,2020-09-22 00:00:00.0000000,2020-01-07 00:00:00.0000000,,0,0,1
40,594790,0.668575007,0,0,668575007,0,0,1,2019-02-07 00:00:00.0000000,2019-02-07 00:00:00.0000000,NULL,NULL,NULL,NULL,1,,1,1
40,710149,0.96480792,30838.57175,0,96480792,0,30838,57175,2,2019-09-17 00:00:00.0000000,2019-07-30 00:00:00.0000000,8,2020-07-10 00:00:00.0000000,2019-10-09 00:00:00.0000000,,0,0,1
40,750939,0.96119438,7880.933654,0,96119438,0,7880,933654,4,2019-09-16 00:00:00.0000000,2019-08-19 00:00:00.0000000,5,2020-09-02 00:00:00.0000000,2019-11-25 00:00:00.0000000,,0,0,1
40,675904,0.996320899,14400.7377,0,996320899,0,14400,7377,24,2019-09-20 00:00:00.0000000,2018-10-22 00:00:00.0000000,15,2020-08-07 00:00:00.0000000,2019-10-08 00:00:00.0000000,,0,0,1
40,436010,0.999582676,220684.8962,0,999582676,0,220684,8962,106,2019-09-30 00:00:00.0000000,2018-10-01 00:00:00.0000000,72,2020-09-21 00:00:00.0000000,2019-10-04 00:00:00.0000000,,0,0,1
40,433749,0.994501231,9864.043273,0,994501231,0,9864,43273,15,2019-09-16 00:00:00.0000000,2018-10-30 00:00:00.0000000,27,2020-09-09 00:00:00.0000000,2019-10-10 00:00:00.0000000,,0,0,1
40,655762,0.663503291,0,0,663503291,0,0,1,2019-01-28 00:00:00.0000000,2019-01-28 00:00:00.0000000,NULL,NULL,NULL,NULL,1,,1,1
40,430213,0.996400373,28112.62595,0,996400373,0,28112,62595,34,2019-09-19 00:00:00.0000000,2018-10-02 00:00:00.0000000,36,2020-09-24 00:00:00.0000000,2019-10-28 00:00:00.0000000,,0,0,1
40,433497,0.998591487,60812.16257,0,998591487,0,60812,16257,46,2019-09-27 00:00:00.0000000,2018-10-09 00:00:00.0000000,70,2020-09-25 00:00:00.0000000,2019-10-16 00:00:00.0000000,,0,0,1
40,688493,0.996106997,4539.159291,0,996106997,0,4539,159291,14,2019-09-25 00:00:00.0000000,2018-10-16 00:00:00.0000000,8,2020-03-25 00:00:00.0000000,2019-10-08 00:00:00.0000000,,0,0,1
40,558839,0.813145709,0,0,813145709,0,0,1,2019-08-06 00:00:00.0000000,2019-08-06 00:00:00.0000000,NULL,NULL,NULL,NULL,1,,1,1
40,638424,0.996081402,17102.5391,0,996081402,0,17102,5391,31,2019-09-18 00:00:00.0000000,2018-10-01 00:00:00.0000000,33,2020-09-10 00:00:00.0000000,2019-10-03 00:00:00.0000000,,0,0,1
40,674833,0.999446577,42954.32207,0,999446577,0,42954,32207,80,2019-09-30 00:00:00.0000000,2018-10-03 00:00:00.0000000,101,2020-09-30 00:00:00.0000000,2019-10-07 00:00:00.0000000,,0,0,1
40,425324,0.90443882,2757.412033,0,90443882,0,2757,412033,9,2019-06-21 00:00:00.0000000,2018-11-02 00:00:00.0000000,6,2020-07-21 00:00:00.0000000,2019-11-11 00:00:00.0000000,,0,0,1
40,427156,0.32389693,331.4096282,0,32389693,1,331,4096282,4,2019-02-19 00:00:00.0000000,2018-12-19 00:00:00.0000000,3,2019-10-14 00:00:00.0000000,2019-10-08 00:00:00.0000000,,0,0,1
40,651057,0.619547605,0,0,619547605,0,0,1,2018-10-18 00:00:00.0000000,2018-10-18 00:00:00.0000000,NULL,NULL,NULL,NULL,1,,1,1
40,649611,0.809352026,15610.73204,0,809352026,0,15610,73204,20,2019-07-18 00:00:00.0000000,2018-10-22 00:00:00.0000000,1,2020-06-22 00:00:00.0000000,2020-06-22 00:00:00.0000000,,0,0,1
40,684756,0.996532635,27332.81433,0,996532635,0,27332,81433,13,2019-09-30 00:00:00.0000000,2018-11-19 00:00:00.0000000,11,2020-09-25 00:00:00.0000000,2019-11-19 00:00:00.0000000,,0,0,1
40,733095,0.993316998,8802.687921,0,993316998,0,8802,687921,8,2019-09-23 00:00:00.0000000,2018-11-02 00:00:00.0000000,10,2020-09-21 00:00:00.0000000,2019-10-30 00:00:00.0000000,,0,0,1
40,747118,0.682039561,0,0,682039561,0,0,1,2019-03-04 00:00:00.0000000,2019-03-04 00:00:00.0000000,NULL,NULL,NULL,NULL,1,,1,1
40,678904,0.68430801,0,0,68430801,0,0,1,2019-03-08 00:00:00.0000000,2019-03-08 00:00:00.0000000,NULL,NULL,NULL,NULL,1,,1,1
40,589154,0.657150764,0,0,657150764,0,0,1,2019-01-15 00:00:00.0000000,2019-01-15 00:00:00.0000000,1,2019-10-16 00:00:00.0000000,2019-10-16 00:00:00.0000000,X,0,,0,1
40,743062,0.629613634,0,0,629613634,0,0,1,2018-11-13 00:00:00.0000000,2018-11-13 00:00:00.0000000,NULL,NULL,NULL,NULL,1,,1,1
40,613135,0.643859903,0,0,643859903,0,0,1,2018-12-17 00:00:00.0000000,2018-12-17 00:00:00.0000000,4,2020-03-02 00:00:00.0000000,2019-10-23 00:00:00.0000000,NULL,0,,0,1
40,424886,0.62449796,0,0,62449796,0,0,1,2018-10-31 00:00:00.0000000,2018-10-31 00:00:00.0000000,NULL,NULL,NULL,NULL,1,,1,1
40,423725,0.89703162,1259.740108,0,89703162,0,1259,740108,5,2019-05-06 00:00:00.0000000,2018-10-23 00:00:00.0000000,7,2020-09-07 00:00:00.0000000,2019-11-20 00:00:00.0000000,,0,0,1
40,425966,0.798528912,18454.1663,0,798528912,0,18454,1663,13,2019-06-19 00:00:00.0000000,2018-10-15 00:00:00.0000000,12,2020-09-16 00:00:00.0000000,2019-10-31 00:00:00.0000000,,0,0,1
40,705755,0.73688691,1160.718884,0,73688691,0,1160,718884,3,2019-04-03 00:00:00.0000000,2019-01-22 00:00:00.0000000,2,2020-04-21 00:00:00.0000000,2020-02-28 00:00:00.0000000,,0,0,1
40,742784,0.900025401,1458.834823,0,900025401,0,1458,834823,2,2019-03-22 00:00:00.0000000,2018-11-22 00:00:00.0000000,NULL,NULL,NULL,,1,1,1
40,432868,0.998836379,149958.2169,0,998836379,0,149958,2169,64,2019-09-27 00:00:00.0000000,2018-10-03 00:00:00.0000000,46,2020-09-30 00:00:00.0000000,2019-10-02 00:00:00.0000000,,0,0,1
40,704540,0.688360532,0,0,688360532,0,0,1,2019-03-15 00:00:00.0000000,2019-03-15 00:00:00.0000000,NULL,NULL,NULL,NULL,1,,1,1
40,579457,0.960923716,1609.299306,0,960923716,0,1609,299306,2,2019-07-22 00:00:00.0000000,2018-12-24 00:00:00.0000000,NULL,NULL,NULL,,1,1,1
40,421915,0.993945094,7154.648719,0,993945094,0,7154,648719,9,2019-09-23 00:00:00.0000000,2018-11-06 00:00:00.0000000,15,2020-09-24 00:00:00.0000000,2019-10-11 00:00:00.0000000,,0,0,1
40,421740,0.993849928,2520.00361,0,993849928,0,2520,361,10,2019-09-19 00:00:00.0000000,2018-10-22 00:00:00.0000000,23,2020-09-25 00:00:00.0000000,2019-10-03 00:00:00.0000000,,0,0,1
40,605314,0.215784798,1706.552143,0,215784798,1,1706,552143,7,2019-02-15 00:00:00.0000000,2018-10-04 00:00:00.0000000,6,2020-06-08 00:00:00.0000000,2019-12-31 00:00:00.0000000,,0,0,1
40,522428,0.962809069,3700.475223,0,962809069,0,3700,475223,10,2019-07-18 00:00:00.0000000,2018-10-02 00:00:00.0000000,5,2020-08-10 00:00:00.0000000,2019-12-04 00:00:00.0000000,,0,0,1
40,432807,0.214366401,120.8602926,0,214366401,1,120,8602926,8,2019-03-11 00:00:00.0000000,2018-10-18 00:00:00.0000000,NULL,NULL,NULL,,1,1,1
40,659933,0.773659798,0,0,773659798,0,0,1,2019-07-04 00:00:00.0000000,2019-07-04 00:00:00.0000000,2,2020-08-28 00:00:00.0000000,2020-07-16 00:00:00.0000000,NULL,0,,0,1
40,637754,0.99080551,11923.04132,0,99080551,0,11923,4132,14,2019-09-05 00:00:00.0000000,2018-11-07 00:00:00.0000000,6,2020-07-10 00:00:00.0000000,2019-11-28 00:00:00.0000000,,0,0,1
40,745549,0.740326584,0,0,740326584,0,0,1,2019-05-29 00:00:00.0000000,2019-05-29 00:00:00.0000000,NULL,NULL,NULL,NULL,1,,1,1
40,717149,0.922661195,5273.549588,0,922661195,0,5273,549588,8,2019-06-18 00:00:00.0000000,2018-10-23 00:00:00.0000000,2,2020-05-21 00:00:00.0000000,2020-01-28 00:00:00.0000000,,0,0,1
40,724229,0.502387288,1545.669486,0,502387288,0,1545,669486,8,2019-04-02 00:00:00.0000000,2018-10-05 00:00:00.0000000,NULL,NULL,NULL,,1,1,1
40,578438,0.818635406,1533.524176,0,818635406,0,1533,524176,3,2019-03-25 00:00:00.0000000,2018-12-14 00:00:00.0000000,NULL,NULL,NULL,,1,1,1
40,581438,0.912077939,1930.823439,0,912077939,0,1930,823439,6,2019-05-21 00:00:00.0000000,2018-10-09 00:00:00.0000000,3,2020-07-01 00:00:00.0000000,2019-10-14 00:00:00.0000000,,0,0,1
40,599127,0.879556828,0,0,879556828,0,0,1,2019-09-12 00:00:00.0000000,2019-09-12 00:00:00.0000000,NULL,NULL,NULL,NULL,1,,1,1
40,697080,0.713151852,0,0,713151852,0,0,1,2019-04-23 00:00:00.0000000,2019-04-23 00:00:00.0000000,NULL,NULL,NULL,NULL,1,,1,1
40,726762,0.994755761,10354.04531,0,994755761,0,10354,4531,16,2019-09-18 00:00:00.0000000,2018-12-07 00:00:00.0000000,24,2020-09-16 00:00:00.0000000,2019-10-16 00:00:00.0000000,,0,0,1
40,742823,0.686031679,0,0,686031679,0,0,1,2019-03-11 00:00:00.0000000,2019-03-11 00:00:00.0000000,NULL,NULL,NULL,NULL,1,,1,1
40,430581,0.665007307,0,0,665007307,0,0,1,2019-01-31 00:00:00.0000000,2019-01-31 00:00:00.0000000,3,2020-09-30 00:00:00.0000000,2019-11-14 00:00:00.0000000,NULL,0,,0,1
40,432014,0.969519997,2297.820538,0,969519997,0,2297,820538,3,2019-07-16 00:00:00.0000000,2018-10-31 00:00:00.0000000,1,2020-02-21 00:00:00.0000000,2020-02-21 00:00:00.0000000,,0,0,1
40,705816,0.974750511,15413.73246,0,974750511,0,15413,73246,25,2019-08-23 00:00:00.0000000,2018-10-03 00:00:00.0000000,22,2020-07-01 00:00:00.0000000,2019-10-09 00:00:00.0000000,,0,0,1
40,655029,0.715237734,0,0,715237734,0,0,1,2019-04-26 00:00:00.0000000,2019-04-26 00:00:00.0000000,1,2019-11-06 00:00:00.0000000,2019-11-06 00:00:00.0000000,NULL,0,,0,1
40,714692,0.985571357,857.2651685,0,985571357,0,857,2651685,4,2019-09-10 00:00:00.0000000,2018-10-05 00:00:00.0000000,1,2019-12-23 00:00:00.0000000,2019-12-23 00:00:00.0000000,,0,0,1
40,435136,0.998138559,22494.48417,0,998138559,0,22494,48417,42,2019-09-25 00:00:00.0000000,2018-10-02 00:00:00.0000000,38,2020-09-21 00:00:00.0000000,2019-10-08 00:00:00.0000000,,0,0,1
40,423367,0.994765561,4945.343082,0,994765561,0,4945,343082,13,2019-09-18 00:00:00.0000000,2018-10-01 00:00:00.0000000,2,2020-06-23 00:00:00.0000000,2020-03-26 00:00:00.0000000,,0,0,1
40,576831,0.966663322,3075.60351,0,966663322,0,3075,60351,7,2019-08-01 00:00:00.0000000,2019-01-10 00:00:00.0000000,11,2020-07-29 00:00:00.0000000,2019-10-18 00:00:00.0000000,,0,0,1
40,658085,0.97788959,626.9736386,0,97788959,0,626,9736386,3,2019-09-05 00:00:00.0000000,2019-03-06 00:00:00.0000000,4,2020-09-30 00:00:00.0000000,2020-02-18 00:00:00.0000000,,0,0,1
40,718588,0.933995788,602.4586372,0,933995788,0,602,4586372,2,2019-05-03 00:00:00.0000000,2018-11-21 00:00:00.0000000,1,2019-12-16 00:00:00.0000000,2019-12-16 00:00:00.0000000,,0,0,1
40,677544,0.62257499,0,0,62257499,0,0,1,2018-10-26 00:00:00.0000000,2018-10-26 00:00:00.0000000,NULL,NULL,NULL,NULL,1,,1,1
40,678197,0.914289906,0,0,914289906,0,0,1,2019-09-24 00:00:00.0000000,2019-09-24 00:00:00.0000000,NULL,NULL,NULL,NULL,1,,1,1
40,578157,0.816217186,972.4594894,0,816217186,0,972,4594894,2,2019-09-02 00:00:00.0000000,2019-08-30 00:00:00.0000000,10,2020-08-13 00:00:00.0000000,2019-10-02 00:00:00.0000000,,0,0,1
40,587809,0.998159624,8061.392091,0,998159624,0,8061,392091,31,2019-09-27 00:00:00.0000000,2018-10-01 00:00:00.0000000,22,2020-09-28 00:00:00.0000000,2019-10-23 00:00:00.0000000,,0,0,1
40,668650,0.99750796,12025.61246,0,99750796,0,12025,61246,25,2019-09-25 00:00:00.0000000,2018-10-02 00:00:00.0000000,14,2020-04-29 00:00:00.0000000,2019-10-16 00:00:00.0000000,,0,0,1
40,694446,0.997298951,10074.94491,0,997298951,0,10074,94491,31,2019-09-23 00:00:00.0000000,2018-10-30 00:00:00.0000000,27,2020-09-21 00:00:00.0000000,2019-10-08 00:00:00.0000000,,0,0,1
40,686417,0.998140278,9063.314175,0,998140278,0,9063,314175,24,2019-09-30 00:00:00.0000000,2018-10-01 00:00:00.0000000,17,2020-09-21 00:00:00.0000000,2019-10-02 00:00:00.0000000,,0,0,1
40,422656,0.998342313,7421.236992,0,998342313,0,7421,236992,36,2019-09-27 00:00:00.0000000,2018-10-08 00:00:00.0000000,23,2020-06-12 00:00:00.0000000,2019-10-15 00:00:00.0000000,,0,0,1
40,581879,0.963484218,661.9287492,0,963484218,0,661,9287492,2,2019-09-10 00:00:00.0000000,2019-07-03 00:00:00.0000000,NULL,NULL,NULL,,1,1,1
40,747476,0.980406702,1298.492768,0,980406702,0,1298,492768,3,2019-09-18 00:00:00.0000000,2019-04-25 00:00:00.0000000,2,2020-01-20 00:00:00.0000000,2020-01-13 00:00:00.0000000,,0,0,1
40,428489,0.996236906,116936.8917,0,996236906,0,116936,8917,12,2019-09-30 00:00:00.0000000,2018-10-23 00:00:00.0000000,13,2020-09-22 00:00:00.0000000,2019-10-21 00:00:00.0000000,,0,0,1
40,672620,0.997988522,12342.93898,0,997988522,0,12342,93898,36,2019-09-25 00:00:00.0000000,2018-10-05 00:00:00.0000000,40,2020-09-21 00:00:00.0000000,2019-10-21 00:00:00.0000000,,0,0,1
40,612814,0.999432336,727847.1991,0,999432336,0,727847,1991,78,2019-09-30 00:00:00.0000000,2018-10-04 00:00:00.0000000,56,2020-09-21 00:00:00.0000000,2019-10-10 00:00:00.0000000,,0,0,1
40,435281,0.987799886,15951.08436,0,987799886,0,15951,8436,6,2019-09-13 00:00:00.0000000,2019-03-08 00:00:00.0000000,16,2020-07-15 00:00:00.0000000,2019-10-17 00:00:00.0000000,,0,0,1
40,583733,0.998494993,29562.15613,0,998494993,0,29562,15613,51,2019-09-26 00:00:00.0000000,2018-10-01 00:00:00.0000000,52,2020-09-23 00:00:00.0000000,2019-10-04 00:00:00.0000000,,0,0,1
40,433407,0.997802124,724986.1492,0,997802124,0,724986,1492,25,2019-09-27 00:00:00.0000000,2018-10-17 00:00:00.0000000,12,2020-08-18 00:00:00.0000000,2019-10-14 00:00:00.0000000,,0,0,1
40,730419,0.912589519,2762.587756,0,912589519,0,2762,587756,7,2019-05-30 00:00:00.0000000,2018-10-04 00:00:00.0000000,2,2020-01-15 00:00:00.0000000,2019-12-05 00:00:00.0000000,,0,0,1
40,430907,0.99642914,11215.71011,0,99642914,0,11215,71011,22,2019-09-21 00:00:00.0000000,2018-10-24 00:00:00.0000000,20,2020-09-08 00:00:00.0000000,2019-11-07 00:00:00.0000000,,0,0,1
40,422345,0.999812826,2507231.309,0,999812826,0,2507231,309,236,2019-09-30 00:00:00.0000000,2018-10-01 00:00:00.0000000,223,2020-09-30 00:00:00.0000000,2019-10-01 00:00:00.0000000,,0,0,1
40,623022,0.998088438,14855.01584,0,998088438,0,14855,1584,34,2019-09-26 00:00:00.0000000,2018-10-16 00:00:00.0000000,25,2020-09-21 00:00:00.0000000,2019-10-01 00:00:00.0000000,,0,0,1
40,743621,0.98949615,332964.6086,0,98949615,0,332964,6086,13,2019-09-06 00:00:00.0000000,2018-12-28 00:00:00.0000000,NULL,NULL,NULL,,1,1,1
40,427828,0.999518979,41429.98907,0,999518979,0,41429,98907,92,2019-09-30 00:00:00.0000000,2018-10-03 00:00:00.0000000,90,2020-09-24 00:00:00.0000000,2019-10-14 00:00:00.0000000,,0,0,1
40,674768,0.998271563,2199951.571,0,998271563,0,2199951,571,102,2019-09-25 00:00:00.0000000,2018-10-02 00:00:00.0000000,97,2020-09-24 00:00:00.0000000,2019-10-02 00:00:00.0000000,,0,0,1
40,659457,0.89816952,7574.599726,0,89816952,0,7574,599726,31,2019-08-13 00:00:00.0000000,2018-10-11 00:00:00.0000000,10,2020-06-16 00:00:00.0000000,2019-10-08 00:00:00.0000000,,0,0,1
40,746018,0.992302706,1417.483142,0,992302706,0,1417,483142,7,2019-09-25 00:00:00.0000000,2019-03-14 00:00:00.0000000,8,2020-08-10 00:00:00.0000000,2019-10-09 00:00:00.0000000,,0,0,1
40,734639,0.996380493,16203.41841,0,996380493,0,16203,41841,30,2019-09-19 00:00:00.0000000,2018-10-02 00:00:00.0000000,37,2020-05-21 00:00:00.0000000,2019-10-21 00:00:00.0000000,,0,0,1
40,428282,0.999338754,27270.2132,0,999338754,0,27270,2132,67,2019-09-30 00:00:00.0000000,2018-10-02 00:00:00.0000000,69,2020-09-29 00:00:00.0000000,2019-10-07 00:00:00.0000000,,0,0,1
40,431114,0.992866354,15388.81537,0,992866354,0,15388,81537,23,2019-09-10 00:00:00.0000000,2018-10-16 00:00:00.0000000,42,2020-09-23 00:00:00.0000000,2019-10-18 00:00:00.0000000,,0,0,1
40,625783,0.715629553,18401.06481,0,715629553,0,18401,6481,15,2019-06-17 00:00:00.0000000,2018-10-03 00:00:00.0000000,21,2020-09-04 00:00:00.0000000,2019-10-23 00:00:00.0000000,,0,0,1
40,430677,0.996410337,13189.1081,0,996410337,0,13189,1081,33,2019-09-19 00:00:00.0000000,2018-10-01 00:00:00.0000000,40,2020-08-27 00:00:00.0000000,2019-10-16 00:00:00.0000000,,0,0,1
40,720927,0.992981741,18849.6446,0,992981741,0,18849,6446,22,2019-09-10 00:00:00.0000000,2018-10-15 00:00:00.0000000,10,2020-09-28 00:00:00.0000000,2019-10-15 00:00:00.0000000,,0,0,1
40,422435,0.999762436,419530.4951,0,999762436,0,419530,4951,186,2019-09-30 00:00:00.0000000,2018-10-01 00:00:00.0000000,162,2020-09-30 00:00:00.0000000,2019-10-01 00:00:00.0000000,,0,0,1
40,425843,0.995631591,16900.10639,0,995631591,0,16900,10639,35,2019-09-17 00:00:00.0000000,2018-10-02 00:00:00.0000000,12,2020-06-24 00:00:00.0000000,2019-10-18 00:00:00.0000000,,0,0,1
40,692203,0.638255662,0,0,638255662,0,0,1,2018-12-04 00:00:00.0000000,2018-12-04 00:00:00.0000000,NULL,NULL,NULL,NULL,1,,1,1
40,690353,0.995090633,2325.13526,0,995090633,0,2325,13526,10,2019-09-27 00:00:00.0000000,2018-10-08 00:00:00.0000000,7,2020-07-10 00:00:00.0000000,2019-10-08 00:00:00.0000000,,0,0,1
40,732158,0.717352843,0,0,717352843,0,0,1,2019-04-29 00:00:00.0000000,2019-04-29 00:00:00.0000000,1,2020-09-29 00:00:00.0000000,2020-09-29 00:00:00.0000000,NULL,0,,0,1
40,743054,0.641680169,0,0,641680169,0,0,1,2018-12-12 00:00:00.0000000,2018-12-12 00:00:00.0000000,5,2020-01-24 00:00:00.0000000,2019-12-13 00:00:00.0000000,NULL,0,,0,1
40,734164,0.634905843,0,0,634905843,0,0,1,2018-11-26 00:00:00.0000000,2018-11-26 00:00:00.0000000,NULL,NULL,NULL,NULL,1,,1,1
40,712744,0.994942456,7032.722573,0,994942456,0,7032,722573,10,2019-09-26 00:00:00.0000000,2018-10-19 00:00:00.0000000,10,2020-09-30 00:00:00.0000000,2019-10-21 00:00:00.0000000,,0,0,1
40,732467,0.77142164,563.770169,0,77142164,0,563,770169,3,2019-03-04 00:00:00.0000000,2018-11-30 00:00:00.0000000,2,2019-10-22 00:00:00.0000000,2019-10-09 00:00:00.0000000,,0,0,1
40,429465,0.996330183,13753.96404,0,996330183,0,13753,96404,15,2019-09-25 00:00:00.0000000,2018-10-11 00:00:00.0000000,3,2020-08-10 00:00:00.0000000,2019-10-17 00:00:00.0000000,,0,0,1
40,739552,0.987253592,13919.15375,0,987253592,0,13919,15375,4,2019-09-27 00:00:00.0000000,2019-05-14 00:00:00.0000000,7,2020-09-03 00:00:00.0000000,2019-10-24 00:00:00.0000000,,0,0,1
40,429771,0.648314359,0,0,648314359,0,0,1,2018-12-27 00:00:00.0000000,2018-12-27 00:00:00.0000000,NULL,NULL,NULL,NULL,1,,1,1
40,701941,0.703509781,203.1477735,0,703509781,0,203,1477735,2,2019-03-25 00:00:00.0000000,2019-02-21 00:00:00.0000000,4,2020-08-28 00:00:00.0000000,2019-11-29 00:00:00.0000000,,0,0,1
40,751931,0.861673364,0,0,861673364,0,0,1,2019-09-04 00:00:00.0000000,2019-09-04 00:00:00.0000000,19,2020-09-17 00:00:00.0000000,2019-10-07 00:00:00.0000000,NULL,0,,0,1
40,432792,0.997029687,1281.981607,0,997029687,0,1281,981607,22,2019-09-24 00:00:00.0000000,2018-10-29 00:00:00.0000000,27,2020-09-21 00:00:00.0000000,2019-10-21 00:00:00.0000000,,0,0,1
40,687326,0.995951437,6934.715518,0,995951437,0,6934,715518,24,2019-09-18 00:00:00.0000000,2018-10-03 00:00:00.0000000,13,2020-09-29 00:00:00.0000000,2019-10-14 00:00:00.0000000,,0,0,1
40,688490,0.984654608,4498.386676,0,984654608,0,4498,386676,7,2019-08-19 00:00:00.0000000,2018-10-29 00:00:00.0000000,7,2020-09-03 00:00:00.0000000,2020-01-29 00:00:00.0000000,,0,0,1
40,672715,0.995886028,6091.485002,0,995886028,0,6091,485002,11,2019-09-30 00:00:00.0000000,2018-10-16 00:00:00.0000000,7,2020-08-25 00:00:00.0000000,2019-10-17 00:00:00.0000000,,0,0,1
40,622137,0.999112685,64541.44979,0,999112685,0,64541,44979,50,2019-09-30 00:00:00.0000000,2018-10-04 00:00:00.0000000,65,2020-09-30 00:00:00.0000000,2019-10-02 00:00:00.0000000,,0,0,1
40,590148,0.999439547,74683.86645,0,999439547,0,74683,86645,79,2019-09-30 00:00:00.0000000,2018-10-03 00:00:00.0000000,85,2020-09-30 00:00:00.0000000,2019-10-02 00:00:00.0000000,,0,0,1
40,653239,0.981350327,3148.114742,0,981350327,0,3148,114742,3,2019-09-10 00:00:00.0000000,2018-10-05 00:00:00.0000000,2,2020-09-16 00:00:00.0000000,2020-02-03 00:00:00.0000000,,0,0,1
40,434507,0.971977676,1967.31414,0,971977676,0,1967,31414,13,2019-08-05 00:00:00.0000000,2018-10-10 00:00:00.0000000,13,2020-09-25 00:00:00.0000000,2020-01-03 00:00:00.0000000,,0,0,1
40,696097,0.989574036,30477.73696,0,989574036,0,30477,73696,10,2019-08-30 00:00:00.0000000,2018-10-02 00:00:00.0000000,29,2020-09-30 00:00:00.0000000,2019-10-09 00:00:00.0000000,,0,0,1
40,623852,0.729165003,0,0,729165003,0,0,1,2019-05-15 00:00:00.0000000,2019-05-15 00:00:00.0000000,NULL,NULL,NULL,NULL,1,,1,1
40,638302,0.994360479,20794.2199,0,994360479,0,20794,2199,9,2019-09-26 00:00:00.0000000,2018-11-26 00:00:00.0000000,5,2020-07-28 00:00:00.0000000,2019-11-04 00:00:00.0000000,,0,0,1
40,652607,0.991920822,2367.397294,0,991920822,0,2367,397294,10,2019-09-09 00:00:00.0000000,2018-10-15 00:00:00.0000000,8,2020-09-01 00:00:00.0000000,2020-04-14 00:00:00.0000000,,0,0,1
40,748521,0.780051571,0,0,780051571,0,0,1,2019-07-10 00:00:00.0000000,2019-07-10 00:00:00.0000000,3,2020-09-11 00:00:00.0000000,2019-12-12 00:00:00.0000000,NULL,0,,0,1
40,718750,0.543607847,349.8257268,0,543607847,0,349,8257268,2,2019-01-07 00:00:00.0000000,2018-12-12 00:00:00.0000000,NULL,NULL,NULL,,1,1,1
40,588372,0.99639762,23857.70879,0,99639762,0,23857,70879,32,2019-09-19 00:00:00.0000000,2018-10-02 00:00:00.0000000,29,2020-08-31 00:00:00.0000000,2019-10-10 00:00:00.0000000,,0,0,1
40,689024,0.998110643,34301.07059,0,998110643,0,34301,7059,30,2019-09-27 00:00:00.0000000,2018-10-03 00:00:00.0000000,37,2020-09-21 00:00:00.0000000,2019-10-02 00:00:00.0000000,,0,0,1
40,698093,0.999553086,603339.868,0,999553086,0,603339,868,99,2019-09-30 00:00:00.0000000,2018-10-02 00:00:00.0000000,97,2020-09-30 00:00:00.0000000,2019-10-03 00:00:00.0000000,,0,0,1
40,557160,0.964291647,943.6729259,0,964291647,0,943,6729259,3,2019-06-28 00:00:00.0000000,2018-10-25 00:00:00.0000000,NULL,NULL,NULL,,1,1,1
40,429514,0.489130906,48826.60133,0,489130906,1,48826,60133,7,2019-03-25 00:00:00.0000000,2018-10-20 00:00:00.0000000,10,2020-05-25 00:00:00.0000000,2019-11-04 00:00:00.0000000,,0,0,1
40,690323,0.997683408,34201.65698,0,997683408,0,34201,65698,26,2019-09-26 00:00:00.0000000,2018-10-30 00:00:00.0000000,20,2020-09-21 00:00:00.0000000,2019-10-30 00:00:00.0000000,,0,0,1
40,590216,0.758332344,471.3178207,0,758332344,0,471,3178207,2,2019-07-31 00:00:00.0000000,2019-07-22 00:00:00.0000000,15,2020-09-29 00:00:00.0000000,2019-10-14 00:00:00.0000000,,0,0,1
40,428829,0.998990926,24954.57068,0,998990926,0,24954,57068,44,2019-09-30 00:00:00.0000000,2018-10-04 00:00:00.0000000,44,2020-08-06 00:00:00.0000000,2019-10-02 00:00:00.0000000,,0,0,1
40,572410,0.997555526,21364.39446,0,997555526,0,21364,39446,26,2019-09-25 00:00:00.0000000,2018-10-09 00:00:00.0000000,21,2020-09-17 00:00:00.0000000,2019-10-01 00:00:00.0000000,,0,0,1
40,640727,0.001472865,787.2883185,0,1472865,1,787,2883185,88,2019-08-06 00:00:00.0000000,2018-10-02 00:00:00.0000000,NULL,NULL,NULL,,1,1,1
40,750152,0.802473827,0,0,802473827,0,0,1,2019-07-29 00:00:00.0000000,2019-07-29 00:00:00.0000000,8,2020-06-02 00:00:00.0000000,2019-11-12 00:00:00.0000000,NULL,0,,0,1
40,705177,0.978332003,573.8646099,0,978332003,0,573,8646099,3,2019-08-29 00:00:00.0000000,2018-12-18 00:00:00.0000000,3,2020-08-28 00:00:00.0000000,2020-02-08 00:00:00.0000000,,0,0,1
40,689319,0.961985234,468.166321,0,961985234,0,468,166321,3,2019-07-16 00:00:00.0000000,2019-01-17 00:00:00.0000000,2,2020-01-30 00:00:00.0000000,2019-11-19 00:00:00.0000000,,0,0,1
40,430751,0.998553222,61525.39822,0,998553222,0,61525,39822,58,2019-09-26 00:00:00.0000000,2018-10-09 00:00:00.0000000,73,2020-09-29 00:00:00.0000000,2019-10-03 00:00:00.0000000,,0,0,1
40,726554,0.996684555,18938.93192,0,996684555,0,18938,93192,31,2019-09-20 00:00:00.0000000,2018-10-02 00:00:00.0000000,21,2020-09-28 00:00:00.0000000,2019-10-03 00:00:00.0000000,,0,0,1
40,521331,0.995952084,4046.943717,0,995952084,0,4046,943717,21,2019-09-19 00:00:00.0000000,2018-10-15 00:00:00.0000000,12,2020-09-07 00:00:00.0000000,2019-10-01 00:00:00.0000000,,0,0,1
40,429281,0.997516918,49547.28538,0,997516918,0,49547,28538,73,2019-09-23 00:00:00.0000000,2018-10-08 00:00:00.0000000,79,2020-09-29 00:00:00.0000000,2019-10-02 00:00:00.0000000,,0,0,1
40,593937,0.990423245,4199.429928,0,990423245,0,4199,429928,6,2019-09-16 00:00:00.0000000,2018-10-09 00:00:00.0000000,1,2020-07-02 00:00:00.0000000,2020-07-02 00:00:00.0000000,,0,0,1
40,676654,0.991246729,526.545955,0,991246729,0,526,545955,7,2019-09-25 00:00:00.0000000,2019-06-13 00:00:00.0000000,6,2020-09-29 00:00:00.0000000,2019-11-25 00:00:00.0000000,,0,0,1
40,428418,0.998297682,31410.8541,0,998297682,0,31410,8541,35,2019-09-27 00:00:00.0000000,2018-10-16 00:00:00.0000000,55,2020-09-28 00:00:00.0000000,2019-10-16 00:00:00.0000000,,0,0,1
40,599084,0.994437467,22671.92611,0,994437467,0,22671,92611,11,2019-09-20 00:00:00.0000000,2018-10-18 00:00:00.0000000,6,2020-08-19 00:00:00.0000000,2019-10-03 00:00:00.0000000,,0,0,1
40,429549,0.694342808,0,0,694342808,0,0,1,2019-03-25 00:00:00.0000000,2019-03-25 00:00:00.0000000,1,2020-03-04 00:00:00.0000000,2020-03-04 00:00:00.0000000,NULL,0,,0,1
40,625246,0.99587333,284299.9187,0,99587333,0,284299,9187,33,2019-09-18 00:00:00.0000000,2018-10-17 00:00:00.0000000,25,2020-05-18 00:00:00.0000000,2019-10-02 00:00:00.0000000,,0,0,1
40,687721,0.707726167,0,0,707726167,0,0,1,2019-04-15 00:00:00.0000000,2019-04-15 00:00:00.0000000,7,2020-01-28 00:00:00.0000000,2019-10-01 00:00:00.0000000,NULL,0,,0,1
40,494894,0.107966315,24753.33908,0,107966315,1,24753,33908,8,2019-07-04 00:00:00.0000000,2019-05-17 00:00:00.0000000,30,2020-09-24 00:00:00.0000000,2019-10-03 00:00:00.0000000,,0,0,1
40,742022,0.503996199,2160.251278,0,503996199,0,2160,251278,3,2019-01-31 00:00:00.0000000,2018-12-07 00:00:00.0000000,NULL,NULL,NULL,,1,1,1
40,427359,0.999789622,5318706.785,0,999789622,0,5318706,785,210,2019-09-30 00:00:00.0000000,2018-10-03 00:00:00.0000000,207,2020-09-30 00:00:00.0000000,2019-10-01 00:00:00.0000000,,0,0,1
40,675888,0.989449839,29109.93203,0,989449839,0,29109,93203,13,2019-08-30 00:00:00.0000000,2018-10-08 00:00:00.0000000,13,2020-09-24 00:00:00.0000000,2019-10-01 00:00:00.0000000,,0,0,1
40,725620,0.756964292,0,0,756964292,0,0,1,2019-06-17 00:00:00.0000000,2019-06-17 00:00:00.0000000,NULL,NULL,NULL,NULL,1,,1,1
40,609073,0.760722173,0,0,760722173,0,0,1,2019-06-21 00:00:00.0000000,2019-06-21 00:00:00.0000000,4,2020-07-13 00:00:00.0000000,2019-12-12 00:00:00.0000000,NULL,0,,0,1
40,678091,0.519972904,3016.966596,0,519972904,0,3016,966596,9,2019-07-03 00:00:00.0000000,2019-03-25 00:00:00.0000000,11,2020-09-28 00:00:00.0000000,2020-02-05 00:00:00.0000000,,0,0,1
40,580347,0.935870202,1459.78389,0,935870202,0,1459,78389,7,2019-06-13 00:00:00.0000000,2018-10-08 00:00:00.0000000,3,2020-09-09 00:00:00.0000000,2019-12-17 00:00:00.0000000,,0,0,1
40,421853,0.727636593,0,0,727636593,0,0,1,2019-05-13 00:00:00.0000000,2019-05-13 00:00:00.0000000,2,2020-06-01 00:00:00.0000000,2020-05-07 00:00:00.0000000,NULL,0,,0,1
40,677868,0.997690518,58808.57233,0,997690518,0,58808,57233,62,2019-09-23 00:00:00.0000000,2018-10-01 00:00:00.0000000,52,2020-09-23 00:00:00.0000000,2019-10-01 00:00:00.0000000,,0,0,1
40,702220,0.747103607,0,0,747103607,0,0,1,2019-06-06 00:00:00.0000000,2019-06-06 00:00:00.0000000,1,2019-10-16 00:00:00.0000000,2019-10-16 00:00:00.0000000,NULL,0,,0,1
40,659768,0.996286319,13664.04054,0,996286319,0,13664,4054,17,2019-09-23 00:00:00.0000000,2018-10-30 00:00:00.0000000,20,2020-09-23 00:00:00.0000000,2019-10-30 00:00:00.0000000,,0,0,1
40,749415,0.992367989,11385.5174,0,992367989,0,11385,5174,10,2019-09-23 00:00:00.0000000,2019-05-28 00:00:00.0000000,23,2020-06-03 00:00:00.0000000,2019-10-09 00:00:00.0000000,,0,0,1
40,432468,0.942459541,3529.552715,0,942459541,0,3529,552715,5,2019-06-17 00:00:00.0000000,2018-11-28 00:00:00.0000000,7,2020-09-29 00:00:00.0000000,2019-10-03 00:00:00.0000000,,0,0,1
40,552792,0.906792663,2540.461561,0,906792663,0,2540,461561,3,2019-04-05 00:00:00.0000000,2018-10-23 00:00:00.0000000,1,2020-09-29 00:00:00.0000000,2020-09-29 00:00:00.0000000,,0,0,1
40,733840,0.972129087,8203.979774,0,972129087,0,8203,979774,20,2019-08-21 00:00:00.0000000,2018-11-13 00:00:00.0000000,NULL,NULL,NULL,,1,1,1
40,669096,0.999809595,2619794.024,0,999809595,0,2619794,24,232,2019-09-30 00:00:00.0000000,2018-10-02 00:00:00.0000000,203,2020-09-30 00:00:00.0000000,2019-10-01 00:00:00.0000000,,0,0,1
40,422105,0.998961335,257912.6605,0,998961335,0,257912,6605,88,2019-09-27 00:00:00.0000000,2018-10-08 00:00:00.0000000,72,2020-09-30 00:00:00.0000000,2019-10-09 00:00:00.0000000,,0,0,1
40,745956,0.97215593,4468.658981,0,97215593,0,4468,658981,4,2019-09-03 00:00:00.0000000,2019-06-04 00:00:00.0000000,8,2020-09-09 00:00:00.0000000,2020-03-19 00:00:00.0000000,,0,0,1
40,590257,0.996002625,17674.65474,0,996002625,0,17674,65474,51,2019-09-19 00:00:00.0000000,2018-10-02 00:00:00.0000000,44,2020-09-25 00:00:00.0000000,2019-10-02 00:00:00.0000000,,0,0,1
40,426661,0.999035063,43797.69657,0,999035063,0,43797,69657,46,2019-09-30 00:00:00.0000000,2018-10-02 00:00:00.0000000,44,2020-09-30 00:00:00.0000000,2019-10-02 00:00:00.0000000,,0,0,1
40,710287,0.380024564,138.3759514,0,380024564,1,138,3759514,3,2019-01-30 00:00:00.0000000,2018-12-19 00:00:00.0000000,3,2020-04-20 00:00:00.0000000,2020-02-27 00:00:00.0000000,,0,0,1
40,527343,0.999763708,1584872.993,0,999763708,0,1584872,993,187,2019-09-30 00:00:00.0000000,2018-10-03 00:00:00.0000000,120,2020-09-29 00:00:00.0000000,2019-10-02 00:00:00.0000000,,0,0,1
40,658745,0.980907931,2169.204393,0,980907931,0,2169,204393,10,2019-08-16 00:00:00.0000000,2018-11-21 00:00:00.0000000,14,2020-09-23 00:00:00.0000000,2019-10-24 00:00:00.0000000,,0,0,1
40,724737,0.630014309,0,0,630014309,0,0,1,2018-11-14 00:00:00.0000000,2018-11-14 00:00:00.0000000,NULL,NULL,NULL,NULL,1,,1,1
40,738956,0.98249414,3267.619556,0,98249414,0,3267,619556,7,2019-08-09 00:00:00.0000000,2018-10-01 00:00:00.0000000,4,2020-06-30 00:00:00.0000000,2019-12-17 00:00:00.0000000,,0,0,1
40,717639,0.998967309,457882.5742,0,998967309,0,457882,5742,43,2019-09-30 00:00:00.0000000,2018-11-12 00:00:00.0000000,42,2020-09-25 00:00:00.0000000,2019-10-07 00:00:00.0000000,,0,0,1
40,674453,0.701206141,0,0,701206141,0,0,1,2019-04-05 00:00:00.0000000,2019-04-05 00:00:00.0000000,2,2020-04-07 00:00:00.0000000,2020-03-13 00:00:00.0000000,NULL,0,,0,1
40,699482,0.764580284,0,0,764580284,0,0,1,2019-06-25 00:00:00.0000000,2019-06-25 00:00:00.0000000,7,2020-09-14 00:00:00.0000000,2019-11-13 00:00:00.0000000,NULL,0,,0,1
40,721688,0.894619411,2413.369258,0,894619411,0,2413,369258,4,2019-04-09 00:00:00.0000000,2018-10-04 00:00:00.0000000,7,2020-08-25 00:00:00.0000000,2019-10-08 00:00:00.0000000,,0,0,1
40,435869,0.027803867,121.6197216,0,27803867,1,121,6197216,21,2019-05-14 00:00:00.0000000,2018-10-02 00:00:00.0000000,3,2020-07-02 00:00:00.0000000,2019-10-10 00:00:00.0000000,,0,0,1
40,746446,0.837536767,0,0,837536767,0,0,1,2019-08-22 00:00:00.0000000,2019-08-22 00:00:00.0000000,1,2020-08-19 00:00:00.0000000,2020-08-19 00:00:00.0000000,NULL,0,,0,1
40,607494,0.996402143,14701.79981,0,996402143,0,14701,79981,16,2019-09-25 00:00:00.0000000,2018-11-26 00:00:00.0000000,51,2020-09-30 00:00:00.0000000,2019-10-01 00:00:00.0000000,,0,0,1
40,588328,0.995888067,5989.14319,0,995888067,0,5989,14319,15,2019-09-23 00:00:00.0000000,2018-11-16 00:00:00.0000000,11,2020-09-25 00:00:00.0000000,2019-10-11 00:00:00.0000000,,0,0,1
40,728473,0.626445375,0,0,626445375,0,0,1,2018-11-05 00:00:00.0000000,2018-11-05 00:00:00.0000000,NULL,NULL,NULL,NULL,1,,1,1
40,725031,0.996001051,7792.596608,0,996001051,0,7792,596608,15,2019-09-23 00:00:00.0000000,2018-10-16 00:00:00.0000000,14,2020-09-21 00:00:00.0000000,2019-10-30 00:00:00.0000000,,0,0,1
40,436295,0.996645978,50395.60636,0,996645978,0,50395,60636,45,2019-09-20 00:00:00.0000000,2018-10-03 00:00:00.0000000,58,2020-09-30 00:00:00.0000000,2019-10-01 00:00:00.0000000,,0,0,1
40,659601,0.993438985,1390.127205,0,993438985,0,1390,127205,7,2019-09-30 00:00:00.0000000,2018-11-28 00:00:00.0000000,16,2020-09-09 00:00:00.0000000,2020-02-13 00:00:00.0000000,,0,0,1
40,610551,0.999466647,201830.1985,0,999466647,0,201830,1985,83,2019-09-30 00:00:00.0000000,2018-10-08 00:00:00.0000000,131,2020-09-30 00:00:00.0000000,2019-10-01 00:00:00.0000000,,0,0,1
40,433867,0.972394476,1643.065724,0,972394476,0,1643,65724,2,2019-09-16 00:00:00.0000000,2018-12-24 00:00:00.0000000,2,2020-08-03 00:00:00.0000000,2020-05-12 00:00:00.0000000,,0,0,1
40,697068,0.999601521,193956.81,0,999601521,0,193956,81,110,2019-09-30 00:00:00.0000000,2018-10-01 00:00:00.0000000,110,2020-09-29 00:00:00.0000000,2019-10-03 00:00:00.0000000,,0,0,1
40,653438,0.672756503,0,0,672756503,0,0,1,2019-02-15 00:00:00.0000000,2019-02-15 00:00:00.0000000,NULL,NULL,NULL,NULL,1,,1,1
40,538417,0.968091637,3355.057904,0,968091637,0,3355,57904,3,2019-07-19 00:00:00.0000000,2018-12-03 00:00:00.0000000,3,2020-05-13 00:00:00.0000000,2019-10-01 00:00:00.0000000,,0,0,1
40,676864,0.859142265,3247.207396,0,859142265,0,3247,207396,7,2019-05-10 00:00:00.0000000,2018-10-02 00:00:00.0000000,5,2020-02-27 00:00:00.0000000,2019-10-03 00:00:00.0000000,,0,0,1
40,623377,0.729935109,0,0,729935109,0,0,1,2019-05-16 00:00:00.0000000,2019-05-16 00:00:00.0000000,NULL,NULL,NULL,NULL,1,,1,1
40,717279,0.705740597,0,0,705740597,0,0,1,2019-04-12 00:00:00.0000000,2019-04-12 00:00:00.0000000,NULL,NULL,NULL,NULL,1,,1,1
40,697705,0.903847672,70828.91546,0,903847672,0,70828,91546,2,2019-07-29 00:00:00.0000000,2019-06-22 00:00:00.0000000,2,2020-06-29 00:00:00.0000000,2019-12-17 00:00:00.0000000,,0,0,1
40,691840,0.101718392,16.51915242,0,101718392,1,16,51915242,4,2018-12-27 00:00:00.0000000,2018-11-12 00:00:00.0000000,NULL,NULL,NULL,,1,1,1
40,691963,0.996506701,4613.748256,0,996506701,0,4613,748256,16,2019-09-25 00:00:00.0000000,2018-10-15 00:00:00.0000000,10,2020-09-11 00:00:00.0000000,2019-10-11 00:00:00.0000000,,0,0,1
40,734587,0.62449796,0,0,62449796,0,0,1,2018-10-31 00:00:00.0000000,2018-10-31 00:00:00.0000000,NULL,NULL,NULL,NULL,1,,1,1
40,705122,0.99870035,69252.62327,0,99870035,0,69252,62327,52,2019-09-27 00:00:00.0000000,2018-10-03 00:00:00.0000000,19,2020-03-18 00:00:00.0000000,2019-10-10 00:00:00.0000000,,0,0,1
40,686272,0.983256915,710.0018441,0,983256915,0,710,18441,3,2019-09-26 00:00:00.0000000,2018-12-07 00:00:00.0000000,2,2020-07-08 00:00:00.0000000,2019-12-27 00:00:00.0000000,,0,0,1
40,667053,0.995834176,1718.616384,0,995834176,0,1718,616384,14,2019-09-23 00:00:00.0000000,2018-10-03 00:00:00.0000000,15,2020-09-21 00:00:00.0000000,2019-10-03 00:00:00.0000000,,0,0,1
40,464343,0.997398749,22221.27362,0,997398749,0,22221,27362,26,2019-09-24 00:00:00.0000000,2018-10-01 00:00:00.0000000,48,2020-09-28 00:00:00.0000000,2019-10-07 00:00:00.0000000,,0,0,1
40,551609,0.989104346,3481.841961,0,989104346,0,3481,841961,5,2019-09-23 00:00:00.0000000,2019-03-12 00:00:00.0000000,NULL,NULL,NULL,,1,1,1
40,428954,0.996066775,12356.82229,0,996066775,0,12356,82229,25,2019-09-19 00:00:00.0000000,2018-10-25 00:00:00.0000000,23,2020-09-21 00:00:00.0000000,2019-10-18 00:00:00.0000000,,0,0,1
40,653159,0.980268484,817.203806,0,980268484,0,817,203806,5,2019-08-07 00:00:00.0000000,2018-10-19 00:00:00.0000000,1,2020-06-30 00:00:00.0000000,2020-06-30 00:00:00.0000000,,0,0,1
40,737091,0.098803268,150.4938043,0,98803268,1,150,4938043,3,2018-10-26 00:00:00.0000000,2018-10-01 00:00:00.0000000,NULL,NULL,NULL,,1,1,1
40,431322,0.997595572,63900.70741,0,997595572,0,63900,70741,43,2019-09-23 00:00:00.0000000,2018-10-16 00:00:00.0000000,31,2020-09-22 00:00:00.0000000,2019-10-11 00:00:00.0000000,,0,0,1
40,720926,0.921684789,0,0,921684789,0,0,1,2019-09-26 00:00:00.0000000,2019-09-26 00:00:00.0000000,2,2020-05-20 00:00:00.0000000,2019-10-23 00:00:00.0000000,NULL,0,,0,1
40,682060,0.993824726,5770.731629,0,993824726,0,5770,731629,8,2019-09-27 00:00:00.0000000,2018-12-20 00:00:00.0000000,7,2020-03-13 00:00:00.0000000,2019-11-07 00:00:00.0000000,,0,0,1
40,652820,0.67596911,0,0,67596911,0,0,1,2019-02-21 00:00:00.0000000,2019-02-21 00:00:00.0000000,NULL,NULL,NULL,NULL,1,,1,1
40,713506,0.970360442,2944.229826,0,970360442,0,2944,229826,2,2019-09-27 00:00:00.0000000,2019-09-04 00:00:00.0000000,3,2020-02-13 00:00:00.0000000,2020-01-15 00:00:00.0000000,,0,0,1
40,654473,0.999208224,27817.80552,0,999208224,0,27817,80552,56,2019-09-30 00:00:00.0000000,2018-10-08 00:00:00.0000000,78,2020-09-24 00:00:00.0000000,2019-10-04 00:00:00.0000000,,0,0,1
40,447318,0.934336801,12629.01293,0,934336801,0,12629,1293,2,2019-06-03 00:00:00.0000000,2019-01-25 00:00:00.0000000,NULL,NULL,NULL,,1,1,1
40,686455,0.789586373,2429.548582,0,789586373,0,2429,548582,4,2019-03-12 00:00:00.0000000,2018-10-24 00:00:00.0000000,2,2020-04-17 00:00:00.0000000,2020-02-11 00:00:00.0000000,,0,0,1
40,730489,0.96200175,2940.107561,0,96200175,0,2940,107561,8,2019-07-12 00:00:00.0000000,2018-10-16 00:00:00.0000000,1,2019-10-15 00:00:00.0000000,2019-10-15 00:00:00.0000000,,0,0,1
40,557180,0.99710905,38129.47608,0,99710905,0,38129,47608,26,2019-09-23 00:00:00.0000000,2018-10-26 00:00:00.0000000,18,2020-08-28 00:00:00.0000000,2019-10-07 00:00:00.0000000,,0,0,1
40,659916,0.411330885,8831.0465,0,411330885,1,8831,465,7,2019-04-11 00:00:00.0000000,2018-12-03 00:00:00.0000000,2,2020-05-27 00:00:00.0000000,2019-12-02 00:00:00.0000000,,0,0,1
40,687178,0.995330589,7547.625512,0,995330589,0,7547,625512,25,2019-09-16 00:00:00.0000000,2018-10-08 00:00:00.0000000,8,2020-08-12 00:00:00.0000000,2019-10-14 00:00:00.0000000,,0,0,1
40,433995,0.998481656,93863.51698,0,998481656,0,93863,51698,154,2019-09-26 00:00:00.0000000,2018-10-01 00:00:00.0000000,162,2020-09-30 00:00:00.0000000,2019-10-01 00:00:00.0000000,,0,0,1
40,654020,0.99433268,1555.577738,0,99433268,0,1555,577738,11,2019-09-19 00:00:00.0000000,2018-10-05 00:00:00.0000000,NULL,NULL,NULL,,1,1,1
40,660781,0.986360913,5559.573504,0,986360913,0,5559,573504,7,2019-08-29 00:00:00.0000000,2018-12-10 00:00:00.0000000,8,2020-09-24 00:00:00.0000000,2020-04-24 00:00:00.0000000,,0,0,1
40,423488,0.955201392,539.2638861,0,955201392,0,539,2638861,9,2019-07-08 00:00:00.0000000,2018-10-04 00:00:00.0000000,11,2020-09-22 00:00:00.0000000,2019-10-17 00:00:00.0000000,,0,0,1
40,571960,0.998558474,68105.48456,0,998558474,0,68105,48456,44,2019-09-27 00:00:00.0000000,2018-10-04 00:00:00.0000000,33,2020-09-07 00:00:00.0000000,2019-10-02 00:00:00.0000000,,0,0,1
40,423069,0.805062972,0,0,805062972,0,0,1,2019-07-31 00:00:00.0000000,2019-07-31 00:00:00.0000000,2,2020-05-20 00:00:00.0000000,2020-05-12 00:00:00.0000000,NULL,0,,0,1
40,608893,0.738679811,0,0,738679811,0,0,1,2019-05-27 00:00:00.0000000,2019-05-27 00:00:00.0000000,1,2020-06-11 00:00:00.0000000,2020-06-11 00:00:00.0000000,NULL,0,,0,1
40,668746,0.996218225,25966.18376,0,996218225,0,25966,18376,44,2019-09-19 00:00:00.0000000,2018-10-04 00:00:00.0000000,67,2020-09-30 00:00:00.0000000,2019-10-09 00:00:00.0000000,,0,0,1
40,428721,0.892532187,3850.541538,0,892532187,0,3850,541538,3,2019-05-08 00:00:00.0000000,2019-01-11 00:00:00.0000000,3,2020-02-25 00:00:00.0000000,2019-10-02 00:00:00.0000000,,0,0,1
40,436090,0.998693046,145182.7501,0,998693046,0,145182,7501,88,2019-09-26 00:00:00.0000000,2018-10-03 00:00:00.0000000,89,2020-09-30 00:00:00.0000000,2019-10-02 00:00:00.0000000,,0,0,1
40,426129,0.999764967,453590.5993,0,999764967,0,453590,5993,188,2019-09-30 00:00:00.0000000,2018-10-01 00:00:00.0000000,168,2020-09-30 00:00:00.0000000,2019-10-01 00:00:00.0000000,,0,0,1
40,634312,0.996539018,37409.82122,0,996539018,0,37409,82122,50,2019-09-20 00:00:00.0000000,2018-10-03 00:00:00.0000000,8,2020-02-14 00:00:00.0000000,2019-10-04 00:00:00.0000000,,0,0,1
40,607130,0.99525413,2031.021735,0,99525413,0,2031,21735,11,2019-09-25 00:00:00.0000000,2018-10-01 00:00:00.0000000,9,2020-09-23 00:00:00.0000000,2019-12-20 00:00:00.0000000,,0,0,1
40,423341,0.998115273,67011.92494,0,998115273,0,67011,92494,120,2019-09-25 00:00:00.0000000,2018-10-03 00:00:00.0000000,122,2020-09-30 00:00:00.0000000,2019-10-01 00:00:00.0000000,,0,0,1
40,702845,0.338894982,222.6811911,0,338894982,1,222,6811911,6,2019-02-15 00:00:00.0000000,2018-10-11 00:00:00.0000000,NULL,NULL,NULL,,1,1,1
40,432564,0.999690863,1535528.439,0,999690863,0,1535528,439,143,2019-09-30 00:00:00.0000000,2018-10-02 00:00:00.0000000,121,2020-09-29 00:00:00.0000000,2019-10-02 00:00:00.0000000,,0,0,1
40,424248,0.939126229,0,0,939126229,0,0,1,2019-09-30 00:00:00.0000000,2019-09-30 00:00:00.0000000,NULL,NULL,NULL,NULL,1,,1,1
40,687337,0.994557663,3108.836694,0,994557663,0,3108,836694,9,2019-09-27 00:00:00.0000000,2018-10-22 00:00:00.0000000,20,2020-09-24 00:00:00.0000000,2019-10-03 00:00:00.0000000,,0,0,1
40,522619,0.774939521,11932.49085,0,774939521,0,11932,49085,28,2019-07-31 00:00:00.0000000,2018-10-17 00:00:00.0000000,59,2020-09-30 00:00:00.0000000,2019-10-07 00:00:00.0000000,,0,0,1
40,725650,0.723882464,0,0,723882464,0,0,1,2019-05-08 00:00:00.0000000,2019-05-08 00:00:00.0000000,3,2020-07-20 00:00:00.0000000,2020-03-03 00:00:00.0000000,NULL,0,,0,1
40,578268,0.942031282,5775.148026,0,942031282,0,5775,148026,2,2019-07-01 00:00:00.0000000,2019-03-04 00:00:00.0000000,NULL,NULL,NULL,,1,1,1
40,432093,0.627231323,0,0,627231323,0,0,1,2018-11-07 00:00:00.0000000,2018-11-07 00:00:00.0000000,1,2020-02-14 00:00:00.0000000,2020-02-14 00:00:00.0000000,NULL,0,,0,1
40,704566,0.172619277,17.00461523,0,172619277,1,17,461523,2,2018-12-21 00:00:00.0000000,2018-12-17 00:00:00.0000000,7,2020-07-28 00:00:00.0000000,2019-10-15 00:00:00.0000000,,0,0,1
40,581534,0.997980354,13610.58776,0,997980354,0,13610,58776,36,2019-09-25 00:00:00.0000000,2018-10-08 00:00:00.0000000,33,2020-09-24 00:00:00.0000000,2019-10-07 00:00:00.0000000,,0,0,1
40,649211,0.998245198,73549.04044,0,998245198,0,73549,4044,100,2019-09-25 00:00:00.0000000,2018-10-08 00:00:00.0000000,133,2020-09-30 00:00:00.0000000,2019-10-01 00:00:00.0000000,,0,0,1
40,603294,0.991841731,12734.14451,0,991841731,0,12734,14451,6,2019-09-27 00:00:00.0000000,2018-12-18 00:00:00.0000000,12,2020-09-14 00:00:00.0000000,2019-10-10 00:00:00.0000000,,0,0,1
40,726045,0.999813617,89120.7869,0,999813617,0,89120,7869,237,2019-09-30 00:00:00.0000000,2018-10-03 00:00:00.0000000,69,2020-01-23 00:00:00.0000000,2019-10-01 00:00:00.0000000,,0,0,1
40,644927,1.71E-05,0.3044808,1,7.10E-04,1,0,3044808,16,2019-01-28 00:00:00.0000000,2018-10-01 00:00:00.0000000,2,2020-03-13 00:00:00.0000000,2020-03-04 00:00:00.0000000,,0,0,1
40,599203,0.10578251,510.6407276,0,10578251,1,510,6407276,5,2018-12-17 00:00:00.0000000,2018-10-01 00:00:00.0000000,NULL,NULL,NULL,,1,1,1
40,431743,0.411948268,1439.457561,0,411948268,1,1439,457561,10,2019-04-17 00:00:00.0000000,2018-10-04 00:00:00.0000000,NULL,NULL,NULL,,1,1,1
40,713735,0.950044006,906.4767359,0,950044006,0,906,4767359,2,2019-05-20 00:00:00.0000000,2018-10-01 00:00:00.0000000,NULL,NULL,NULL,,1,1,1
40,432243,0.999513677,61505.16127,0,999513677,0,61505,16127,91,2019-09-30 00:00:00.0000000,2018-10-08 00:00:00.0000000,205,2020-09-30 00:00:00.0000000,2019-10-01 00:00:00.0000000,,0,0,1
40,464636,0.968186236,2670.674559,0,968186236,0,2670,674559,4,2019-07-30 00:00:00.0000000,2019-01-28 00:00:00.0000000,1,2020-06-18 00:00:00.0000000,2020-06-18 00:00:00.0000000,,0,0,1
40,613922,0.944492154,2878.891632,0,944492154,0,2878,891632,6,2019-06-27 00:00:00.0000000,2018-11-29 00:00:00.0000000,1,2019-12-30 00:00:00.0000000,2019-12-30 00:00:00.0000000,,0,0,1
40,732433,0.998516682,11532.87082,0,998516682,0,11532,87082,42,2019-09-27 00:00:00.0000000,2018-10-02 00:00:00.0000000,46,2020-09-07 00:00:00.0000000,2019-10-11 00:00:00.0000000,,0,0,1
40,473743,0.997959683,14834.11825,0,997959683,0,14834,11825,31,2019-09-26 00:00:00.0000000,2018-10-22 00:00:00.0000000,69,2020-09-29 00:00:00.0000000,2019-10-03 00:00:00.0000000,,0,0,1
40,421886,0.993246162,53259.57773,0,993246162,0,53259,57773,100,2019-09-20 00:00:00.0000000,2018-10-02 00:00:00.0000000,72,2020-09-28 00:00:00.0000000,2019-10-17 00:00:00.0000000,,0,0,1
40,464921,0.892851864,4124.056638,0,892851864,0,4124,56638,3,2019-03-26 00:00:00.0000000,2018-10-23 00:00:00.0000000,1,2020-06-12 00:00:00.0000000,2020-06-12 00:00:00.0000000,,0,0,1
40,653444,0.999367205,137193.5093,0,999367205,0,137193,5093,70,2019-09-30 00:00:00.0000000,2018-10-19 00:00:00.0000000,61,2020-09-18 00:00:00.0000000,2019-10-23 00:00:00.0000000,,0,0,1
40,422074,0.992272966,20872.24167,0,992272966,0,20872,24167,11,2019-09-09 00:00:00.0000000,2018-10-11 00:00:00.0000000,22,2020-09-14 00:00:00.0000000,2019-11-25 00:00:00.0000000,,0,0,1
40,431443,0.744312585,2566.118096,0,744312585,0,2566,118096,10,2019-05-31 00:00:00.0000000,2018-11-05 00:00:00.0000000,8,2020-04-14 00:00:00.0000000,2019-10-22 00:00:00.0000000,,0,0,1
40,696473,0.968425456,5726.139392,0,968425456,0,5726,139392,7,2019-07-23 00:00:00.0000000,2018-11-21 00:00:00.0000000,1,2020-08-24 00:00:00.0000000,2020-08-24 00:00:00.0000000,,0,0,1
40,674730,0.890688892,8725.213141,0,890688892,0,8725,213141,23,2019-07-30 00:00:00.0000000,2018-10-02 00:00:00.0000000,7,2020-09-07 00:00:00.0000000,2020-02-13 00:00:00.0000000,,0,0,1
40,613370,0.997128649,21702.05052,0,997128649,0,21702,5052,22,2019-09-26 00:00:00.0000000,2019-01-29 00:00:00.0000000,5,2020-02-11 00:00:00.0000000,2019-10-21 00:00:00.0000000,,0,0,1
40,750594,0.767543257,0,0,767543257,0,0,1,2019-06-28 00:00:00.0000000,2019-06-28 00:00:00.0000000,NULL,NULL,NULL,NULL,1,,1,1
40,688288,0.990528301,3296.183342,0,990528301,0,3296,183342,7,2019-09-11 00:00:00.0000000,2018-10-25 00:00:00.0000000,3,2020-07-16 00:00:00.0000000,2019-11-11 00:00:00.0000000,,0,0,1
40,651421,0.301135924,365.9199353,0,301135924,1,365,9199353,4,2019-05-16 00:00:00.0000000,2019-04-12 00:00:00.0000000,NULL,NULL,NULL,,1,1,1
40,430501,0.996374033,12846.88077,0,996374033,0,12846,88077,17,2019-09-24 00:00:00.0000000,2018-11-26 00:00:00.0000000,53,2020-09-30 00:00:00.0000000,2019-10-07 00:00:00.0000000,,0,0,1
40,739491,0.348348796,1151.48697,0,348348796,1,1151,48697,5,2019-01-29 00:00:00.0000000,2018-10-16 00:00:00.0000000,NULL,NULL,NULL,,1,1,1
40,690199,0.996664447,11420.78273,0,996664447,0,11420,78273,17,2019-09-25 00:00:00.0000000,2018-10-17 00:00:00.0000000,29,2020-09-21 00:00:00.0000000,2019-10-23 00:00:00.0000000,,0,0,1
40,427915,0.998684032,46087.84153,0,998684032,0,46087,84153,51,2019-09-27 00:00:00.0000000,2018-10-04 00:00:00.0000000,17,2020-09-02 00:00:00.0000000,2019-10-02 00:00:00.0000000,,0,0,1
40,581048,0.030408131,265.2696589,0,30408131,1,265,2696589,5,2019-01-09 00:00:00.0000000,2018-11-23 00:00:00.0000000,3,2020-01-22 00:00:00.0000000,2019-10-10 00:00:00.0000000,,0,0,1
40,422003,0.998056272,23928.79337,0,998056272,0,23928,79337,45,2019-09-26 00:00:00.0000000,2019-01-15 00:00:00.0000000,84,2020-09-28 00:00:00.0000000,2019-10-02 00:00:00.0000000,,0,0,1
40,436517,0.999222183,72922.21464,0,999222183,0,72922,21464,57,2019-09-30 00:00:00.0000000,2018-10-02 00:00:00.0000000,102,2020-09-29 00:00:00.0000000,2019-10-01 00:00:00.0000000,,0,0,1
40,722155,0.989921706,418101.6963,0,989921706,0,418101,6963,9,2019-09-03 00:00:00.0000000,2018-10-25 00:00:00.0000000,19,2020-09-22 00:00:00.0000000,2019-11-21 00:00:00.0000000,,0,0,1
40,649482,0.997348017,31822.87095,0,997348017,0,31822,87095,23,2019-09-25 00:00:00.0000000,2018-10-08 00:00:00.0000000,18,2020-09-22 00:00:00.0000000,2019-10-04 00:00:00.0000000,,0,0,1
40,433358,0.99971667,254194.5686,0,99971667,0,254194,5686,156,2019-09-30 00:00:00.0000000,2018-10-01 00:00:00.0000000,152,2020-09-30 00:00:00.0000000,2019-10-03 00:00:00.0000000,,0,0,1
40,732441,0.937599611,2033.349072,0,937599611,0,2033,349072,6,2019-06-11 00:00:00.0000000,2018-10-25 00:00:00.0000000,1,2020-01-31 00:00:00.0000000,2020-01-31 00:00:00.0000000,,0,0,1
40,674830,0.639530924,0,0,639530924,0,0,1,2018-12-07 00:00:00.0000000,2018-12-07 00:00:00.0000000,NULL,NULL,NULL,NULL,1,,1,1
40,586314,0.949635739,1422.176835,0,949635739,0,1422,176835,8,2019-07-03 00:00:00.0000000,2018-10-22 00:00:00.0000000,20,2020-09-18 00:00:00.0000000,2019-10-16 00:00:00.0000000,,0,0,1
40,594789,0.615845721,0,0,615845721,0,0,1,2018-10-08 00:00:00.0000000,2018-10-08 00:00:00.0000000,NULL,NULL,NULL,NULL,1,,1,1
40,751458,0.9256633,0,0,9256633,0,0,1,2019-09-27 00:00:00.0000000,2019-09-27 00:00:00.0000000,3,2019-10-30 00:00:00.0000000,2019-10-07 00:00:00.0000000,NULL,0,,0,1
40,422526,0.999193756,50406.12579,0,999193756,0,50406,12579,55,2019-09-30 00:00:00.0000000,2018-10-15 00:00:00.0000000,71,2020-09-28 00:00:00.0000000,2019-10-03 00:00:00.0000000,,0,0,1
40,422318,0.996888696,8352.35675,0,996888696,0,8352,35675,22,2019-09-23 00:00:00.0000000,2018-10-15 00:00:00.0000000,20,2020-09-21 00:00:00.0000000,2019-10-30 00:00:00.0000000,,0,0,1
40,421988,0.898681819,1784.968253,0,898681819,0,1784,968253,4,2019-04-17 00:00:00.0000000,2018-10-16 00:00:00.0000000,NULL,NULL,NULL,,1,1,1
40,432582,0.996972626,6682.570435,0,996972626,0,6682,570435,17,2019-09-27 00:00:00.0000000,2018-10-10 00:00:00.0000000,17,2020-08-31 00:00:00.0000000,2019-10-15 00:00:00.0000000,,0,0,1
40,685471,0.990404605,4151.22417,0,990404605,0,4151,22417,8,2019-09-10 00:00:00.0000000,2018-12-11 00:00:00.0000000,12,2020-09-17 00:00:00.0000000,2019-11-27 00:00:00.0000000,,0,0,1
40,600663,0.996470319,19374.61248,0,996470319,0,19374,61248,15,2019-09-26 00:00:00.0000000,2018-10-15 00:00:00.0000000,24,2020-09-29 00:00:00.0000000,2019-10-07 00:00:00.0000000,,0,0,1
40,424659,0.993598059,2393.841164,0,993598059,0,2393,841164,16,2019-09-11 00:00:00.0000000,2018-10-05 00:00:00.0000000,10,2020-09-09 00:00:00.0000000,2019-10-04 00:00:00.0000000,,0,0,1
40,729278,0.91391947,438.391931,0,91391947,0,438,391931,3,2019-04-04 00:00:00.0000000,2018-10-09 00:00:00.0000000,NULL,NULL,NULL,,1,1,1
40,431050,0.973615897,1721.677799,0,973615897,0,1721,677799,2,2019-09-25 00:00:00.0000000,2019-01-31 00:00:00.0000000,9,2020-09-11 00:00:00.0000000,2019-10-08 00:00:00.0000000,,0,0,1
40,748133,0.696802947,0,0,696802947,0,0,1,2019-03-29 00:00:00.0000000,2019-03-29 00:00:00.0000000,NULL,NULL,NULL,NULL,1,,1,1
40,678825,0.995506822,9788.247576,0,995506822,0,9788,247576,13,2019-09-23 00:00:00.0000000,2018-10-30 00:00:00.0000000,14,2020-09-21 00:00:00.0000000,2019-10-30 00:00:00.0000000,,0,0,1
40,709622,0.944226284,5914.277027,0,944226284,0,5914,277027,3,2019-06-04 00:00:00.0000000,2018-12-10 00:00:00.0000000,3,2020-08-11 00:00:00.0000000,2019-11-18 00:00:00.0000000,,0,0,1
40,463636,0.998364158,113683.976,0,998364158,0,113683,976,170,2019-09-26 00:00:00.0000000,2018-10-01 00:00:00.0000000,162,2020-09-30 00:00:00.0000000,2019-10-01 00:00:00.0000000,,0,0,1
40,747419,0.72537285,0,0,72537285,0,0,1,2019-05-10 00:00:00.0000000,2019-05-10 00:00:00.0000000,2,2019-12-10 00:00:00.0000000,2019-11-07 00:00:00.0000000,NULL,0,,0,1
40,704024,0.982975398,528.879761,0,982975398,0,528,879761,3,2019-09-23 00:00:00.0000000,2018-10-16 00:00:00.0000000,1,2019-12-02 00:00:00.0000000,2019-12-02 00:00:00.0000000,,0,0,1
40,707497,0.958856899,509.1519791,0,958856899,0,509,1519791,2,2019-07-02 00:00:00.0000000,2018-11-07 00:00:00.0000000,2,2020-09-22 00:00:00.0000000,2020-06-15 00:00:00.0000000,,0,0,1
40,743707,0.886301043,6046.689146,0,886301043,0,6046,689146,4,2019-06-10 00:00:00.0000000,2019-02-18 00:00:00.0000000,NULL,NULL,NULL,,1,1,1
40,694280,0.27751192,348.3755856,0,27751192,1,348,3755856,2,2019-01-31 00:00:00.0000000,2019-01-24 00:00:00.0000000,NULL,NULL,NULL,,1,1,1
40,715985,0.999261253,526433.9754,0,999261253,0,526433,9754,60,2019-09-30 00:00:00.0000000,2018-10-01 00:00:00.0000000,46,2020-09-30 00:00:00.0000000,2019-10-07 00:00:00.0000000,,0,0,1
40,716969,0.863334243,289.425662,0,863334243,0,289,425662,3,2019-04-12 00:00:00.0000000,2018-12-19 00:00:00.0000000,NULL,NULL,NULL,,1,1,1
40,430809,0.614027865,0,0,614027865,0,0,1,2018-10-03 00:00:00.0000000,2018-10-03 00:00:00.0000000,NULL,NULL,NULL,NULL,1,,1,1
40,630463,0.997417344,9365.775466,0,997417344,0,9365,775466,24,2019-09-25 00:00:00.0000000,2018-10-11 00:00:00.0000000,13,2020-09-28 00:00:00.0000000,2019-11-11 00:00:00.0000000,,0,0,1
40,624265,0.999622004,839526.3064,0,999622004,0,839526,3064,117,2019-09-30 00:00:00.0000000,2018-10-01 00:00:00.0000000,80,2020-09-30 00:00:00.0000000,2019-10-01 00:00:00.0000000,,0,0,1
40,593008,0.998215495,675908.4506,0,998215495,0,675908,4506,25,2019-09-30 00:00:00.0000000,2018-10-04 00:00:00.0000000,1,2019-11-07 00:00:00.0000000,2019-11-07 00:00:00.0000000,,0,0,1
40,431168,0.614752414,0,0,614752414,0,0,1,2018-10-05 00:00:00.0000000,2018-10-05 00:00:00.0000000,1,2020-09-17 00:00:00.0000000,2020-09-17 00:00:00.0000000,NULL,0,,0,1
40,646981,0.707726167,0,0,707726167,0,0,1,2019-04-15 00:00:00.0000000,2019-04-15 00:00:00.0000000,NULL,NULL,NULL,NULL,1,,1,1
40,734393,0.970085234,2774.91351,0,970085234,0,2774,91351,3,2019-07-18 00:00:00.0000000,2018-10-31 00:00:00.0000000,NULL,NULL,NULL,,1,1,1
40,597424,0.993899158,17888.16194,0,993899158,0,17888,16194,25,2019-09-12 00:00:00.0000000,2018-10-04 00:00:00.0000000,21,2020-09-28 00:00:00.0000000,2019-10-02 00:00:00.0000000,,0,0,1
40,674868,0.667035837,0,0,667035837,0,0,1,2019-02-04 00:00:00.0000000,2019-02-04 00:00:00.0000000,NULL,NULL,NULL,NULL,1,,1,1
40,744602,0.658111153,0,0,658111153,0,0,1,2019-01-17 00:00:00.0000000,2019-01-17 00:00:00.0000000,NULL,NULL,NULL,NULL,1,,1,1
40,658139,0.993438985,8898.315688,0,993438985,0,8898,315688,7,2019-09-30 00:00:00.0000000,2018-10-13 00:00:00.0000000,6,2020-09-14 00:00:00.0000000,2019-11-04 00:00:00.0000000,,0,0,1
40,692794,0.91360054,711141.4224,0,91360054,0,711141,4224,19,2019-07-29 00:00:00.0000000,2018-10-22 00:00:00.0000000,11,2020-09-21 00:00:00.0000000,2019-10-15 00:00:00.0000000,,0,0,1
40,668667,0.713843951,0,0,713843951,0,0,1,2019-04-24 00:00:00.0000000,2019-04-24 00:00:00.0000000,4,2020-09-10 00:00:00.0000000,2020-02-28 00:00:00.0000000,NULL,0,,0,1
40,702197,0.679804213,0,0,679804213,0,0,1,2019-02-28 00:00:00.0000000,2019-02-28 00:00:00.0000000,NULL,NULL,NULL,NULL,1,,1,1
40,432999,0.999766212,1776702.3,0,999766212,0,1776702,3,189,2019-09-30 00:00:00.0000000,2018-10-01 00:00:00.0000000,184,2020-09-30 00:00:00.0000000,2019-10-03 00:00:00.0000000,,0,0,1
40,471529,0.613306736,0,0,613306736,0,0,1,2018-10-01 00:00:00.0000000,2018-10-01 00:00:00.0000000,3,2020-08-10 00:00:00.0000000,2020-06-24 00:00:00.0000000,NULL,0,,0,1
40,572280,0.981189887,749.3151286,0,981189887,0,749,3151286,3,2019-09-12 00:00:00.0000000,2018-11-29 00:00:00.0000000,7,2020-07-13 00:00:00.0000000,2019-10-14 00:00:00.0000000,,0,0,1
40,427050,0.991626571,5113.653173,0,991626571,0,5113,653173,7,2019-09-18 00:00:00.0000000,2018-11-14 00:00:00.0000000,4,2020-06-17 00:00:00.0000000,2020-01-21 00:00:00.0000000,,0,0,1
40,526662,0.859599317,6058.835275,0,859599317,0,6058,835275,8,2019-05-28 00:00:00.0000000,2018-10-22 00:00:00.0000000,1,2020-09-16 00:00:00.0000000,2020-09-16 00:00:00.0000000,,0,0,1
40,737509,0.694342808,0,0,694342808,0,0,1,2019-03-25 00:00:00.0000000,2019-03-25 00:00:00.0000000,NULL,NULL,NULL,NULL,1,,1,1
40,579227,0.733055889,0,0,733055889,0,0,1,2019-05-20 00:00:00.0000000,2019-05-20 00:00:00.0000000,NULL,NULL,NULL,NULL,1,,1,1
40,436549,0.993583041,9795.176302,0,993583041,0,9795,176302,9,2019-09-20 00:00:00.0000000,2018-10-09 00:00:00.0000000,17,2020-06-09 00:00:00.0000000,2019-10-02 00:00:00.0000000,,0,0,1
40,749152,0.996331585,25433.33838,0,996331585,0,25433,33838,23,2019-09-26 00:00:00.0000000,2019-05-16 00:00:00.0000000,41,2020-09-29 00:00:00.0000000,2019-10-03 00:00:00.0000000,,0,0,1
40,717049,0.970702979,2297.246364,0,970702979,0,2297,246364,4,2019-07-09 00:00:00.0000000,2018-10-08 00:00:00.0000000,NULL,NULL,NULL,,1,1,1
40,724804,0.998095173,16963.5072,0,998095173,0,16963,5072,30,2019-09-27 00:00:00.0000000,2018-10-15 00:00:00.0000000,15,2020-09-29 00:00:00.0000000,2019-10-14 00:00:00.0000000,,0,0,1
40,422805,0.997426333,9286.855172,0,997426333,0,9286,855172,31,2019-09-23 00:00:00.0000000,2018-10-02 00:00:00.0000000,37,2020-09-28 00:00:00.0000000,2019-10-01 00:00:00.0000000,,0,0,1
40,697434,0.993009698,2877.267789,0,993009698,0,2877,267789,12,2019-09-11 00:00:00.0000000,2018-10-09 00:00:00.0000000,22,2020-09-25 00:00:00.0000000,2019-11-28 00:00:00.0000000,,0,0,1
40,692392,0.998563976,4409.205864,0,998563976,0,4409,205864,31,2019-09-30 00:00:00.0000000,2018-10-09 00:00:00.0000000,24,2020-09-24 00:00:00.0000000,2019-10-01 00:00:00.0000000,,0,0,1
40,593096,0.994170691,4419.954562,0,994170691,0,4419,954562,13,2019-09-17 00:00:00.0000000,2018-11-21 00:00:00.0000000,9,2020-09-21 00:00:00.0000000,2019-10-23 00:00:00.0000000,,0,0,1
40,713410,0.763349699,58.08210947,0,763349699,0,58,8210947,3,2019-01-21 00:00:00.0000000,2018-10-02 00:00:00.0000000,2,2020-06-26 00:00:00.0000000,2020-02-28 00:00:00.0000000,,0,0,1
40,726187,0.032998625,163.7932789,0,32998625,1,163,7932789,9,2019-03-05 00:00:00.0000000,2018-11-12 00:00:00.0000000,NULL,NULL,NULL,,1,1,1
40,730415,0.986087795,36918.45789,0,986087795,0,36918,45789,4,2019-09-26 00:00:00.0000000,2019-07-09 00:00:00.0000000,2,2019-10-25 00:00:00.0000000,2019-10-24 00:00:00.0000000,,0,0,1
40,434933,0.999146995,39786.32155,0,999146995,0,39786,32155,52,2019-09-30 00:00:00.0000000,2018-10-02 00:00:00.0000000,83,2020-09-30 00:00:00.0000000,2019-10-02 00:00:00.0000000,,0,0,1
40,696492,0.941813224,1568.541808,0,941813224,0,1568,541808,7,2019-06-26 00:00:00.0000000,2018-11-08 00:00:00.0000000,10,2020-09-11 00:00:00.0000000,2019-11-07 00:00:00.0000000,,0,0,1
40,734821,0.987797645,8066.179718,0,987797645,0,8066,179718,8,2019-08-26 00:00:00.0000000,2018-10-08 00:00:00.0000000,4,2020-02-28 00:00:00.0000000,2019-10-01 00:00:00.0000000,,0,0,1
40,724228,0.990097034,3618.192797,0,990097034,0,3618,192797,7,2019-09-19 00:00:00.0000000,2019-04-10 00:00:00.0000000,3,2020-09-26 00:00:00.0000000,2020-04-28 00:00:00.0000000,,0,0,1
40,636869,0.393704469,15180.8648,0,393704469,1,15180,8648,37,2019-07-29 00:00:00.0000000,2018-10-17 00:00:00.0000000,26,2020-09-24 00:00:00.0000000,2019-10-10 00:00:00.0000000,,0,0,1
40,662265,0.972485985,108.9699772,0,972485985,0,108,9699772,2,2019-09-18 00:00:00.0000000,2019-01-23 00:00:00.0000000,2,2020-05-22 00:00:00.0000000,2019-12-02 00:00:00.0000000,,0,0,1
40,430738,0.997535766,7411.016718,0,997535766,0,7411,16718,26,2019-09-25 00:00:00.0000000,2018-10-17 00:00:00.0000000,33,2020-09-17 00:00:00.0000000,2019-10-04 00:00:00.0000000,,0,0,1
40,468646,0.979861514,198.3575971,0,979861514,0,198,3575971,3,2019-09-19 00:00:00.0000000,2019-05-27 00:00:00.0000000,2,2019-10-31 00:00:00.0000000,2019-10-14 00:00:00.0000000,,0,0,1
40,724750,0.348549011,297.7963956,0,348549011,1,297,7963956,10,2019-04-10 00:00:00.0000000,2018-10-01 00:00:00.0000000,1,2019-10-09 00:00:00.0000000,2019-10-09 00:00:00.0000000,,0,0,1
40,660740,0.998292162,38814.39209,0,998292162,0,38814,39209,53,2019-09-25 00:00:00.0000000,2018-10-01 00:00:00.0000000,50,2020-09-29 00:00:00.0000000,2019-10-01 00:00:00.0000000,,0,0,1
40,594112,0.613666875,0,0,613666875,0,0,1,2018-10-02 00:00:00.0000000,2018-10-02 00:00:00.0000000,3,2020-07-23 00:00:00.0000000,2019-12-20 00:00:00.0000000,NULL,0,,0,1
40,677810,0.987438205,13356.69152,0,987438205,0,13356,69152,34,2019-09-06 00:00:00.0000000,2018-10-05 00:00:00.0000000,25,2020-07-29 00:00:00.0000000,2019-10-04 00:00:00.0000000,,0,0,1
40,641090,0.99869772,79347.09858,0,99869772,0,79347,9858,91,2019-09-26 00:00:00.0000000,2018-10-02 00:00:00.0000000,108,2020-09-30 00:00:00.0000000,2019-10-01 00:00:00.0000000,,0,0,1
40,566496,0.262816266,117.1798463,0,262816266,1,117,1798463,2,2018-10-16 00:00:00.0000000,2018-10-04 00:00:00.0000000,NULL,NULL,NULL,,1,1,1
40,602925,0.961900256,3027197.871,0,961900256,0,3027197,871,10,2019-08-01 00:00:00.0000000,2018-12-14 00:00:00.0000000,5,2019-11-22 00:00:00.0000000,2019-10-10 00:00:00.0000000,,0,0,1
40,589970,0.999146995,35754.99849,0,999146995,0,35754,99849,52,2019-09-30 00:00:00.0000000,2018-10-09 00:00:00.0000000,36,2020-09-30 00:00:00.0000000,2019-10-01 00:00:00.0000000,,0,0,1
40,424905,0.998883059,66169.35555,0,998883059,0,66169,35555,70,2019-09-27 00:00:00.0000000,2018-10-03 00:00:00.0000000,67,2020-09-30 00:00:00.0000000,2019-10-01 00:00:00.0000000,,0,0,1
40,432365,0.670651523,0,0,670651523,0,0,1,2019-02-11 00:00:00.0000000,2019-02-11 00:00:00.0000000,NULL,NULL,NULL,NULL,1,,1,1
40,738693,0.973318626,1619234.567,0,973318626,0,1619234,567,3,2019-09-18 00:00:00.0000000,2019-08-01 00:00:00.0000000,2,2019-12-20 00:00:00.0000000,2019-10-10 00:00:00.0000000,,0,0,1
40,423871,0.996978175,5696.358782,0,996978175,0,5696,358782,24,2019-09-23 00:00:00.0000000,2018-10-29 00:00:00.0000000,13,2020-08-12 00:00:00.0000000,2019-10-21 00:00:00.0000000,,0,0,1
40,676806,0.972407646,264.0296712,0,972407646,0,264,296712,2,2019-09-19 00:00:00.0000000,2019-02-22 00:00:00.0000000,NULL,NULL,NULL,,1,1,1
40,710372,0.996959814,12682.56013,0,996959814,0,12682,56013,25,2019-09-23 00:00:00.0000000,2018-11-15 00:00:00.0000000,15,2020-08-18 00:00:00.0000000,2019-10-01 00:00:00.0000000,,0,0,1
40,702930,0.970478876,1225.56962,0,970478876,0,1225,56962,5,2019-07-09 00:00:00.0000000,2018-10-05 00:00:00.0000000,NULL,NULL,NULL,,1,1,1
40,546706,0.998768938,41651.37182,0,998768938,0,41651,37182,58,2019-09-27 00:00:00.0000000,2018-10-08 00:00:00.0000000,30,2020-09-16 00:00:00.0000000,2019-10-03 00:00:00.0000000,,0,0,1
40,527661,0.17568334,1493.522808,0,17568334,1,1493,522808,5,2019-05-24 00:00:00.0000000,2019-04-16 00:00:00.0000000,11,2020-09-28 00:00:00.0000000,2019-11-27 00:00:00.0000000,,0,0,1
40,621103,0.999010953,99639.14215,0,999010953,0,99639,14215,104,2019-09-27 00:00:00.0000000,2018-10-02 00:00:00.0000000,91,2020-09-30 00:00:00.0000000,2019-10-01 00:00:00.0000000,,0,0,1
40,617118,0.988154667,478.9482834,0,988154667,0,478,9482834,4,2019-09-30 00:00:00.0000000,2019-01-21 00:00:00.0000000,9,2020-09-28 00:00:00.0000000,2019-10-18 00:00:00.0000000,,0,0,1
40,433177,0.996481391,617310.3086,0,996481391,0,617310,3086,118,2019-09-23 00:00:00.0000000,2018-10-01 00:00:00.0000000,106,2020-09-21 00:00:00.0000000,2019-10-02 00:00:00.0000000,,0,0,1
40,429664,0.97752999,1092.859644,0,97752999,0,1092,859644,6,2019-07-29 00:00:00.0000000,2018-10-16 00:00:00.0000000,5,2020-07-06 00:00:00.0000000,2019-10-16 00:00:00.0000000,,0,0,1
40,674514,0.777945373,1283.1593,0,777945373,0,1283,1593,3,2019-05-15 00:00:00.0000000,2019-03-15 00:00:00.0000000,3,2019-12-18 00:00:00.0000000,2019-10-25 00:00:00.0000000,,0,0,1
40,602823,0.102092043,814.5316494,0,102092043,1,814,5316494,12,2019-04-02 00:00:00.0000000,2018-10-01 00:00:00.0000000,NULL,NULL,NULL,,1,1,1
40,586317,0.990130187,1163.958776,0,990130187,0,1163,958776,5,2019-09-26 00:00:00.0000000,2018-11-12 00:00:00.0000000,9,2020-03-16 00:00:00.0000000,2019-10-14 00:00:00.0000000,,0,0,1
40,622524,0.993672362,1713.208006,0,993672362,0,1713,208006,8,2019-09-25 00:00:00.0000000,2018-10-02 00:00:00.0000000,8,2020-03-24 00:00:00.0000000,2019-10-07 00:00:00.0000000,,0,0,1
40,725740,0.014350459,219.6978255,0,14350459,1,219,6978255,5,2018-12-18 00:00:00.0000000,2018-11-07 00:00:00.0000000,NULL,NULL,NULL,,1,1,1
40,431178,0.998324292,204508.449,0,998324292,0,204508,449,63,2019-09-25 00:00:00.0000000,2018-10-09 00:00:00.0000000,77,2020-09-22 00:00:00.0000000,2019-10-07 00:00:00.0000000,,0,0,1
40,575909,0.816072639,170.9932521,0,816072639,0,170,9932521,2,2019-01-14 00:00:00.0000000,2018-10-25 00:00:00.0000000,5,2020-05-08 00:00:00.0000000,2019-10-01 00:00:00.0000000,,0,0,1
40,430688,0.989353355,2626.474162,0,989353355,0,2626,474162,5,2019-09-20 00:00:00.0000000,2018-10-22 00:00:00.0000000,7,2020-09-21 00:00:00.0000000,2020-05-26 00:00:00.0000000,,0,0,1
40,432089,0.999024382,232954.3796,0,999024382,0,232954,3796,115,2019-09-27 00:00:00.0000000,2018-10-01 00:00:00.0000000,107,2020-09-30 00:00:00.0000000,2019-10-02 00:00:00.0000000,,0,0,1
40,645672,0.872516679,981.9497235,0,872516679,0,981,9497235,2,2019-06-11 00:00:00.0000000,2019-04-23 00:00:00.0000000,NULL,NULL,NULL,,1,1,1
40,578302,0.979457212,8657.522988,0,979457212,0,8657,522988,3,2019-09-24 00:00:00.0000000,2019-08-01 00:00:00.0000000,3,2020-09-28 00:00:00.0000000,2019-10-02 00:00:00.0000000,,0,0,1
40,434985,0.965469069,1182.7281,0,965469069,0,1182,7281,5,2019-07-09 00:00:00.0000000,2018-11-13 00:00:00.0000000,8,2020-06-30 00:00:00.0000000,2019-10-08 00:00:00.0000000,,0,0,1
40,600963,0.431508671,328.7658869,0,431508671,1,328,7658869,2,2018-11-02 00:00:00.0000000,2018-10-10 00:00:00.0000000,3,2020-09-22 00:00:00.0000000,2019-11-27 00:00:00.0000000,,0,0,1
40,611200,0.988040311,48928.15089,0,988040311,0,48928,15089,21,2019-09-06 00:00:00.0000000,2018-12-14 00:00:00.0000000,7,2020-09-07 00:00:00.0000000,2019-11-20 00:00:00.0000000,,0,0,1
40,430608,0.980266475,1888.835562,0,980266475,0,1888,835562,8,2019-08-05 00:00:00.0000000,2018-10-05 00:00:00.0000000,1,2020-07-02 00:00:00.0000000,2020-07-02 00:00:00.0000000,,0,0,1
40,598878,0.997035495,9401.331906,0,997035495,0,9401,331906,25,2019-09-23 00:00:00.0000000,2018-10-30 00:00:00.0000000,28,2020-09-24 00:00:00.0000000,2019-10-03 00:00:00.0000000,,0,0,1
40,737986,0.363708754,14295.13381,0,363708754,1,14295,13381,7,2019-03-11 00:00:00.0000000,2018-10-17 00:00:00.0000000,NULL,NULL,NULL,,1,1,1
40,429590,0.99300258,54930.52652,0,99300258,0,54930,52652,88,2019-09-19 00:00:00.0000000,2018-10-01 00:00:00.0000000,44,2020-09-30 00:00:00.0000000,2019-10-01 00:00:00.0000000,,0,0,1
40,546768,0.490365161,485.2927866,0,490365161,1,485,2927866,2,2019-01-11 00:00:00.0000000,2018-12-21 00:00:00.0000000,10,2020-09-29 00:00:00.0000000,2019-12-02 00:00:00.0000000,,0,0,1
40,434027,0.644788568,726.5068584,0,644788568,0,726,5068584,4,2019-02-27 00:00:00.0000000,2018-11-14 00:00:00.0000000,NULL,NULL,NULL,,1,1,1
40,429473,0.999779088,1665173.56,0,999779088,0,1665173,56,200,2019-09-30 00:00:00.0000000,2018-10-01 00:00:00.0000000,216,2020-09-30 00:00:00.0000000,2019-10-01 00:00:00.0000000,,0,0,1
40,658052,0.563511972,954.4927318,0,563511972,0,954,4927318,4,2019-01-23 00:00:00.0000000,2018-10-09 00:00:00.0000000,1,2020-05-04 00:00:00.0000000,2020-05-04 00:00:00.0000000,,0,0,1
40,719556,0.944603782,2130.889938,0,944603782,0,2130,889938,2,2019-05-08 00:00:00.0000000,2018-10-11 00:00:00.0000000,4,2020-04-15 00:00:00.0000000,2019-10-04 00:00:00.0000000,,0,0,1
40,745553,0.723142786,0,0,723142786,0,0,1,2019-05-07 00:00:00.0000000,2019-05-07 00:00:00.0000000,NULL,NULL,NULL,NULL,1,,1,1
40,424984,0.696802947,0,0,696802947,0,0,1,2019-03-29 00:00:00.0000000,2019-03-29 00:00:00.0000000,1,2020-07-22 00:00:00.0000000,2020-07-22 00:00:00.0000000,NULL,0,,0,1
40,434694,0.999006722,357363.921,0,999006722,0,357363,921,145,2019-09-27 00:00:00.0000000,2018-10-03 00:00:00.0000000,123,2020-09-29 00:00:00.0000000,2019-10-01 00:00:00.0000000,,0,0,1
40,431543,7.64E-04,6.705091091,0,764,1,6,705091091,9,2018-12-20 00:00:00.0000000,2018-10-01 00:00:00.0000000,NULL,NULL,NULL,,1,1,1
40,580343,0.969085216,388.9400018,0,969085216,0,388,9400018,2,2019-08-22 00:00:00.0000000,2018-11-08 00:00:00.0000000,1,2019-12-02 00:00:00.0000000,2019-12-02 00:00:00.0000000,,0,0,1
40,582489,0.979916459,36185.26832,0,979916459,0,36185,26832,13,2019-08-30 00:00:00.0000000,2019-02-13 00:00:00.0000000,13,2020-07-30 00:00:00.0000000,2019-10-10 00:00:00.0000000,,0,0,1
40,745269,0.939126229,0,0,939126229,0,0,1,2019-09-30 00:00:00.0000000,2019-09-30 00:00:00.0000000,NULL,NULL,NULL,NULL,1,,1,1
40,431199,0.811899988,3101.757854,0,811899988,0,3101,757854,4,2019-06-06 00:00:00.0000000,2019-03-15 00:00:00.0000000,NULL,NULL,NULL,,1,1,1
40,558803,0.999659884,317753.8066,0,999659884,0,317753,8066,130,2019-09-30 00:00:00.0000000,2018-10-02 00:00:00.0000000,117,2020-09-28 00:00:00.0000000,2019-10-03 00:00:00.0000000,,0,0,1
40,659458,0.219014871,273.8339965,0,219014871,1,273,8339965,2,2018-12-05 00:00:00.0000000,2018-11-28 00:00:00.0000000,NULL,NULL,NULL,,1,1,1
40,604943,0.984081914,10663.82341,0,984081914,0,10663,82341,35,2019-09-05 00:00:00.0000000,2018-10-19 00:00:00.0000000,24,2020-09-22 00:00:00.0000000,2019-10-02 00:00:00.0000000,,0,0,1
40,557069,0.673314504,2215.00782,0,673314504,0,2215,782,14,2019-06-14 00:00:00.0000000,2018-10-22 00:00:00.0000000,5,2020-09-24 00:00:00.0000000,2019-10-15 00:00:00.0000000,,0,0,1
40,745072,0.655700388,192.4249916,0,655700388,0,192,4249916,2,2019-02-07 00:00:00.0000000,2019-01-04 00:00:00.0000000,NULL,NULL,NULL,,1,1,1
40,720548,0.999811224,2882482.648,0,999811224,0,2882482,648,234,2019-09-30 00:00:00.0000000,2018-10-02 00:00:00.0000000,204,2020-09-30 00:00:00.0000000,2019-10-01 00:00:00.0000000,,0,0,1
40,680923,0.892517179,0,0,892517179,0,0,1,2019-09-17 00:00:00.0000000,2019-09-17 00:00:00.0000000,NULL,NULL,NULL,NULL,1,,1,1
40,428231,0.661028848,0,0,661028848,0,0,1,2019-01-23 00:00:00.0000000,2019-01-23 00:00:00.0000000,NULL,NULL,NULL,NULL,1,,1,1
40,744424,0.636571618,0,0,636571618,0,0,1,2018-11-30 00:00:00.0000000,2018-11-30 00:00:00.0000000,NULL,NULL,NULL,NULL,1,,1,1
40,431425,0.996381814,29064.99658,0,996381814,0,29064,99658,31,2019-09-19 00:00:00.0000000,2018-10-03 00:00:00.0000000,14,2020-09-09 00:00:00.0000000,2019-10-08 00:00:00.0000000,,0,0,1
40,641538,0.007278712,170.3310908,0,7278712,1,170,3310908,27,2019-05-30 00:00:00.0000000,2018-10-17 00:00:00.0000000,13,2020-09-24 00:00:00.0000000,2019-10-17 00:00:00.0000000,,0,0,1
40,425308,0.894478135,1701.301181,0,894478135,0,1701,301181,8,2019-06-24 00:00:00.0000000,2018-12-13 00:00:00.0000000,10,2020-09-30 00:00:00.0000000,2019-12-04 00:00:00.0000000,,0,0,1
40,720435,0.982153038,401.9257103,0,982153038,0,401,9257103,3,2019-09-16 00:00:00.0000000,2018-10-02 00:00:00.0000000,5,2020-02-13 00:00:00.0000000,2019-11-07 00:00:00.0000000,,0,0,1
40,731968,0.848069765,0,0,848069765,0,0,1,2019-08-28 00:00:00.0000000,2019-08-28 00:00:00.0000000,3,2020-06-02 00:00:00.0000000,2020-04-15 00:00:00.0000000,NULL,0,,0,1
40,465224,0.687774986,0,0,687774986,0,0,1,2019-03-14 00:00:00.0000000,2019-03-14 00:00:00.0000000,NULL,NULL,NULL,NULL,1,,1,1
40,646702,0.643859903,0,0,643859903,0,0,1,2018-12-17 00:00:00.0000000,2018-12-17 00:00:00.0000000,NULL,NULL,NULL,NULL,1,,1,1
40,431994,0.515751355,205.7740642,0,515751355,0,205,7740642,2,2019-07-08 00:00:00.0000000,2019-07-05 00:00:00.0000000,3,2020-05-13 00:00:00.0000000,2020-01-15 00:00:00.0000000,,0,0,1
40,433522,0.997514271,8429.411711,0,997514271,0,8429,411711,23,2019-09-26 00:00:00.0000000,2018-10-05 00:00:00.0000000,32,2020-09-28 00:00:00.0000000,2019-10-08 00:00:00.0000000,,0,0,1
40,432446,0.887292606,1737.78911,0,887292606,0,1737,78911,7,2019-06-17 00:00:00.0000000,2018-12-21 00:00:00.0000000,1,2020-06-16 00:00:00.0000000,2020-06-16 00:00:00.0000000,,0,0,1
40,725033,0.714539235,0,0,714539235,0,0,1,2019-04-25 00:00:00.0000000,2019-04-25 00:00:00.0000000,NULL,NULL,NULL,NULL,1,,1,1
40,674737,0.99678527,10760.71761,0,99678527,0,10760,71761,14,2019-09-30 00:00:00.0000000,2018-10-05 00:00:00.0000000,20,2020-09-15 00:00:00.0000000,2019-10-16 00:00:00.0000000,,0,0,1
40,670014,0.999163173,29026.05381,0,999163173,0,29026,5381,53,2019-09-30 00:00:00.0000000,2018-10-04 00:00:00.0000000,26,2020-09-11 00:00:00.0000000,2019-10-02 00:00:00.0000000,,0,0,1
40,575765,0.848069765,0,0,848069765,0,0,1,2019-08-28 00:00:00.0000000,2019-08-28 00:00:00.0000000,6,2020-06-03 00:00:00.0000000,2019-10-28 00:00:00.0000000,NULL,0,,0,1
40,435770,0.981046628,3671.168788,0,981046628,0,3671,168788,7,2019-08-14 00:00:00.0000000,2018-11-29 00:00:00.0000000,17,2020-09-29 00:00:00.0000000,2019-10-15 00:00:00.0000000,,0,0,1
40,748471,0.745379919,0,0,745379919,0,0,1,2019-06-04 00:00:00.0000000,2019-06-04 00:00:00.0000000,NULL,NULL,NULL,NULL,1,,1,1
40,433630,0.997769566,95803.89451,0,997769566,0,95803,89451,100,2019-09-24 00:00:00.0000000,2018-10-01 00:00:00.0000000,32,2020-09-25 00:00:00.0000000,2019-10-04 00:00:00.0000000,,0,0,1
40,743203,0.994093259,25192.28899,0,994093259,0,25192,28899,18,2019-09-16 00:00:00.0000000,2018-12-20 00:00:00.0000000,12,2020-09-21 00:00:00.0000000,2019-11-25 00:00:00.0000000,,0,0,1
40,708503,0.995988424,21135.25321,0,995988424,0,21135,25321,21,2019-09-19 00:00:00.0000000,2018-10-10 00:00:00.0000000,12,2020-08-11 00:00:00.0000000,2019-10-03 00:00:00.0000000,,0,0,1
40,433174,0.999811224,1894016.448,0,999811224,0,1894016,448,234,2019-09-30 00:00:00.0000000,2018-10-02 00:00:00.0000000,199,2020-09-30 00:00:00.0000000,2019-10-01 00:00:00.0000000,,0,0,1
40,716055,0.96466113,2205.722791,0,96466113,0,2205,722791,7,2019-07-31 00:00:00.0000000,2019-01-14 00:00:00.0000000,1,2020-01-29 00:00:00.0000000,2020-01-29 00:00:00.0000000,,0,0,1
40,425118,0.99840859,66358.79653,0,99840859,0,66358,79653,28,2019-09-30 00:00:00.0000000,2018-10-23 00:00:00.0000000,36,2020-09-30 00:00:00.0000000,2019-10-17 00:00:00.0000000,,0,0,1
40,577289,0.994620532,47837.13254,0,994620532,0,47837,13254,41,2019-09-16 00:00:00.0000000,2018-10-11 00:00:00.0000000,20,2020-09-28 00:00:00.0000000,2019-10-01 00:00:00.0000000,,0,0,1
40,425909,0.998852632,5849243.699,0,998852632,0,5849243,699,208,2019-09-27 00:00:00.0000000,2018-10-01 00:00:00.0000000,220,2020-09-30 00:00:00.0000000,2019-10-01 00:00:00.0000000,,0,0,1
40,586964,0.304750733,1690.991882,0,304750733,1,1690,991882,8,2019-03-18 00:00:00.0000000,2018-10-13 00:00:00.0000000,6,2020-09-29 00:00:00.0000000,2020-01-09 00:00:00.0000000,,0,0,1
40,427236,0.997718317,14868.83365,0,997718317,0,14868,83365,24,2019-09-27 00:00:00.0000000,2018-10-25 00:00:00.0000000,15,2020-05-13 00:00:00.0000000,2019-10-02 00:00:00.0000000,,0,0,1
40,748222,0.729165003,0,0,729165003,0,0,1,2019-05-15 00:00:00.0000000,2019-05-15 00:00:00.0000000,NULL,NULL,NULL,NULL,1,,1,1
40,426264,0.966548679,1775.264555,0,966548679,0,1775,264555,4,2019-07-01 00:00:00.0000000,2018-10-18 00:00:00.0000000,7,2020-09-29 00:00:00.0000000,2019-11-07 00:00:00.0000000,,0,0,1
40,431084,0.699303446,0,0,699303446,0,0,1,2019-04-02 00:00:00.0000000,2019-04-02 00:00:00.0000000,1,2020-09-14 00:00:00.0000000,2020-09-14 00:00:00.0000000,NULL,0,,0,1
40,431559,0.997969071,16911.54362,0,997969071,0,16911,54362,22,2019-09-30 00:00:00.0000000,2018-10-08 00:00:00.0000000,33,2020-07-30 00:00:00.0000000,2019-10-21 00:00:00.0000000,,0,0,1
40,430376,1.40E-05,0.037913831,1,4.00E-05,1,0,37913831,8,2018-11-08 00:00:00.0000000,2018-10-03 00:00:00.0000000,NULL,NULL,NULL,,1,1,1
40,431840,0.99865174,22477.148,0,99865174,0,22477,148,33,2019-09-30 00:00:00.0000000,2018-10-09 00:00:00.0000000,14,2020-05-22 00:00:00.0000000,2019-10-14 00:00:00.0000000,,0,0,1
40,421729,0.96761709,5714.229868,0,96761709,0,5714,229868,3,2019-09-19 00:00:00.0000000,2019-08-22 00:00:00.0000000,7,2020-09-22 00:00:00.0000000,2019-12-09 00:00:00.0000000,,0,0,1
40,740570,0.95844474,84.90808115,0,95844474,0,84,90808115,3,2019-06-06 00:00:00.0000000,2018-10-03 00:00:00.0000000,13,2020-09-29 00:00:00.0000000,2019-10-29 00:00:00.0000000,,0,0,1
40,737650,0.99750018,36005.56291,0,99750018,0,36005,56291,28,2019-09-24 00:00:00.0000000,2018-10-03 00:00:00.0000000,11,2020-06-01 00:00:00.0000000,2019-10-07 00:00:00.0000000,,0,0,1
40,732855,0.919707691,20682.30979,0,919707691,0,20682,30979,12,2019-07-31 00:00:00.0000000,2019-01-23 00:00:00.0000000,5,2020-07-09 00:00:00.0000000,2019-10-29 00:00:00.0000000,,0,0,1
40,621569,0.999809595,1529099.865,0,999809595,0,1529099,865,232,2019-09-30 00:00:00.0000000,2018-10-02 00:00:00.0000000,197,2020-09-30 00:00:00.0000000,2019-10-01 00:00:00.0000000,,0,0,1
40,427085,0.638679574,0,0,638679574,0,0,1,2018-12-05 00:00:00.0000000,2018-12-05 00:00:00.0000000,NULL,NULL,NULL,NULL,1,,1,1
40,520836,0.633257947,0,0,633257947,0,0,1,2018-11-22 00:00:00.0000000,2018-11-22 00:00:00.0000000,NULL,NULL,NULL,NULL,1,,1,1
40,729094,0.016908331,758.589762,0,16908331,1,758,589762,33,2019-06-21 00:00:00.0000000,2018-10-10 00:00:00.0000000,NULL,NULL,NULL,,1,1,1
40,660743,0.936755984,5094.83324,0,936755984,0,5094,83324,8,2019-07-09 00:00:00.0000000,2018-12-12 00:00:00.0000000,23,2020-09-22 00:00:00.0000000,2019-10-11 00:00:00.0000000,,0,0,1
40,706442,0.629214003,0,0,629214003,0,0,1,2018-11-12 00:00:00.0000000,2018-11-12 00:00:00.0000000,NULL,NULL,NULL,NULL,1,,1,1
40,620991,0.993438985,71380.84014,0,993438985,0,71380,84014,7,2019-09-30 00:00:00.0000000,2018-10-23 00:00:00.0000000,9,2020-08-10 00:00:00.0000000,2019-10-03 00:00:00.0000000,,0,0,1
40,695958,0.728398846,0,0,728398846,0,0,1,2019-05-14 00:00:00.0000000,2019-05-14 00:00:00.0000000,NULL,NULL,NULL,NULL,1,,1,1
40,653486,0.648766986,0,0,648766986,0,0,1,2018-12-28 00:00:00.0000000,2018-12-28 00:00:00.0000000,1,2019-10-14 00:00:00.0000000,2019-10-14 00:00:00.0000000,NULL,0,,0,1
40,669277,0.991762866,3643.813097,0,991762866,0,3643,813097,7,2019-09-19 00:00:00.0000000,2018-11-20 00:00:00.0000000,5,2020-09-08 00:00:00.0000000,2019-10-31 00:00:00.0000000,,0,0,1
40,689657,0.998200576,13450.87299,0,998200576,0,13450,87299,32,2019-09-27 00:00:00.0000000,2018-10-03 00:00:00.0000000,25,2020-09-21 00:00:00.0000000,2019-10-25 00:00:00.0000000,,0,0,1
40,597354,0.999508257,174567.7108,0,999508257,0,174567,7108,90,2019-09-30 00:00:00.0000000,2018-10-02 00:00:00.0000000,77,2020-09-30 00:00:00.0000000,2019-10-02 00:00:00.0000000,,0,0,1
40,724327,0.936816956,1525.39489,0,936816956,0,1525,39489,3,2019-06-13 00:00:00.0000000,2019-01-22 00:00:00.0000000,2,2020-05-13 00:00:00.0000000,2019-10-29 00:00:00.0000000,,0,0,1
40,565323,0.999670057,178097.1269,0,999670057,0,178097,1269,134,2019-09-30 00:00:00.0000000,2018-10-01 00:00:00.0000000,92,2020-09-29 00:00:00.0000000,2019-10-01 00:00:00.0000000,,0,0,1
40,731954,0.094643353,87.94167449,0,94643353,1,87,94167449,2,2018-10-04 00:00:00.0000000,2018-10-02 00:00:00.0000000,NULL,NULL,NULL,,1,1,1
40,671209,0.973973814,939.053106,0,973973814,0,939,53106,2,2019-09-26 00:00:00.0000000,2018-10-17 00:00:00.0000000,2,2020-02-21 00:00:00.0000000,2020-01-31 00:00:00.0000000,,0,0,1
40,737841,0.855154318,2567.093174,0,855154318,0,2567,93174,3,2019-03-07 00:00:00.0000000,2018-10-25 00:00:00.0000000,5,2020-06-29 00:00:00.0000000,2019-12-24 00:00:00.0000000,,0,0,1
40,743113,0.247869899,299.6169917,0,247869899,1,299,6169917,6,2019-03-13 00:00:00.0000000,2018-12-05 00:00:00.0000000,4,2020-03-04 00:00:00.0000000,2019-10-03 00:00:00.0000000,,0,0,1
40,646479,0.99736191,14153.0545,0,99736191,0,14153,545,17,2019-09-30 00:00:00.0000000,2018-10-22 00:00:00.0000000,19,2020-09-30 00:00:00.0000000,2019-10-09 00:00:00.0000000,,0,0,1
40,424853,0.033660845,73.14488539,0,33660845,1,73,14488539,4,2018-11-07 00:00:00.0000000,2018-10-03 00:00:00.0000000,1,2020-03-03 00:00:00.0000000,2020-03-03 00:00:00.0000000,,0,0,1
40,743591,0.981878987,29524.72586,0,981878987,0,29524,72586,3,2019-09-17 00:00:00.0000000,2018-12-13 00:00:00.0000000,2,2019-11-29 00:00:00.0000000,2019-10-21 00:00:00.0000000,,0,0,1
40,748602,0.93989881,5426.820616,0,93989881,0,5426,820616,2,2019-08-23 00:00:00.0000000,2019-07-11 00:00:00.0000000,3,2019-10-24 00:00:00.0000000,2019-10-15 00:00:00.0000000,,0,0,1
40,424100,0.997476512,11923.84818,0,997476512,0,11923,84818,21,2019-09-27 00:00:00.0000000,2018-10-08 00:00:00.0000000,54,2020-09-28 00:00:00.0000000,2019-10-09 00:00:00.0000000,,0,0,1
40,566214,0.995403555,64968.62161,0,995403555,0,64968,62161,19,2019-09-17 00:00:00.0000000,2018-10-05 00:00:00.0000000,28,2020-09-25 00:00:00.0000000,2019-10-29 00:00:00.0000000,,0,0,1
40,429280,0.998980869,292038.0969,0,998980869,0,292038,969,91,2019-09-27 00:00:00.0000000,2018-10-03 00:00:00.0000000,110,2020-09-28 00:00:00.0000000,2019-10-04 00:00:00.0000000,,0,0,1
40,694410,0.99938485,36240.42273,0,99938485,0,36240,42273,72,2019-09-30 00:00:00.0000000,2018-10-04 00:00:00.0000000,77,2020-09-28 00:00:00.0000000,2019-10-07 00:00:00.0000000,,0,0,1
40,560470,0.998609241,13386.55539,0,998609241,0,13386,55539,32,2019-09-30 00:00:00.0000000,2018-10-02 00:00:00.0000000,20,2020-09-10 00:00:00.0000000,2019-12-04 00:00:00.0000000,,0,0,1
40,657501,0.997265277,39226.98371,0,997265277,0,39226,98371,30,2019-09-23 00:00:00.0000000,2018-10-30 00:00:00.0000000,36,2020-09-21 00:00:00.0000000,2019-10-23 00:00:00.0000000,,0,0,1
40,428240,0.923085034,4297.750784,0,923085034,0,4297,750784,11,2019-07-04 00:00:00.0000000,2018-10-16 00:00:00.0000000,13,2020-08-25 00:00:00.0000000,2019-10-14 00:00:00.0000000,,0,0,1
40,689662,0.701808396,1855.697777,0,701808396,0,1855,697777,5,2019-04-05 00:00:00.0000000,2018-11-26 00:00:00.0000000,4,2020-04-14 00:00:00.0000000,2019-10-02 00:00:00.0000000,,0,0,1
40,432002,0.625273959,0,0,625273959,0,0,1,2018-11-02 00:00:00.0000000,2018-11-02 00:00:00.0000000,NULL,NULL,NULL,NULL,1,,1,1
40,734516,0.998841613,26527.48769,0,998841613,0,26527,48769,65,2019-09-27 00:00:00.0000000,2018-10-05 00:00:00.0000000,63,2020-09-22 00:00:00.0000000,2019-10-14 00:00:00.0000000,,0,0,1
40,730777,0.62449796,0,0,62449796,0,0,1,2018-10-31 00:00:00.0000000,2018-10-31 00:00:00.0000000,NULL,NULL,NULL,NULL,1,,1,1
40,739540,0.648314359,0,0,648314359,0,0,1,2018-12-27 00:00:00.0000000,2018-12-27 00:00:00.0000000,2,2020-07-13 00:00:00.0000000,2019-12-23 00:00:00.0000000,NULL,0,,0,1
40,435936,0.996727633,18886.17183,0,996727633,0,18886,17183,20,2019-09-23 00:00:00.0000000,2018-10-09 00:00:00.0000000,16,2020-09-21 00:00:00.0000000,2019-10-04 00:00:00.0000000,,0,0,1
40,641243,0.989498317,994.3473348,0,989498317,0,994,3473348,8,2019-09-04 00:00:00.0000000,2018-11-07 00:00:00.0000000,NULL,NULL,NULL,,1,1,1
40,423805,0.990213664,2512.895871,0,990213664,0,2512,895871,7,2019-09-09 00:00:00.0000000,2018-10-19 00:00:00.0000000,13,2020-09-17 00:00:00.0000000,2019-11-07 00:00:00.0000000,,0,0,1
40,742473,0.966030448,3966.958862,0,966030448,0,3966,958862,4,2019-07-10 00:00:00.0000000,2018-11-26 00:00:00.0000000,2,2019-12-30 00:00:00.0000000,2019-12-18 00:00:00.0000000,,0,0,1
40,676539,0.994304431,5137.323265,0,994304431,0,5137,323265,14,2019-09-17 00:00:00.0000000,2018-11-27 00:00:00.0000000,5,2020-08-21 00:00:00.0000000,2019-11-25 00:00:00.0000000,,0,0,1
40,538995,0.9877623,6328.0471,0,9877623,0,6328,471,4,2019-09-27 00:00:00.0000000,2018-11-15 00:00:00.0000000,9,2020-08-18 00:00:00.0000000,2019-10-01 00:00:00.0000000,,0,0,1
40,721254,0.998928282,1035803.832,0,998928282,0,1035803,832,184,2019-09-27 00:00:00.0000000,2018-10-02 00:00:00.0000000,113,2020-07-24 00:00:00.0000000,2019-10-02 00:00:00.0000000,,0,0,1
40,538656,0.975199896,5773.240797,0,975199896,0,5773,240797,3,2019-09-04 00:00:00.0000000,2019-04-23 00:00:00.0000000,9,2020-09-29 00:00:00.0000000,2019-11-08 00:00:00.0000000,,0,0,1
40,724846,0.835413908,1009.333254,0,835413908,0,1009,333254,7,2019-05-09 00:00:00.0000000,2018-10-15 00:00:00.0000000,NULL,NULL,NULL,,1,1,1
40,702421,0.008496208,38.69209153,0,8496208,1,38,69209153,10,2019-02-18 00:00:00.0000000,2018-10-29 00:00:00.0000000,NULL,NULL,NULL,,1,1,1
40,738646,0.550290766,60.64726929,0,550290766,0,60,64726929,2,2018-12-19 00:00:00.0000000,2018-11-20 00:00:00.0000000,NULL,NULL,NULL,,1,1,1
40,426382,0.974149264,3298.05712,0,974149264,0,3298,5712,10,2019-07-30 00:00:00.0000000,2018-10-03 00:00:00.0000000,3,2020-01-24 00:00:00.0000000,2019-10-31 00:00:00.0000000,,0,0,1
40,449055,0.99980877,1291436.795,0,99980877,0,1291436,795,231,2019-09-30 00:00:00.0000000,2018-10-02 00:00:00.0000000,192,2020-09-30 00:00:00.0000000,2019-10-01 00:00:00.0000000,,0,0,1
40,432213,0.998265908,18470.25794,0,998265908,0,18470,25794,51,2019-09-25 00:00:00.0000000,2018-10-03 00:00:00.0000000,3,2020-06-25 00:00:00.0000000,2019-11-11 00:00:00.0000000,,0,0,1
40,707568,0.924422926,1377.247536,0,924422926,0,1377,247536,3,2019-06-19 00:00:00.0000000,2019-02-27 00:00:00.0000000,3,2020-07-23 00:00:00.0000000,2020-07-14 00:00:00.0000000,,0,0,1
40,583840,0.96168258,1640.78081,0,96168258,0,1640,78081,2,2019-07-15 00:00:00.0000000,2018-11-12 00:00:00.0000000,2,2020-01-29 00:00:00.0000000,2020-01-14 00:00:00.0000000,,0,0,1
40,707205,0.969203752,2183.090023,0,969203752,0,2183,90023,6,2019-07-10 00:00:00.0000000,2018-10-05 00:00:00.0000000,2,2020-06-24 00:00:00.0000000,2020-01-09 00:00:00.0000000,,0,0,1
40,716747,0.997546209,17160.32864,0,997546209,0,17160,32864,36,2019-09-23 00:00:00.0000000,2018-10-06 00:00:00.0000000,38,2020-09-23 00:00:00.0000000,2019-10-08 00:00:00.0000000,,0,0,1
40,575990,0.998617919,73992.88284,0,998617919,0,73992,88284,64,2019-09-26 00:00:00.0000000,2018-10-02 00:00:00.0000000,32,2020-09-22 00:00:00.0000000,2019-10-09 00:00:00.0000000,,0,0,1
40,425291,0.752113836,1451.791451,0,752113836,0,1451,791451,3,2019-07-11 00:00:00.0000000,2019-06-11 00:00:00.0000000,NULL,NULL,NULL,,1,1,1
40,432600,0.968578288,1049.336247,0,968578288,0,1049,336247,9,2019-07-23 00:00:00.0000000,2018-10-17 00:00:00.0000000,7,2020-09-11 00:00:00.0000000,2019-11-19 00:00:00.0000000,,0,0,1
40,672286,0.923693993,19.92901036,0,923693993,0,19,92901036,2,2019-03-25 00:00:00.0000000,2018-10-08 00:00:00.0000000,1,2019-10-01 00:00:00.0000000,2019-10-01 00:00:00.0000000,,0,0,1
40,424793,0.657150764,0,0,657150764,0,0,1,2019-01-15 00:00:00.0000000,2019-01-15 00:00:00.0000000,NULL,NULL,NULL,X,1,,1,1
40,650782,0.651050331,0,0,651050331,0,0,1,2019-01-02 00:00:00.0000000,2019-01-02 00:00:00.0000000,NULL,NULL,NULL,NULL,1,,1,1
40,692547,0.994899939,13008.42296,0,994899939,0,13008,42296,16,2019-09-20 00:00:00.0000000,2019-01-15 00:00:00.0000000,8,2020-07-17 00:00:00.0000000,2019-10-08 00:00:00.0000000,,0,0,1
40,732239,0.709262037,380.7187701,0,709262037,0,380,7187701,2,2018-12-18 00:00:00.0000000,2018-10-26 00:00:00.0000000,NULL,NULL,NULL,,1,1,1
40,721393,0.997969071,13430.98551,0,997969071,0,13430,98551,22,2019-09-30 00:00:00.0000000,2018-10-02 00:00:00.0000000,47,2020-09-23 00:00:00.0000000,2019-10-03 00:00:00.0000000,,0,0,1
40,653861,0.99840859,16023.60413,0,99840859,0,16023,60413,28,2019-09-30 00:00:00.0000000,2018-10-13 00:00:00.0000000,47,2020-09-21 00:00:00.0000000,2019-10-10 00:00:00.0000000,,0,0,1
40,526207,0.997985209,55755.91454,0,997985209,0,55755,91454,52,2019-09-24 00:00:00.0000000,2018-10-09 00:00:00.0000000,51,2020-09-22 00:00:00.0000000,2019-10-08 00:00:00.0000000,,0,0,1
40,423901,0.90090716,16475.41276,0,90090716,0,16475,41276,13,2019-07-08 00:00:00.0000000,2018-10-22 00:00:00.0000000,18,2020-07-10 00:00:00.0000000,2019-10-15 00:00:00.0000000,,0,0,1
40,429393,0.901299405,6640.815514,0,901299405,0,6640,815514,6,2019-07-18 00:00:00.0000000,2019-03-25 00:00:00.0000000,5,2019-12-13 00:00:00.0000000,2019-10-31 00:00:00.0000000,,0,0,1
40,655072,0.815317435,1048.660306,0,815317435,0,1048,660306,2,2019-04-24 00:00:00.0000000,2019-03-08 00:00:00.0000000,NULL,NULL,NULL,,1,1,1
40,750167,0.796209808,0,0,796209808,0,0,1,2019-07-24 00:00:00.0000000,2019-07-24 00:00:00.0000000,NULL,NULL,NULL,NULL,1,,1,1
40,715744,0.996381135,16836.64622,0,996381135,0,16836,64622,37,2019-09-19 00:00:00.0000000,2018-10-02 00:00:00.0000000,37,2020-09-30 00:00:00.0000000,2019-10-09 00:00:00.0000000,,0,0,1
40,463724,0.999803664,1515989.906,0,999803664,0,1515989,906,225,2019-09-30 00:00:00.0000000,2018-10-02 00:00:00.0000000,200,2020-09-30 00:00:00.0000000,2019-10-01 00:00:00.0000000,,0,0,1
40,430690,0.091692613,143.6703732,0,91692613,1,143,6703732,6,2019-01-31 00:00:00.0000000,2018-11-06 00:00:00.0000000,7,2020-07-10 00:00:00.0000000,2019-11-14 00:00:00.0000000,,0,0,1
40,705121,0.997871076,37107.68811,0,997871076,0,37107,68811,21,2019-09-30 00:00:00.0000000,2018-10-03 00:00:00.0000000,24,2020-07-22 00:00:00.0000000,2019-10-09 00:00:00.0000000,,0,0,1
40,600772,0.996131075,52539.74698,0,996131075,0,52539,74698,16,2019-09-23 00:00:00.0000000,2018-10-30 00:00:00.0000000,16,2020-09-21 00:00:00.0000000,2019-10-30 00:00:00.0000000,,0,0,1
40,547583,0.622193276,0,0,622193276,0,0,1,2018-10-25 00:00:00.0000000,2018-10-25 00:00:00.0000000,NULL,NULL,NULL,NULL,1,,1,1
40,710908,0.953504954,7601.07638,0,953504954,0,7601,7638,11,2019-07-15 00:00:00.0000000,2018-10-02 00:00:00.0000000,23,2020-07-06 00:00:00.0000000,2019-11-08 00:00:00.0000000,,0,0,1
40,546321,0.8337407,357.6297979,0,8337407,0,357,6297979,3,2019-04-29 00:00:00.0000000,2019-02-01 00:00:00.0000000,NULL,NULL,NULL,,1,1,1
40,692715,0.998301779,66066.44761,0,998301779,0,66066,44761,42,2019-09-26 00:00:00.0000000,2018-10-19 00:00:00.0000000,35,2020-09-23 00:00:00.0000000,2019-10-02 00:00:00.0000000,,0,0,1
40,703382,0.636153477,0,0,636153477,0,0,1,2018-11-29 00:00:00.0000000,2018-11-29 00:00:00.0000000,1,2020-03-27 00:00:00.0000000,2020-03-27 00:00:00.0000000,NULL,0,,0,1
40,471831,0.984757892,12163.51309,0,984757892,0,12163,51309,22,2019-08-28 00:00:00.0000000,2018-10-04 00:00:00.0000000,18,2020-09-04 00:00:00.0000000,2019-10-21 00:00:00.0000000,,0,0,1
40,447421,0.994461302,3678.892331,0,994461302,0,3678,892331,13,2019-09-18 00:00:00.0000000,2018-11-14 00:00:00.0000000,14,2020-09-30 00:00:00.0000000,2019-10-01 00:00:00.0000000,,0,0,1
40,672906,0.992854717,32629.04555,0,992854717,0,32629,4555,19,2019-09-09 00:00:00.0000000,2018-10-11 00:00:00.0000000,11,2020-09-03 00:00:00.0000000,2019-10-02 00:00:00.0000000,,0,0,1
40,742130,0.626445375,0,0,626445375,0,0,1,2018-11-05 00:00:00.0000000,2018-11-05 00:00:00.0000000,NULL,NULL,NULL,NULL,1,,1,1
40,741337,0.654775715,0,0,654775715,0,0,1,2019-01-10 00:00:00.0000000,2019-01-10 00:00:00.0000000,3,2020-07-20 00:00:00.0000000,2020-06-04 00:00:00.0000000,NULL,0,,0,1
40,551617,0.892072921,11130.40214,0,892072921,0,11130,40214,27,2019-08-09 00:00:00.0000000,2018-10-23 00:00:00.0000000,59,2020-09-24 00:00:00.0000000,2019-10-02 00:00:00.0000000,,0,0,1
40,576727,0.554614075,724.5672017,0,554614075,0,724,5672017,6,2019-03-05 00:00:00.0000000,2018-10-02 00:00:00.0000000,5,2020-02-12 00:00:00.0000000,2019-11-12 00:00:00.0000000,,0,0,1
40,523617,0.719498051,0,0,719498051,0,0,1,2019-05-02 00:00:00.0000000,2019-05-02 00:00:00.0000000,4,2020-08-31 00:00:00.0000000,2020-01-17 00:00:00.0000000,NULL,0,,0,1
40,433297,0.99282514,1927.960874,0,99282514,0,1927,960874,7,2019-09-26 00:00:00.0000000,2018-12-17 00:00:00.0000000,4,2020-07-01 00:00:00.0000000,2020-03-30 00:00:00.0000000,,0,0,1
40,715026,0.992687493,3744.509141,0,992687493,0,3744,509141,10,2019-09-17 00:00:00.0000000,2019-01-14 00:00:00.0000000,21,2020-09-18 00:00:00.0000000,2019-10-07 00:00:00.0000000,,0,0,1
40,694969,0.998731121,33968.74118,0,998731121,0,33968,74118,54,2019-09-27 00:00:00.0000000,2018-10-01 00:00:00.0000000,17,2020-02-28 00:00:00.0000000,2019-10-09 00:00:00.0000000,,0,0,1
40,699568,0.251510073,480.8846749,0,251510073,1,480,8846749,4,2019-02-07 00:00:00.0000000,2018-12-12 00:00:00.0000000,NULL,NULL,NULL,,1,1,1
40,677915,0.99736191,65220.41753,0,99736191,0,65220,41753,17,2019-09-30 00:00:00.0000000,2018-10-05 00:00:00.0000000,41,2020-09-30 00:00:00.0000000,2019-10-02 00:00:00.0000000,,0,0,1
40,698026,0.996520977,46882.65925,0,996520977,0,46882,65925,32,2019-09-20 00:00:00.0000000,2018-10-23 00:00:00.0000000,33,2020-09-30 00:00:00.0000000,2019-10-01 00:00:00.0000000,,0,0,1
40,733254,0.729592864,8241.044922,0,729592864,0,8241,44922,23,2019-07-18 00:00:00.0000000,2018-10-15 00:00:00.0000000,NULL,NULL,NULL,,1,1,1
40,427989,0.999002358,123779.2207,0,999002358,0,123779,2207,99,2019-09-27 00:00:00.0000000,2018-10-02 00:00:00.0000000,74,2020-09-22 00:00:00.0000000,2019-10-09 00:00:00.0000000,,0,0,1
40,624937,0.989761803,8057.256532,0,989761803,0,8057,256532,9,2019-09-04 00:00:00.0000000,2018-11-14 00:00:00.0000000,10,2020-09-22 00:00:00.0000000,2019-11-15 00:00:00.0000000,,0,0,1
40,427910,0.998993582,43725.46131,0,998993582,0,43725,46131,95,2019-09-27 00:00:00.0000000,2018-10-02 00:00:00.0000000,77,2020-09-28 00:00:00.0000000,2019-10-09 00:00:00.0000000,,0,0,1
40,646831,0.667547182,0,0,667547182,0,0,1,2019-02-05 00:00:00.0000000,2019-02-05 00:00:00.0000000,4,2020-09-16 00:00:00.0000000,2019-11-15 00:00:00.0000000,NULL,0,,0,1
40,705253,0.989643627,17161.20026,0,989643627,0,17161,20026,12,2019-08-30 00:00:00.0000000,2018-10-04 00:00:00.0000000,6,2020-08-27 00:00:00.0000000,2019-11-28 00:00:00.0000000,,0,0,1
40,584626,0.99865174,23063.97722,0,99865174,0,23063,97722,33,2019-09-30 00:00:00.0000000,2018-10-05 00:00:00.0000000,38,2020-09-21 00:00:00.0000000,2019-10-30 00:00:00.0000000,,0,0,1
40,693762,0.993981367,17593.01493,0,993981367,0,17593,1493,20,2019-09-12 00:00:00.0000000,2018-10-08 00:00:00.0000000,9,2020-08-11 00:00:00.0000000,2019-10-08 00:00:00.0000000,,0,0,1
40,425024,0.964287469,10281.52297,0,964287469,0,10281,52297,13,2019-07-31 00:00:00.0000000,2018-10-16 00:00:00.0000000,3,2020-07-17 00:00:00.0000000,2019-10-11 00:00:00.0000000,,0,0,1
40,430933,0.991362434,7562.9177,0,991362434,0,7562,9177,11,2019-09-05 00:00:00.0000000,2018-10-05 00:00:00.0000000,3,2019-11-28 00:00:00.0000000,2019-10-04 00:00:00.0000000,,0,0,1
40,687138,0.999590424,1425788.3,0,999590424,0,1425788,3,108,2019-09-30 00:00:00.0000000,2018-10-01 00:00:00.0000000,142,2020-09-29 00:00:00.0000000,2019-10-01 00:00:00.0000000,,0,0,1
40,720165,0.632848723,0,0,632848723,0,0,1,2018-11-21 00:00:00.0000000,2018-11-21 00:00:00.0000000,NULL,NULL,NULL,NULL,1,,1,1
40,429413,0.630818813,0,0,630818813,0,0,1,2018-11-16 00:00:00.0000000,2018-11-16 00:00:00.0000000,NULL,NULL,NULL,NULL,1,,1,1
40,506605,0.9981841,102874.7517,0,9981841,0,102874,7517,36,2019-09-26 00:00:00.0000000,2018-10-01 00:00:00.0000000,43,2020-07-30 00:00:00.0000000,2019-10-02 00:00:00.0000000,,0,0,1
40,423371,0.999818224,3761107.094,0,999818224,0,3761107,94,243,2019-09-30 00:00:00.0000000,2018-10-01 00:00:00.0000000,237,2020-09-30 00:00:00.0000000,2019-10-01 00:00:00.0000000,,0,0,1
40,745158,0.991825199,124180.5815,0,991825199,0,124180,5815,6,2019-09-27 00:00:00.0000000,2018-12-28 00:00:00.0000000,3,2020-06-04 00:00:00.0000000,2019-10-15 00:00:00.0000000,,0,0,1
40,709408,0.98930884,6770.864954,0,98930884,0,6770,864954,7,2019-09-09 00:00:00.0000000,2018-12-20 00:00:00.0000000,12,2020-09-29 00:00:00.0000000,2019-10-03 00:00:00.0000000,,0,0,1
40,428303,0.999810413,2637708.841,0,999810413,0,2637708,841,233,2019-09-30 00:00:00.0000000,2018-10-02 00:00:00.0000000,203,2020-09-30 00:00:00.0000000,2019-10-01 00:00:00.0000000,,0,0,1
40,433760,0.952209818,534.6291167,0,952209818,0,534,6291167,4,2019-06-04 00:00:00.0000000,2018-10-15 00:00:00.0000000,2,2020-03-20 00:00:00.0000000,2019-11-12 00:00:00.0000000,,0,0,1
40,696624,0.983196119,267.0664615,0,983196119,0,267,664615,3,2019-09-25 00:00:00.0000000,2018-10-29 00:00:00.0000000,2,2020-07-21 00:00:00.0000000,2020-02-06 00:00:00.0000000,,0,0,1
40,427816,0.663503291,0,0,663503291,0,0,1,2019-01-28 00:00:00.0000000,2019-01-28 00:00:00.0000000,3,2020-02-06 00:00:00.0000000,2019-10-09 00:00:00.0000000,NULL,0,,0,1
40,713801,0.998791003,8652.311457,0,998791003,0,8652,311457,59,2019-09-27 00:00:00.0000000,2018-10-01 00:00:00.0000000,68,2020-09-29 00:00:00.0000000,2019-10-03 00:00:00.0000000,,0,0,1
40,708310,0.038246512,2.746238736,0,38246512,1,2,746238736,3,2018-11-13 00:00:00.0000000,2018-10-31 00:00:00.0000000,NULL,NULL,NULL,,1,1,1
40,680365,0.997497907,40146.20438,0,997497907,0,40146,20438,36,2019-09-23 00:00:00.0000000,2018-10-16 00:00:00.0000000,33,2020-09-30 00:00:00.0000000,2019-10-04 00:00:00.0000000,,0,0,1
40,677385,0.993742552,4519.325482,0,993742552,0,4519,325482,8,2019-09-26 00:00:00.0000000,2018-11-09 00:00:00.0000000,3,2020-04-27 00:00:00.0000000,2019-10-31 00:00:00.0000000,,0,0,1
40,650684,0.980713507,10194.52563,0,980713507,0,10194,52563,12,2019-08-12 00:00:00.0000000,2018-10-03 00:00:00.0000000,7,2020-07-15 00:00:00.0000000,2019-10-03 00:00:00.0000000,,0,0,1
40,435909,0.999697227,46657.84166,0,999697227,0,46657,84166,146,2019-09-30 00:00:00.0000000,2018-10-01 00:00:00.0000000,145,2020-09-30 00:00:00.0000000,2019-10-01 00:00:00.0000000,,0,0,1
40,425971,0.999631475,7297341.097,0,999631475,0,7297341,97,120,2019-09-30 00:00:00.0000000,2018-10-02 00:00:00.0000000,60,2020-02-26 00:00:00.0000000,2019-10-02 00:00:00.0000000,,0,0,1
40,737522,0.988632284,4675.013893,0,988632284,0,4675,13893,5,2019-09-16 00:00:00.0000000,2018-11-12 00:00:00.0000000,NULL,NULL,NULL,,1,1,1
40,669275,0.99256298,4815.253482,0,99256298,0,4815,253482,7,2019-09-23 00:00:00.0000000,2018-10-04 00:00:00.0000000,9,2020-09-03 00:00:00.0000000,2020-01-28 00:00:00.0000000,,0,0,1
40,550211,0.998990563,32166.28136,0,998990563,0,32166,28136,93,2019-09-27 00:00:00.0000000,2018-10-01 00:00:00.0000000,116,2020-09-30 00:00:00.0000000,2019-10-02 00:00:00.0000000,,0,0,1
40,737621,0.645182739,0,0,645182739,0,0,1,2018-12-20 00:00:00.0000000,2018-12-20 00:00:00.0000000,3,2020-07-06 00:00:00.0000000,2020-02-19 00:00:00.0000000,NULL,0,,0,1
40,602327,0.996248483,59795.93827,0,996248483,0,59795,93827,52,2019-09-20 00:00:00.0000000,2018-10-19 00:00:00.0000000,45,2020-09-21 00:00:00.0000000,2019-10-02 00:00:00.0000000,,0,0,1
40,710595,0.99601175,16279.79334,0,99601175,0,16279,79334,27,2019-09-18 00:00:00.0000000,2018-10-05 00:00:00.0000000,45,2020-09-28 00:00:00.0000000,2019-10-01 00:00:00.0000000,,0,0,1
40,617220,0.995489714,11047.7521,0,995489714,0,11047,7521,21,2019-09-17 00:00:00.0000000,2018-10-10 00:00:00.0000000,11,2020-09-09 00:00:00.0000000,2019-11-18 00:00:00.0000000,,0,0,1
40,606764,0.984178561,2516.680697,0,984178561,0,2516,680697,4,2019-09-06 00:00:00.0000000,2018-12-07 00:00:00.0000000,3,2020-09-30 00:00:00.0000000,2020-02-28 00:00:00.0000000,,0,0,1
40,702177,0.647214142,4343.646545,0,647214142,0,4343,646545,2,2019-04-13 00:00:00.0000000,2019-03-22 00:00:00.0000000,2,2020-01-09 00:00:00.0000000,2019-12-20 00:00:00.0000000,,0,0,1
40,426101,7.64E-08,0.00108108,7,6.40E-07,1,0,108108,18,2019-01-09 00:00:00.0000000,2018-10-05 00:00:00.0000000,NULL,NULL,NULL,,1,1,1
40,428996,0.995468893,6272.696508,0,995468893,0,6272,696508,24,2019-09-17 00:00:00.0000000,2018-10-22 00:00:00.0000000,14,2020-07-13 00:00:00.0000000,2019-10-15 00:00:00.0000000,,0,0,1
40,722409,0.946655041,137.1827577,0,946655041,0,137,1827577,2,2019-09-07 00:00:00.0000000,2019-08-08 00:00:00.0000000,1,2019-12-13 00:00:00.0000000,2019-12-13 00:00:00.0000000,,0,0,1
40,429879,0.989085467,3376.2271,0,989085467,0,3376,2271,5,2019-09-18 00:00:00.0000000,2018-10-18 00:00:00.0000000,NULL,NULL,NULL,,1,1,1
40,712607,0.376767415,212.6978156,0,376767415,1,212,6978156,3,2018-12-14 00:00:00.0000000,2018-10-24 00:00:00.0000000,NULL,NULL,NULL,,1,1,1
40,421894,0.999019656,298342.115,0,999019656,0,298342,115,135,2019-09-27 00:00:00.0000000,2018-10-02 00:00:00.0000000,169,2020-09-25 00:00:00.0000000,2019-10-02 00:00:00.0000000,,0,0,1
40,528083,0.997569042,12119.30789,0,997569042,0,12119,30789,36,2019-09-23 00:00:00.0000000,2018-10-01 00:00:00.0000000,25,2020-09-24 00:00:00.0000000,2019-10-30 00:00:00.0000000,,0,0,1
40,429711,0.999665048,122104.1736,0,999665048,0,122104,1736,132,2019-09-30 00:00:00.0000000,2018-10-03 00:00:00.0000000,129,2020-09-30 00:00:00.0000000,2019-10-02 00:00:00.0000000,,0,0,1
40,595813,0.997194144,25337.94526,0,997194144,0,25337,94526,16,2019-09-30 00:00:00.0000000,2019-01-16 00:00:00.0000000,58,2020-09-30 00:00:00.0000000,2019-10-03 00:00:00.0000000,,0,0,1
40,745915,0.664002996,0,0,664002996,0,0,1,2019-01-29 00:00:00.0000000,2019-01-29 00:00:00.0000000,NULL,NULL,NULL,NULL,1,,1,1
40,424555,0.760792516,33.08984244,0,760792516,0,33,8984244,2,2019-04-29 00:00:00.0000000,2019-03-27 00:00:00.0000000,3,2020-02-28 00:00:00.0000000,2020-01-22 00:00:00.0000000,,0,0,1
40,428871,0.440593026,251.6089632,0,440593026,1,251,6089632,4,2019-01-15 00:00:00.0000000,2018-10-18 00:00:00.0000000,1,2019-10-14 00:00:00.0000000,2019-10-14 00:00:00.0000000,,0,0,1
40,436035,0.990591985,4765.430287,0,990591985,0,4765,430287,8,2019-09-09 00:00:00.0000000,2018-11-14 00:00:00.0000000,18,2020-09-23 00:00:00.0000000,2019-12-11 00:00:00.0000000,,0,0,1
40,741334,0.703771428,47.2539662,0,703771428,0,47,2539662,2,2019-05-28 00:00:00.0000000,2019-05-09 00:00:00.0000000,NULL,NULL,NULL,,1,1,1
40,676160,0.997299019,108245.9756,0,997299019,0,108245,9756,28,2019-09-23 00:00:00.0000000,2018-10-04 00:00:00.0000000,14,2020-04-22 00:00:00.0000000,2019-10-09 00:00:00.0000000,,0,0,1
40,501650,0.939744529,2758.378255,0,939744529,0,2758,378255,2,2019-05-30 00:00:00.0000000,2018-12-28 00:00:00.0000000,3,2020-06-16 00:00:00.0000000,2019-10-08 00:00:00.0000000,,0,0,1
40,669387,0.444083425,20.1935134,0,444083425,1,20,1935134,2,2019-01-07 00:00:00.0000000,2018-12-20 00:00:00.0000000,NULL,NULL,NULL,,1,1,1
40,628081,0.922455364,2232.716652,0,922455364,0,2232,716652,9,2019-06-21 00:00:00.0000000,2018-10-10 00:00:00.0000000,1,2019-11-14 00:00:00.0000000,2019-11-14 00:00:00.0000000,,0,0,1
40,733094,0.073516427,637.6671895,0,73516427,1,637,6671895,9,2019-03-06 00:00:00.0000000,2018-10-24 00:00:00.0000000,NULL,NULL,NULL,,1,1,1
40,435838,0.998861111,29873.07055,0,998861111,0,29873,7055,67,2019-09-27 00:00:00.0000000,2018-10-03 00:00:00.0000000,78,2020-09-30 00:00:00.0000000,2019-10-07 00:00:00.0000000,,0,0,1
40,538560,0.979065371,47306.00389,0,979065371,0,47306,389,3,2019-09-05 00:00:00.0000000,2019-01-22 00:00:00.0000000,NULL,NULL,NULL,,1,1,1
40,745654,0.668575007,0,0,668575007,0,0,1,2019-02-07 00:00:00.0000000,2019-02-07 00:00:00.0000000,NULL,NULL,NULL,NULL,1,,1,1
40,430468,0.987053572,3653.051317,0,987053572,0,3653,51317,7,2019-08-27 00:00:00.0000000,2018-10-29 00:00:00.0000000,11,2020-05-18 00:00:00.0000000,2019-12-16 00:00:00.0000000,,0,0,1
40,466100,0.997223698,464413.2768,0,997223698,0,464413,2768,27,2019-09-23 00:00:00.0000000,2018-10-11 00:00:00.0000000,18,2020-08-31 00:00:00.0000000,2019-10-10 00:00:00.0000000,,0,0,1
40,650005,0.958961843,3159.347392,0,958961843,0,3159,347392,5,2019-06-18 00:00:00.0000000,2018-10-03 00:00:00.0000000,1,2019-11-08 00:00:00.0000000,2019-11-08 00:00:00.0000000,,0,0,1
40,679205,0.995154179,45735.71134,0,995154179,0,45735,71134,37,2019-09-17 00:00:00.0000000,2018-10-25 00:00:00.0000000,34,2020-09-03 00:00:00.0000000,2019-10-07 00:00:00.0000000,,0,0,1
40,695602,0.276059603,434.5802021,0,276059603,1,434,5802021,2,2019-03-25 00:00:00.0000000,2019-03-21 00:00:00.0000000,1,2019-11-28 00:00:00.0000000,2019-11-28 00:00:00.0000000,,0,0,1
40,677130,0.997782536,7895.954992,0,997782536,0,7895,954992,27,2019-09-26 00:00:00.0000000,2018-10-10 00:00:00.0000000,17,2020-09-22 00:00:00.0000000,2019-10-01 00:00:00.0000000,,0,0,1
40,724794,0.303913977,388.6192649,0,303913977,1,388,6192649,9,2019-03-25 00:00:00.0000000,2018-10-01 00:00:00.0000000,NULL,NULL,NULL,,1,1,1
40,446937,0.998157199,17962.89193,0,998157199,0,17962,89193,43,2019-09-25 00:00:00.0000000,2018-10-02 00:00:00.0000000,59,2020-09-30 00:00:00.0000000,2019-10-10 00:00:00.0000000,,0,0,1
40,708278,0.622193276,0,0,622193276,0,0,1,2018-10-25 00:00:00.0000000,2018-10-25 00:00:00.0000000,3,2020-09-15 00:00:00.0000000,2020-04-03 00:00:00.0000000,NULL,0,,0,1
40,595810,0.99724804,16266.58833,0,99724804,0,16266,58833,25,2019-09-24 00:00:00.0000000,2018-10-29 00:00:00.0000000,33,2020-09-21 00:00:00.0000000,2019-10-21 00:00:00.0000000,,0,0,1
40,502501,0.992211717,27061.18065,0,992211717,0,27061,18065,9,2019-09-18 00:00:00.0000000,2019-02-06 00:00:00.0000000,4,2020-01-15 00:00:00.0000000,2019-10-14 00:00:00.0000000,,0,0,1
40,464362,0.881136359,6232.757103,0,881136359,0,6232,757103,7,2019-06-12 00:00:00.0000000,2018-12-12 00:00:00.0000000,20,2020-09-28 00:00:00.0000000,2019-11-05 00:00:00.0000000,,0,0,1
40,628188,0.992391631,9184.052233,0,992391631,0,9184,52233,7,2019-09-23 00:00:00.0000000,2018-11-29 00:00:00.0000000,5,2020-09-15 00:00:00.0000000,2019-10-07 00:00:00.0000000,,0,0,1
40,724787,0.567756458,508.6794175,0,567756458,0,508,6794175,3,2019-04-15 00:00:00.0000000,2019-03-04 00:00:00.0000000,NULL,NULL,NULL,,1,1,1
40,693147,0.621432692,0,0,621432692,0,0,1,2018-10-23 00:00:00.0000000,2018-10-23 00:00:00.0000000,NULL,NULL,NULL,NULL,1,,1,1
40,433702,0.999791609,881405.4607,0,999791609,0,881405,4607,212,2019-09-30 00:00:00.0000000,2018-10-01 00:00:00.0000000,165,2020-06-30 00:00:00.0000000,2019-10-01 00:00:00.0000000,,0,0,1
40,749020,0.796209808,0,0,796209808,0,0,1,2019-07-24 00:00:00.0000000,2019-07-24 00:00:00.0000000,NULL,NULL,NULL,NULL,1,,1,1
40,564238,0.998615311,110587.6118,0,998615311,0,110587,6118,64,2019-09-26 00:00:00.0000000,2018-10-03 00:00:00.0000000,83,2020-09-29 00:00:00.0000000,2019-10-10 00:00:00.0000000,,0,0,1
40,527068,0.99678527,4864.919311,0,99678527,0,4864,919311,14,2019-09-30 00:00:00.0000000,2018-10-09 00:00:00.0000000,6,2020-07-31 00:00:00.0000000,2019-10-24 00:00:00.0000000,,0,0,1
40,606324,0.983000278,2798.527808,0,983000278,0,2798,527808,3,2019-09-25 00:00:00.0000000,2019-01-18 00:00:00.0000000,1,2020-01-08 00:00:00.0000000,2020-01-08 00:00:00.0000000,,0,0,1
40,428257,0.661028848,0,0,661028848,0,0,1,2019-01-23 00:00:00.0000000,2019-01-23 00:00:00.0000000,NULL,NULL,NULL,NULL,1,,1,1
40,672530,0.963674038,5295.03729,0,963674038,0,5295,3729,3,2019-09-05 00:00:00.0000000,2019-07-08 00:00:00.0000000,68,2020-09-29 00:00:00.0000000,2019-10-07 00:00:00.0000000,,0,0,1
40,423437,0.997781065,11339.15514,0,997781065,0,11339,15514,30,2019-09-25 00:00:00.0000000,2018-10-02 00:00:00.0000000,43,2020-09-25 00:00:00.0000000,2019-10-01 00:00:00.0000000,,0,0,1
40,699716,0.992292916,6733.832071,0,992292916,0,6733,832071,6,2019-09-30 00:00:00.0000000,2019-01-22 00:00:00.0000000,24,2020-09-25 00:00:00.0000000,2019-10-28 00:00:00.0000000,,0,0,1
40,429677,0.983548227,4469.160633,0,983548227,0,4469,160633,14,2019-08-19 00:00:00.0000000,2018-10-04 00:00:00.0000000,27,2020-09-11 00:00:00.0000000,2019-11-04 00:00:00.0000000,,0,0,1
40,677977,0.999703334,75650.29855,0,999703334,0,75650,29855,149,2019-09-30 00:00:00.0000000,2018-10-01 00:00:00.0000000,166,2020-09-30 00:00:00.0000000,2019-10-02 00:00:00.0000000,,0,0,1
40,431321,0.520833242,376.1285253,0,520833242,0,376,1285253,2,2018-11-15 00:00:00.0000000,2018-10-16 00:00:00.0000000,1,2020-01-09 00:00:00.0000000,2020-01-09 00:00:00.0000000,,0,0,1
40,738651,0.998745714,124472.7814,0,998745714,0,124472,7814,56,2019-09-27 00:00:00.0000000,2018-10-08 00:00:00.0000000,126,2020-09-29 00:00:00.0000000,2019-10-01 00:00:00.0000000,,0,0,1
40,688238,0.993104574,15348.03172,0,993104574,0,15348,3172,9,2019-09-19 00:00:00.0000000,2018-12-03 00:00:00.0000000,11,2020-09-16 00:00:00.0000000,2019-10-30 00:00:00.0000000,,0,0,1
40,733097,0.996311987,5435.631123,0,996311987,0,5435,631123,17,2019-09-23 00:00:00.0000000,2018-10-23 00:00:00.0000000,12,2020-09-21 00:00:00.0000000,2019-10-30 00:00:00.0000000,,0,0,1
40,425122,0.93234865,2305.235122,0,93234865,0,2305,235122,4,2019-05-06 00:00:00.0000000,2018-10-01 00:00:00.0000000,1,2020-07-01 00:00:00.0000000,2020-07-01 00:00:00.0000000,,0,0,1
40,472920,0.996048291,10256.05845,0,996048291,0,10256,5845,26,2019-09-20 00:00:00.0000000,2018-11-30 00:00:00.0000000,21,2020-09-21 00:00:00.0000000,2019-10-07 00:00:00.0000000,,0,0,1
40,721320,0.999782357,911376.686,0,999782357,0,911376,686,203,2019-09-30 00:00:00.0000000,2018-10-01 00:00:00.0000000,235,2020-09-30 00:00:00.0000000,2019-10-01 00:00:00.0000000,,0,0,1
40,651058,0.997354332,14625.41958,0,997354332,0,14625,41958,29,2019-09-23 00:00:00.0000000,2018-10-01 00:00:00.0000000,34,2020-09-11 00:00:00.0000000,2019-10-08 00:00:00.0000000,,0,0,1
40,721363,0.999674919,377091.909,0,999674919,0,377091,909,136,2019-09-30 00:00:00.0000000,2018-10-02 00:00:00.0000000,133,2020-09-30 00:00:00.0000000,2019-10-01 00:00:00.0000000,,0,0,1
40,423811,0.974805504,3933.986685,0,974805504,0,3933,986685,9,2019-08-13 00:00:00.0000000,2019-01-02 00:00:00.0000000,4,2020-03-26 00:00:00.0000000,2019-10-04 00:00:00.0000000,,0,0,1
40,572814,0.917901707,0,0,917901707,0,0,1,2019-09-25 00:00:00.0000000,2019-09-25 00:00:00.0000000,2,2020-03-04 00:00:00.0000000,2019-12-20 00:00:00.0000000,NULL,0,,0,1
40,422910,0.989157717,2894.602254,0,989157717,0,2894,602254,5,2019-09-24 00:00:00.0000000,2019-04-05 00:00:00.0000000,5,2019-12-14 00:00:00.0000000,2019-10-18 00:00:00.0000000,,0,0,1
40,719213,0.965234666,545.5569195,0,965234666,0,545,5569195,4,2019-07-01 00:00:00.0000000,2018-10-29 00:00:00.0000000,NULL,NULL,NULL,,1,1,1
40,654273,0.997455157,21485.084,0,997455157,0,21485,84,32,2019-09-23 00:00:00.0000000,2018-10-03 00:00:00.0000000,17,2020-09-21 00:00:00.0000000,2019-10-03 00:00:00.0000000,,0,0,1
40,725958,0.969929626,71885.73102,0,969929626,0,71885,73102,12,2019-07-31 00:00:00.0000000,2018-10-05 00:00:00.0000000,14,2020-09-09 00:00:00.0000000,2019-10-07 00:00:00.0000000,,0,0,1
40,742806,0.002418478,201.8701918,0,2418478,1,201,8701918,7,2018-12-26 00:00:00.0000000,2018-10-30 00:00:00.0000000,NULL,NULL,NULL,,1,1,1
40,700124,0.616946906,0,0,616946906,0,0,1,2018-10-11 00:00:00.0000000,2018-10-11 00:00:00.0000000,NULL,NULL,NULL,NULL,1,,1,1
40,712861,0.637832917,0,0,637832917,0,0,1,2018-12-03 00:00:00.0000000,2018-12-03 00:00:00.0000000,NULL,NULL,NULL,NULL,1,,1,1
40,669505,0.992151054,5662.857409,0,992151054,0,5662,857409,8,2019-09-19 00:00:00.0000000,2019-01-14 00:00:00.0000000,28,2020-09-29 00:00:00.0000000,2019-10-04 00:00:00.0000000,,0,0,1
40,436550,0.994083277,6995248.221,0,994083277,0,6995248,221,34,2019-09-16 00:00:00.0000000,2018-11-23 00:00:00.0000000,64,2020-09-30 00:00:00.0000000,2019-10-30 00:00:00.0000000,,0,0,1
40,639531,0.809385962,692.5172535,0,809385962,0,692,5172535,4,2019-04-02 00:00:00.0000000,2018-11-21 00:00:00.0000000,2,2019-12-03 00:00:00.0000000,2019-12-02 00:00:00.0000000,,0,0,1
40,426853,0.985011748,1361.951083,0,985011748,0,1361,951083,4,2019-09-13 00:00:00.0000000,2019-01-17 00:00:00.0000000,2,2020-05-27 00:00:00.0000000,2019-12-03 00:00:00.0000000,,0,0,1
40,682077,0.998860639,13577.4189,0,998860639,0,13577,4189,39,2019-09-30 00:00:00.0000000,2018-10-01 00:00:00.0000000,77,2020-09-14 00:00:00.0000000,2019-10-01 00:00:00.0000000,,0,0,1
40,425114,0.986635183,5066.394942,0,986635183,0,5066,394942,7,2019-08-23 00:00:00.0000000,2018-10-05 00:00:00.0000000,2,2020-08-03 00:00:00.0000000,2019-12-11 00:00:00.0000000,,0,0,1
40,427990,0.999674919,34034.82333,0,999674919,0,34034,82333,136,2019-09-30 00:00:00.0000000,2018-10-02 00:00:00.0000000,139,2020-09-30 00:00:00.0000000,2019-10-01 00:00:00.0000000,,0,0,1
40,599277,0.998542962,52869.57535,0,998542962,0,52869,57535,144,2019-09-26 00:00:00.0000000,2018-10-01 00:00:00.0000000,130,2020-09-29 00:00:00.0000000,2019-10-01 00:00:00.0000000,,0,0,1
40,731889,0.998642533,159260.5162,0,998642533,0,159260,5162,89,2019-09-26 00:00:00.0000000,2018-10-17 00:00:00.0000000,82,2020-09-24 00:00:00.0000000,2019-10-01 00:00:00.0000000,,0,0,1
40,705208,0.941925017,171.8545456,0,941925017,0,171,8545456,3,2019-06-05 00:00:00.0000000,2018-12-20 00:00:00.0000000,1,2020-03-23 00:00:00.0000000,2020-03-23 00:00:00.0000000,,0,0,1
40,565535,0.99956196,4309000.419,0,99956196,0,4309000,419,101,2019-09-30 00:00:00.0000000,2018-10-01 00:00:00.0000000,57,2020-09-09 00:00:00.0000000,2019-10-04 00:00:00.0000000,,0,0,1
40,594068,0.812701105,2319.051432,0,812701105,0,2319,51432,6,2019-08-01 00:00:00.0000000,2019-05-28 00:00:00.0000000,NULL,NULL,NULL,,1,1,1
40,423999,0.743840247,1268.35402,0,743840247,0,1268,35402,2,2019-04-09 00:00:00.0000000,2019-03-05 00:00:00.0000000,NULL,NULL,NULL,,1,1,1
40,710439,0.557798421,1101.910716,0,557798421,0,1101,910716,2,2018-11-08 00:00:00.0000000,2018-10-04 00:00:00.0000000,NULL,NULL,NULL,,1,1,1
40,722217,0.637684677,2105.983669,0,637684677,0,2105,983669,7,2019-04-30 00:00:00.0000000,2018-11-30 00:00:00.0000000,4,2020-04-22 00:00:00.0000000,2019-11-08 00:00:00.0000000,,0,0,1
40,683646,0.995079665,25013.29143,0,995079665,0,25013,29143,13,2019-09-20 00:00:00.0000000,2018-10-09 00:00:00.0000000,20,2020-09-17 00:00:00.0000000,2019-10-22 00:00:00.0000000,,0,0,1
40,695929,0.998656638,39545.07578,0,998656638,0,39545,7578,49,2019-09-27 00:00:00.0000000,2018-10-01 00:00:00.0000000,46,2020-09-28 00:00:00.0000000,2019-10-01 00:00:00.0000000,,0,0,1
40,662189,0.579112507,8037.305321,0,579112507,0,8037,305321,18,2019-06-28 00:00:00.0000000,2018-10-31 00:00:00.0000000,9,2020-08-20 00:00:00.0000000,2019-11-14 00:00:00.0000000,,0,0,1
40,645473,0.999805396,1868030.027,0,999805396,0,1868030,27,227,2019-09-30 00:00:00.0000000,2018-10-02 00:00:00.0000000,195,2020-09-30 00:00:00.0000000,2019-10-01 00:00:00.0000000,,0,0,1
40,427978,0.894115725,2399.043351,0,894115725,0,2399,43351,3,2019-07-23 00:00:00.0000000,2019-05-31 00:00:00.0000000,4,2020-05-28 00:00:00.0000000,2019-10-18 00:00:00.0000000,,0,0,1
40,669783,0.992365423,18764.91905,0,992365423,0,18764,91905,8,2019-09-16 00:00:00.0000000,2018-10-02 00:00:00.0000000,4,2019-11-28 00:00:00.0000000,2019-10-09 00:00:00.0000000,,0,0,1
40,685685,0.999193756,51032.07999,0,999193756,0,51032,7999,55,2019-09-30 00:00:00.0000000,2018-10-17 00:00:00.0000000,60,2020-09-23 00:00:00.0000000,2019-10-03 00:00:00.0000000,,0,0,1
40,426928,0.999235657,127668.5576,0,999235657,0,127668,5576,58,2019-09-30 00:00:00.0000000,2018-10-01 00:00:00.0000000,62,2020-09-30 00:00:00.0000000,2019-10-03 00:00:00.0000000,,0,0,1
40,733241,0.136242703,12.32450711,0,136242703,1,12,32450711,2,2018-11-26 00:00:00.0000000,2018-11-23 00:00:00.0000000,NULL,NULL,NULL,,1,1,1
40,724772,0.915511916,173.4149612,0,915511916,0,173,4149612,5,2019-05-08 00:00:00.0000000,2018-10-03 00:00:00.0000000,1,2019-10-30 00:00:00.0000000,2019-10-30 00:00:00.0000000,,0,0,1
40,550450,0.947363058,2702.411959,0,947363058,0,2702,411959,6,2019-06-14 00:00:00.0000000,2018-10-09 00:00:00.0000000,2,2020-06-04 00:00:00.0000000,2019-12-17 00:00:00.0000000,,0,0,1
40,434278,0.999816714,4743311.143,0,999816714,0,4743311,143,241,2019-09-30 00:00:00.0000000,2018-10-01 00:00:00.0000000,242,2020-09-30 00:00:00.0000000,2019-10-01 00:00:00.0000000,,0,0,1
40,601347,0.984467999,1202.161566,0,984467999,0,1202,161566,5,2019-08-27 00:00:00.0000000,2018-11-22 00:00:00.0000000,5,2020-07-15 00:00:00.0000000,2019-12-05 00:00:00.0000000,,0,0,1
40,607599,0.99066172,750.705517,0,99066172,0,750,705517,5,2019-09-30 00:00:00.0000000,2019-03-22 00:00:00.0000000,6,2020-09-02 00:00:00.0000000,2019-10-07 00:00:00.0000000,,0,0,1
40,708468,0.997710634,32645.37902,0,997710634,0,32645,37902,49,2019-09-23 00:00:00.0000000,2018-10-02 00:00:00.0000000,36,2020-09-30 00:00:00.0000000,2019-10-23 00:00:00.0000000,,0,0,1
40,536951,5.22E-05,0.13153539,5,2.20E-04,1,0,13153539,9,2018-12-10 00:00:00.0000000,2018-10-17 00:00:00.0000000,NULL,NULL,NULL,,1,1,1
40,680479,0.996488441,20705.59352,0,996488441,0,20705,59352,19,2019-09-25 00:00:00.0000000,2019-02-14 00:00:00.0000000,17,2020-09-25 00:00:00.0000000,2019-10-15 00:00:00.0000000,,0,0,1
40,429798,0.992721347,25714.53446,0,992721347,0,25714,53446,33,2019-09-12 00:00:00.0000000,2018-10-16 00:00:00.0000000,20,2020-07-16 00:00:00.0000000,2019-10-04 00:00:00.0000000,,0,0,1
40,424280,0.983070842,56369.6797,0,983070842,0,56369,6797,6,2019-09-17 00:00:00.0000000,2019-07-01 00:00:00.0000000,1,2019-12-02 00:00:00.0000000,2019-12-02 00:00:00.0000000,,0,0,1
40,688564,0.998111881,13625.21916,0,998111881,0,13625,21916,30,2019-09-27 00:00:00.0000000,2018-10-02 00:00:00.0000000,39,2020-09-23 00:00:00.0000000,2019-10-28 00:00:00.0000000,,0,0,1
40,692088,0.352536746,351.3548513,0,352536746,1,351,3548513,4,2019-04-20 00:00:00.0000000,2019-03-05 00:00:00.0000000,6,2020-09-17 00:00:00.0000000,2019-10-14 00:00:00.0000000,,0,0,1
40,583238,0.962797336,1200.353857,0,962797336,0,1200,353857,2,2019-07-11 00:00:00.0000000,2018-10-02 00:00:00.0000000,NULL,NULL,NULL,,1,1,1
40,552593,0.85640817,826.0961477,0,85640817,0,826,961477,2,2019-02-20 00:00:00.0000000,2018-11-21 00:00:00.0000000,NULL,NULL,NULL,,1,1,1
40,685580,0.825424247,22.0327055,0,825424247,0,22,327055,2,2019-01-11 00:00:00.0000000,2018-10-16 00:00:00.0000000,1,2020-08-25 00:00:00.0000000,2020-08-25 00:00:00.0000000,,0,0,1
40,657499,0.912523012,932.7297527,0,912523012,0,932,7297527,7,2019-06-06 00:00:00.0000000,2018-10-25 00:00:00.0000000,6,2020-07-01 00:00:00.0000000,2019-10-28 00:00:00.0000000,,0,0,1
40,659600,0.980030704,991.0579295,0,980030704,0,991,579295,5,2019-08-09 00:00:00.0000000,2018-11-06 00:00:00.0000000,9,2020-08-06 00:00:00.0000000,2019-10-21 00:00:00.0000000,,0,0,1
40,534973,0.982201366,2392.699242,0,982201366,0,2392,699242,3,2019-09-19 00:00:00.0000000,2018-12-12 00:00:00.0000000,1,2019-11-21 00:00:00.0000000,2019-11-21 00:00:00.0000000,,0,0,1
40,611372,0.957992341,2441.043305,0,957992341,0,2441,43305,2,2019-07-09 00:00:00.0000000,2018-12-14 00:00:00.0000000,NULL,NULL,NULL,,1,1,1
40,740380,0.483237345,1917.954443,0,483237345,1,1917,954443,3,2019-01-21 00:00:00.0000000,2018-11-27 00:00:00.0000000,NULL,NULL,NULL,,1,1,1
40,716827,0.94352638,284.1796797,0,94352638,0,284,1796797,3,2019-06-28 00:00:00.0000000,2019-02-11 00:00:00.0000000,1,2019-12-27 00:00:00.0000000,2019-12-27 00:00:00.0000000,,0,0,1
40,428202,0.992879325,3558.825734,0,992879325,0,3558,825734,7,2019-09-26 00:00:00.0000000,2018-11-20 00:00:00.0000000,3,2020-06-12 00:00:00.0000000,2020-06-08 00:00:00.0000000,,0,0,1
40,534760,0.998017356,169536.9761,0,998017356,0,169536,9761,72,2019-09-24 00:00:00.0000000,2018-10-02 00:00:00.0000000,21,2019-12-16 00:00:00.0000000,2019-10-02 00:00:00.0000000,,0,0,1
40,429757,0.998049167,117280.3604,0,998049167,0,117280,3604,61,2019-09-24 00:00:00.0000000,2018-10-01 00:00:00.0000000,73,2020-09-23 00:00:00.0000000,2019-10-11 00:00:00.0000000,,0,0,1
40,707162,0.994868108,5009.672511,0,994868108,0,5009,672511,13,2019-09-19 00:00:00.0000000,2018-10-15 00:00:00.0000000,7,2020-04-06 00:00:00.0000000,2019-10-04 00:00:00.0000000,,0,0,1
40,431980,0.996974318,11954.784,0,996974318,0,11954,784,20,2019-09-25 00:00:00.0000000,2018-11-15 00:00:00.0000000,45,2020-09-25 00:00:00.0000000,2019-10-09 00:00:00.0000000,,0,0,1
40,710992,0.997151993,16878.73073,0,997151993,0,16878,73073,25,2019-09-23 00:00:00.0000000,2018-10-01 00:00:00.0000000,31,2020-09-28 00:00:00.0000000,2019-10-10 00:00:00.0000000,,0,0,1
40,425412,0.976585265,4324.315269,0,976585265,0,4324,315269,6,2019-08-09 00:00:00.0000000,2018-12-27 00:00:00.0000000,6,2020-07-29 00:00:00.0000000,2019-10-01 00:00:00.0000000,,0,0,1
40,719129,0.983230674,245.6317247,0,983230674,0,245,6317247,3,2019-09-25 00:00:00.0000000,2018-10-09 00:00:00.0000000,8,2020-06-24 00:00:00.0000000,2019-10-31 00:00:00.0000000,,0,0,1
40,687375,0.980088443,3633.049043,0,980088443,0,3633,49043,5,2019-08-05 00:00:00.0000000,2018-10-10 00:00:00.0000000,10,2020-06-23 00:00:00.0000000,2019-10-01 00:00:00.0000000,,0,0,1
40,430319,0.991389266,5315.029165,0,991389266,0,5315,29165,15,2019-09-06 00:00:00.0000000,2018-10-30 00:00:00.0000000,5,2020-06-15 00:00:00.0000000,2019-10-08 00:00:00.0000000,,0,0,1
40,689420,0.907328915,1673.586688,0,907328915,0,1673,586688,4,2019-04-16 00:00:00.0000000,2018-10-02 00:00:00.0000000,4,2020-06-29 00:00:00.0000000,2019-11-18 00:00:00.0000000,,0,0,1
40,716831,0.980207458,9674.901502,0,980207458,0,9674,901502,13,2019-08-13 00:00:00.0000000,2018-10-04 00:00:00.0000000,5,2020-09-02 00:00:00.0000000,2020-01-14 00:00:00.0000000,,0,0,1
40,744626,0.636571618,0,0,636571618,0,0,1,2018-11-30 00:00:00.0000000,2018-11-30 00:00:00.0000000,NULL,NULL,NULL,NULL,1,,1,1
40,428338,0.999015788,65451.44061,0,999015788,0,65451,44061,110,2019-09-27 00:00:00.0000000,2018-10-03 00:00:00.0000000,82,2020-09-30 00:00:00.0000000,2019-10-09 00:00:00.0000000,,0,0,1
40,717616,0.984832499,1728.520546,0,984832499,0,1728,520546,11,2019-08-21 00:00:00.0000000,2018-10-30 00:00:00.0000000,3,2020-07-10 00:00:00.0000000,2019-11-04 00:00:00.0000000,,0,0,1
40,425173,0.998908555,50125.79365,0,998908555,0,50125,79365,74,2019-09-27 00:00:00.0000000,2018-10-03 00:00:00.0000000,74,2020-09-22 00:00:00.0000000,2019-10-09 00:00:00.0000000,,0,0,1
40,714821,0.871968454,508.2198384,0,871968454,0,508,2198384,2,2019-03-14 00:00:00.0000000,2018-12-11 00:00:00.0000000,2,2020-06-15 00:00:00.0000000,2019-12-10 00:00:00.0000000,,0,0,1
40,425399,0.999812826,1.01E+07,0,999812826,0,10100000,236,2019-09-30 00:00:00.0000000,2018-10-01 00:00:00.0000000,241,2020-09-30 00:00:00.0000000,2019-10-01 00:00:00.0000000,NULL,0,,0,1
40,675045,0.997194144,2452.531247,0,997194144,0,2452,531247,16,2019-09-30 00:00:00.0000000,2018-11-06 00:00:00.0000000,NULL,NULL,NULL,,1,1,1
40,423873,0.989888406,15329.89486,0,989888406,0,15329,89486,9,2019-09-10 00:00:00.0000000,2019-01-24 00:00:00.0000000,10,2020-08-06 00:00:00.0000000,2020-01-13 00:00:00.0000000,,0,0,1
40,426315,0.841517202,14193.60333,0,841517202,0,14193,60333,5,2019-06-13 00:00:00.0000000,2019-02-22 00:00:00.0000000,17,2020-09-03 00:00:00.0000000,2020-01-15 00:00:00.0000000,,0,0,1
40,571451,0.999777977,98118.50752,0,999777977,0,98118,50752,199,2019-09-30 00:00:00.0000000,2018-10-04 00:00:00.0000000,145,2020-09-23 00:00:00.0000000,2019-10-01 00:00:00.0000000,,0,0,1
40,653864,0.78242462,1499.963229,0,78242462,0,1499,963229,5,2019-06-28 00:00:00.0000000,2019-04-10 00:00:00.0000000,2,2019-11-20 00:00:00.0000000,2019-10-30 00:00:00.0000000,,0,0,1
40,715117,0.967512367,4779.592286,0,967512367,0,4779,592286,3,2019-08-14 00:00:00.0000000,2019-03-27 00:00:00.0000000,3,2020-07-10 00:00:00.0000000,2020-01-09 00:00:00.0000000,,0,0,1
40,588193,0.971072583,578.1974969,0,971072583,0,578,1974969,2,2019-09-04 00:00:00.0000000,2018-11-06 00:00:00.0000000,1,2019-11-19 00:00:00.0000000,2019-11-19 00:00:00.0000000,,0,0,1
40,521242,0.998058441,18019.53196,0,998058441,0,18019,53196,23,2019-09-30 00:00:00.0000000,2018-10-01 00:00:00.0000000,25,2020-09-09 00:00:00.0000000,2019-10-04 00:00:00.0000000,,0,0,1
40,435625,0.995459528,104254.0621,0,995459528,0,104254,621,18,2019-09-18 00:00:00.0000000,2018-10-16 00:00:00.0000000,26,2020-09-21 00:00:00.0000000,2019-10-28 00:00:00.0000000,,0,0,1
40,597527,0.984298722,2302.35949,0,984298722,0,2302,35949,10,2019-08-16 00:00:00.0000000,2018-10-05 00:00:00.0000000,2,2019-10-07 00:00:00.0000000,2019-10-01 00:00:00.0000000,,0,0,1
40,423117,0.997178806,6416.182505,0,997178806,0,6416,182505,24,2019-09-24 00:00:00.0000000,2018-10-30 00:00:00.0000000,27,2020-09-29 00:00:00.0000000,2019-10-21 00:00:00.0000000,,0,0,1
40,692673,0.905456167,10173.49263,0,905456167,0,10173,49263,9,2019-06-13 00:00:00.0000000,2018-10-05 00:00:00.0000000,8,2020-09-25 00:00:00.0000000,2020-04-21 00:00:00.0000000,,0,0,1
40,435408,0.605733602,8663.274051,0,605733602,0,8663,274051,8,2019-05-17 00:00:00.0000000,2018-12-18 00:00:00.0000000,3,2020-09-25 00:00:00.0000000,2019-10-30 00:00:00.0000000,,0,0,1
40,435925,0.9997092,67734.79906,0,9997092,0,67734,79906,152,2019-09-30 00:00:00.0000000,2018-10-01 00:00:00.0000000,151,2020-09-30 00:00:00.0000000,2019-10-02 00:00:00.0000000,,0,0,1
40,667301,0.998027373,115540.4747,0,998027373,0,115540,4747,129,2019-09-25 00:00:00.0000000,2018-10-02 00:00:00.0000000,132,2020-09-17 00:00:00.0000000,2019-10-03 00:00:00.0000000,,0,0,1
40,431022,0.981322026,15689.25968,0,981322026,0,15689,25968,10,2019-08-29 00:00:00.0000000,2019-02-18 00:00:00.0000000,NULL,NULL,NULL,,1,1,1
40,724813,0.238167852,122.1048219,0,238167852,1,122,1048219,2,2018-12-26 00:00:00.0000000,2018-12-19 00:00:00.0000000,NULL,NULL,NULL,,1,1,1
40,547336,0.998957068,46433.74792,0,998957068,0,46433,74792,84,2019-09-27 00:00:00.0000000,2018-10-03 00:00:00.0000000,78,2020-09-24 00:00:00.0000000,2019-10-09 00:00:00.0000000,,0,0,1
40,598919,0.989731635,4941.679416,0,989731635,0,4941,679416,12,2019-08-30 00:00:00.0000000,2018-10-01 00:00:00.0000000,6,2020-04-22 00:00:00.0000000,2019-11-15 00:00:00.0000000,,0,0,1
40,428830,0.997195025,18392.30329,0,997195025,0,18392,30329,26,2019-09-23 00:00:00.0000000,2018-10-05 00:00:00.0000000,33,2020-09-29 00:00:00.0000000,2019-10-02 00:00:00.0000000,,0,0,1
40,714989,0.908075355,6434.006455,0,908075355,0,6434,6455,11,2019-07-08 00:00:00.0000000,2018-11-19 00:00:00.0000000,4,2020-09-25 00:00:00.0000000,2019-11-27 00:00:00.0000000,,0,0,1
40,687342,0.999605087,589153.6216,0,999605087,0,589153,6216,112,2019-09-30 00:00:00.0000000,2018-10-09 00:00:00.0000000,163,2020-09-30 00:00:00.0000000,2019-10-01 00:00:00.0000000,,0,0,1
40,506311,0.991067253,42971.33597,0,991067253,0,42971,33597,87,2019-09-18 00:00:00.0000000,2018-10-04 00:00:00.0000000,71,2020-09-30 00:00:00.0000000,2019-10-02 00:00:00.0000000,,0,0,1
40,686950,0.999055715,5025.758296,0,999055715,0,5025,758296,47,2019-09-30 00:00:00.0000000,2018-10-04 00:00:00.0000000,38,2020-09-16 00:00:00.0000000,2019-10-02 00:00:00.0000000,,0,0,1
40,646389,0.945899686,1696.262866,0,945899686,0,1696,262866,3,2019-06-04 00:00:00.0000000,2018-12-04 00:00:00.0000000,NULL,NULL,NULL,,1,1,1
40,601808,0.989156695,7150.75086,0,989156695,0,7150,75086,16,2019-08-30 00:00:00.0000000,2018-10-01 00:00:00.0000000,13,2020-09-23 00:00:00.0000000,2019-10-16 00:00:00.0000000,,0,0,1
40,617102,0.968184128,29311.25982,0,968184128,0,29311,25982,20,2019-08-14 00:00:00.0000000,2018-10-05 00:00:00.0000000,23,2020-09-29 00:00:00.0000000,2019-10-04 00:00:00.0000000,,0,0,1
40,432866,0.99896092,52376.13619,0,99896092,0,52376,13619,85,2019-09-27 00:00:00.0000000,2018-10-03 00:00:00.0000000,109,2020-09-24 00:00:00.0000000,2019-10-04 00:00:00.0000000,,0,0,1
40,684821,0.65667281,0,0,65667281,0,0,1,2019-01-14 00:00:00.0000000,2019-01-14 00:00:00.0000000,1,2020-09-10 00:00:00.0000000,2020-09-10 00:00:00.0000000,NULL,0,,0,1
40,495083,0.998307308,44073.50009,0,998307308,0,44073,50009,35,2019-09-27 00:00:00.0000000,2018-10-09 00:00:00.0000000,38,2020-09-21 00:00:00.0000000,2019-10-14 00:00:00.0000000,,0,0,1
40,421902,0.981200459,1339.684595,0,981200459,0,1339,684595,4,2019-08-19 00:00:00.0000000,2018-10-31 00:00:00.0000000,2,2019-12-09 00:00:00.0000000,2019-10-21 00:00:00.0000000,,0,0,1
40,698061,0.723882464,0,0,723882464,0,0,1,2019-05-08 00:00:00.0000000,2019-05-08 00:00:00.0000000,1,2019-12-02 00:00:00.0000000,2019-12-02 00:00:00.0000000,NULL,0,,0,1
40,539037,0.994993013,12186.16789,0,994993013,0,12186,16789,27,2019-09-18 00:00:00.0000000,2018-12-18 00:00:00.0000000,35,2020-09-30 00:00:00.0000000,2019-10-10 00:00:00.0000000,,0,0,1
40,636697,0.999792589,1939478.414,0,999792589,0,1939478,414,213,2019-09-30 00:00:00.0000000,2018-10-01 00:00:00.0000000,174,2020-09-30 00:00:00.0000000,2019-10-01 00:00:00.0000000,,0,0,1
40,717024,0.998610441,179483.9156,0,998610441,0,179483,9156,97,2019-09-26 00:00:00.0000000,2018-10-23 00:00:00.0000000,130,2020-09-30 00:00:00.0000000,2019-10-01 00:00:00.0000000,,0,0,1
40,422444,0.988360396,19539.00932,0,988360396,0,19539,932,29,2019-09-05 00:00:00.0000000,2018-10-08 00:00:00.0000000,28,2020-09-21 00:00:00.0000000,2019-10-08 00:00:00.0000000,,0,0,1
40,583386,0.954155801,8931.874797,0,954155801,0,8931,874797,17,2019-08-06 00:00:00.0000000,2018-10-29 00:00:00.0000000,29,2020-09-17 00:00:00.0000000,2019-10-16 00:00:00.0000000,,0,0,1
40,747059,0.9256633,0,0,9256633,0,0,1,2019-09-27 00:00:00.0000000,2019-09-27 00:00:00.0000000,6,2020-09-25 00:00:00.0000000,2019-11-21 00:00:00.0000000,NULL,0,,0,1
40,744316,0.987657901,3344.453737,0,987657901,0,3344,453737,4,2019-09-27 00:00:00.0000000,2019-01-21 00:00:00.0000000,1,2019-10-08 00:00:00.0000000,2019-10-08 00:00:00.0000000,,0,0,1
40,718887,0.259250926,451.1350314,0,259250926,1,451,1350314,4,2018-12-14 00:00:00.0000000,2018-10-02 00:00:00.0000000,1,2019-10-30 00:00:00.0000000,2019-10-30 00:00:00.0000000,,0,0,1
40,425763,0.944814476,249.3293847,0,944814476,0,249,3293847,3,2019-05-28 00:00:00.0000000,2018-11-20 00:00:00.0000000,NULL,NULL,NULL,,1,1,1
40,731916,0.790220413,0,0,790220413,0,0,1,2019-07-19 00:00:00.0000000,2019-07-19 00:00:00.0000000,3,2020-09-29 00:00:00.0000000,2020-01-21 00:00:00.0000000,NULL,0,,0,1
40,435155,0.52017507,3937.121333,0,52017507,0,3937,121333,6,2019-06-03 00:00:00.0000000,2019-03-14 00:00:00.0000000,8,2020-09-30 00:00:00.0000000,2019-11-12 00:00:00.0000000,,0,0,1
40,427109,0.695840114,11294.04638,0,695840114,0,11294,4638,30,2019-07-30 00:00:00.0000000,2018-10-17 00:00:00.0000000,31,2020-09-23 00:00:00.0000000,2019-10-01 00:00:00.0000000,,0,0,1
40,428262,0.999806251,922613.9087,0,999806251,0,922613,9087,228,2019-09-30 00:00:00.0000000,2018-10-01 00:00:00.0000000,241,2020-09-30 00:00:00.0000000,2019-10-01 00:00:00.0000000,,0,0,1
40,434028,0.999001416,115940.1012,0,999001416,0,115940,1012,115,2019-09-27 00:00:00.0000000,2018-10-10 00:00:00.0000000,121,2020-09-30 00:00:00.0000000,2019-10-03 00:00:00.0000000,,0,0,1
40,602829,0.782612682,1218.540661,0,782612682,0,1218,540661,5,2019-03-20 00:00:00.0000000,2018-10-01 00:00:00.0000000,11,2020-05-19 00:00:00.0000000,2019-10-10 00:00:00.0000000,,0,0,1
40,634204,0.992515302,8743.126153,0,992515302,0,8743,126153,30,2019-09-11 00:00:00.0000000,2018-10-16 00:00:00.0000000,9,2020-08-24 00:00:00.0000000,2019-10-02 00:00:00.0000000,,0,0,1
40,733253,0.964354137,2285.71836,0,964354137,0,2285,71836,2,2019-07-26 00:00:00.0000000,2018-11-05 00:00:00.0000000,NULL,NULL,NULL,,1,1,1
40,539222,0.882402814,1403.586938,0,882402814,0,1403,586938,4,2019-04-26 00:00:00.0000000,2018-11-21 00:00:00.0000000,5,2020-09-01 00:00:00.0000000,2019-11-20 00:00:00.0000000,,0,0,1
40,429991,0.993522822,27133.83684,0,993522822,0,27133,83684,22,2019-09-11 00:00:00.0000000,2018-10-10 00:00:00.0000000,11,2020-07-23 00:00:00.0000000,2019-10-08 00:00:00.0000000,,0,0,1
40,431709,0.690725404,0,0,690725404,0,0,1,2019-03-19 00:00:00.0000000,2019-03-19 00:00:00.0000000,NULL,NULL,NULL,NULL,1,,1,1
40,533131,0.997996754,24123.19914,0,997996754,0,24123,19914,49,2019-09-24 00:00:00.0000000,2018-10-02 00:00:00.0000000,28,2020-09-28 00:00:00.0000000,2019-10-08 00:00:00.0000000,,0,0,1
40,657646,0.502372265,124.2398946,0,502372265,0,124,2398946,2,2018-11-07 00:00:00.0000000,2018-10-09 00:00:00.0000000,NULL,NULL,NULL,,1,1,1
40,429255,0.998685603,229673.7729,0,998685603,0,229673,7729,100,2019-09-26 00:00:00.0000000,2018-10-04 00:00:00.0000000,88,2020-09-30 00:00:00.0000000,2019-10-01 00:00:00.0000000,,0,0,1
40,424864,0.999376152,90585.38469,0,999376152,0,90585,38469,71,2019-09-30 00:00:00.0000000,2018-10-03 00:00:00.0000000,47,2020-09-24 00:00:00.0000000,2019-10-02 00:00:00.0000000,,0,0,1
40,526129,0.422048555,1137.328044,0,422048555,1,1137,328044,2,2019-04-04 00:00:00.0000000,2019-03-26 00:00:00.0000000,1,2020-01-08 00:00:00.0000000,2020-01-08 00:00:00.0000000,,0,0,1
40,745733,0.992087337,3046.953415,0,992087337,0,3046,953415,8,2019-09-20 00:00:00.0000000,2019-02-13 00:00:00.0000000,10,2020-09-25 00:00:00.0000000,2019-10-22 00:00:00.0000000,,0,0,1
40,559662,0.978157945,1927.088887,0,978157945,0,1927,88887,4,2019-08-05 00:00:00.0000000,2018-10-22 00:00:00.0000000,NULL,NULL,NULL,,1,1,1
40,717905,0.963598996,4642.246532,0,963598996,0,4642,246532,5,2019-08-21 00:00:00.0000000,2019-05-07 00:00:00.0000000,1,2019-12-07 00:00:00.0000000,2019-12-07 00:00:00.0000000,,0,0,1
40,714350,0.997595512,27293.40027,0,997595512,0,27293,40027,40,2019-09-23 00:00:00.0000000,2018-10-10 00:00:00.0000000,42,2020-09-21 00:00:00.0000000,2019-10-15 00:00:00.0000000,,0,0,1
40,715138,0.614752414,0,0,614752414,0,0,1,2018-10-05 00:00:00.0000000,2018-10-05 00:00:00.0000000,NULL,NULL,NULL,NULL,1,,1,1
40,707273,0.707255941,1116.527057,0,707255941,0,1116,527057,2,2018-12-11 00:00:00.0000000,2018-10-18 00:00:00.0000000,NULL,NULL,NULL,,1,1,1
40,431228,0.271705468,142.6612629,0,271705468,1,142,6612629,4,2018-12-17 00:00:00.0000000,2018-10-04 00:00:00.0000000,NULL,NULL,NULL,,1,1,1
40,426613,0.632033533,0,0,632033533,0,0,1,2018-11-19 00:00:00.0000000,2018-11-19 00:00:00.0000000,NULL,NULL,NULL,NULL,1,,1,1
40,721371,0.991534143,245912.5134,0,991534143,0,245912,5134,75,2019-09-17 00:00:00.0000000,2018-10-02 00:00:00.0000000,14,2019-11-06 00:00:00.0000000,2019-10-02 00:00:00.0000000,,0,0,1
40,725981,0.71142624,889.8724558,0,71142624,0,889,8724558,2,2019-07-23 00:00:00.0000000,2019-07-15 00:00:00.0000000,6,2019-12-04 00:00:00.0000000,2019-11-05 00:00:00.0000000,,0,0,1
40,423000,0.993467757,14819.13085,0,993467757,0,14819,13085,27,2019-09-12 00:00:00.0000000,2018-10-16 00:00:00.0000000,20,2020-06-26 00:00:00.0000000,2019-10-04 00:00:00.0000000,,0,0,1
40,427453,0.950110583,2163.475787,0,950110583,0,2163,475787,3,2019-05-21 00:00:00.0000000,2018-10-09 00:00:00.0000000,4,2020-09-01 00:00:00.0000000,2019-10-14 00:00:00.0000000,,0,0,1
40,737121,0.960260834,7120.893914,0,960260834,0,7120,893914,14,2019-07-30 00:00:00.0000000,2018-10-10 00:00:00.0000000,14,2020-09-15 00:00:00.0000000,2019-10-03 00:00:00.0000000,,0,0,1
40,733328,0.723882464,0,0,723882464,0,0,1,2019-05-08 00:00:00.0000000,2019-05-08 00:00:00.0000000,NULL,NULL,NULL,NULL,1,,1,1
40,726485,0.992467194,11291.16979,0,992467194,0,11291,16979,20,2019-09-09 00:00:00.0000000,2018-10-24 00:00:00.0000000,13,2020-09-30 00:00:00.0000000,2019-11-25 00:00:00.0000000,,0,0,1
40,434581,0.998401205,35172.32038,0,998401205,0,35172,32038,38,2019-09-27 00:00:00.0000000,2018-10-10 00:00:00.0000000,21,2020-09-15 00:00:00.0000000,2019-10-18 00:00:00.0000000,,0,0,1
40,432589,0.986702951,10738.8829,0,986702951,0,10738,8829,33,2019-09-05 00:00:00.0000000,2018-10-05 00:00:00.0000000,22,2020-09-16 00:00:00.0000000,2019-10-17 00:00:00.0000000,,0,0,1
40,644376,0.395747771,1706.765841,0,395747771,1,1706,765841,4,2019-03-01 00:00:00.0000000,2018-12-24 00:00:00.0000000,NULL,NULL,NULL,,1,1,1
40,726618,0.696184181,0,0,696184181,0,0,1,2019-03-28 00:00:00.0000000,2019-03-28 00:00:00.0000000,NULL,NULL,NULL,NULL,1,,1,1
40,674525,0.50466105,3090.630195,0,50466105,0,3090,630195,13,2019-05-28 00:00:00.0000000,2018-10-26 00:00:00.0000000,10,2020-09-29 00:00:00.0000000,2019-10-21 00:00:00.0000000,,0,0,1
40,716053,0.614752414,0,0,614752414,0,0,1,2018-10-05 00:00:00.0000000,2018-10-05 00:00:00.0000000,1,2019-11-14 00:00:00.0000000,2019-11-14 00:00:00.0000000,NULL,0,,0,1
40,735683,0.969143092,4476.293803,0,969143092,0,4476,293803,6,2019-07-09 00:00:00.0000000,2018-10-01 00:00:00.0000000,3,2020-09-21 00:00:00.0000000,2019-10-07 00:00:00.0000000,,0,0,1
40,496019,0.786747695,0,0,786747695,0,0,1,2019-07-16 00:00:00.0000000,2019-07-16 00:00:00.0000000,11,2020-09-30 00:00:00.0000000,2019-10-16 00:00:00.0000000,NULL,0,,0,1
40,425465,0.998101319,64653.79504,0,998101319,0,64653,79504,41,2019-09-25 00:00:00.0000000,2018-10-08 00:00:00.0000000,43,2020-09-25 00:00:00.0000000,2019-10-03 00:00:00.0000000,,0,0,1
40,527952,0.998133408,38022.83077,0,998133408,0,38022,83077,119,2019-09-25 00:00:00.0000000,2018-10-02 00:00:00.0000000,125,2020-09-30 00:00:00.0000000,2019-10-02 00:00:00.0000000,,0,0,1
40,632498,0.992358732,12205.00386,0,992358732,0,12205,386,26,2019-09-09 00:00:00.0000000,2018-10-03 00:00:00.0000000,20,2020-09-14 00:00:00.0000000,2019-10-09 00:00:00.0000000,,0,0,1
40,644286,0.020925854,63.39542876,0,20925854,1,63,39542876,4,2018-11-08 00:00:00.0000000,2018-10-10 00:00:00.0000000,NULL,NULL,NULL,,1,1,1
40,669779,0.995886028,4483.901893,0,995886028,0,4483,901893,11,2019-09-30 00:00:00.0000000,2018-10-25 00:00:00.0000000,10,2020-09-29 00:00:00.0000000,2019-10-22 00:00:00.0000000,,0,0,1
40,431235,0.994635262,18746.46763,0,994635262,0,18746,46763,17,2019-09-16 00:00:00.0000000,2018-11-08 00:00:00.0000000,19,2020-09-18 00:00:00.0000000,2019-10-08 00:00:00.0000000,,0,0,1
40,706427,0.938627705,3856.155792,0,938627705,0,3856,155792,4,2019-07-24 00:00:00.0000000,2019-04-10 00:00:00.0000000,7,2020-07-08 00:00:00.0000000,2019-12-04 00:00:00.0000000,,0,0,1
40,677505,0.696802947,0,0,696802947,0,0,1,2019-03-29 00:00:00.0000000,2019-03-29 00:00:00.0000000,NULL,NULL,NULL,NULL,1,,1,1
40,721421,0.635320595,0,0,635320595,0,0,1,2018-11-27 00:00:00.0000000,2018-11-27 00:00:00.0000000,4,2020-09-28 00:00:00.0000000,2019-12-05 00:00:00.0000000,NULL,0,,0,1
40,717275,0.893780937,460.7022117,0,893780937,0,460,7022117,2,2019-02-18 00:00:00.0000000,2018-10-10 00:00:00.0000000,3,2020-05-08 00:00:00.0000000,2019-10-23 00:00:00.0000000,,0,0,1
40,742466,0.953757672,1156.505869,0,953757672,0,1156,505869,2,2019-06-27 00:00:00.0000000,2018-12-18 00:00:00.0000000,1,2020-01-10 00:00:00.0000000,2020-01-10 00:00:00.0000000,,0,0,1
40,435005,0.999751742,346210.3227,0,999751742,0,346210,3227,179,2019-09-30 00:00:00.0000000,2018-10-01 00:00:00.0000000,175,2020-09-30 00:00:00.0000000,2019-10-02 00:00:00.0000000,,0,0,1
40,740427,0.957724337,1958.098701,0,957724337,0,1958,98701,2,2019-06-18 00:00:00.0000000,2018-10-04 00:00:00.0000000,NULL,NULL,NULL,,1,1,1
40,564690,0.98394699,6774.188033,0,98394699,0,6774,188033,7,2019-08-20 00:00:00.0000000,2018-11-22 00:00:00.0000000,2,2020-02-25 00:00:00.0000000,2020-01-23 00:00:00.0000000,,0,0,1
40,429591,0.997904846,125434.7301,0,997904846,0,125434,7301,35,2019-09-25 00:00:00.0000000,2018-10-24 00:00:00.0000000,NULL,NULL,NULL,,1,1,1
40,425920,0.996023484,8643.712473,0,996023484,0,8643,712473,15,2019-09-23 00:00:00.0000000,2018-10-09 00:00:00.0000000,27,2020-09-17 00:00:00.0000000,2019-10-04 00:00:00.0000000,,0,0,1
40,739880,0.992770616,2168.706398,0,992770616,0,2168,706398,10,2019-09-13 00:00:00.0000000,2018-10-16 00:00:00.0000000,21,2020-09-23 00:00:00.0000000,2019-10-11 00:00:00.0000000,,0,0,1
40,546670,0.815863248,6645.081053,0,815863248,0,6645,81053,2,2019-06-05 00:00:00.0000000,2019-05-03 00:00:00.0000000,1,2020-05-25 00:00:00.0000000,2020-05-25 00:00:00.0000000,,0,0,1
40,464492,0.995360094,59720.78101,0,995360094,0,59720,78101,15,2019-09-19 00:00:00.0000000,2018-10-01 00:00:00.0000000,30,2020-09-29 00:00:00.0000000,2019-10-24 00:00:00.0000000,,0,0,1
40,580299,0.702178066,417.164575,0,702178066,0,417,164575,2,2019-01-09 00:00:00.0000000,2018-11-23 00:00:00.0000000,6,2020-06-24 00:00:00.0000000,2020-03-10 00:00:00.0000000,,0,0,1
40,511145,0.997942082,25401.07736,0,997942082,0,25401,7736,83,2019-09-24 00:00:00.0000000,2018-10-02 00:00:00.0000000,53,2020-09-29 00:00:00.0000000,2019-10-02 00:00:00.0000000,,0,0,1
40,655409,0.987993235,4679.594718,0,987993235,0,4679,594718,5,2019-09-16 00:00:00.0000000,2019-01-21 00:00:00.0000000,7,2020-09-21 00:00:00.0000000,2019-11-13 00:00:00.0000000,,0,0,1
40,701551,0.980299107,686.5753262,0,980299107,0,686,5753262,4,2019-08-13 00:00:00.0000000,2018-10-16 00:00:00.0000000,4,2020-04-02 00:00:00.0000000,2019-12-09 00:00:00.0000000,,0,0,1
40,589189,0.394976704,6190.36461,0,394976704,1,6190,36461,2,2019-02-11 00:00:00.0000000,2019-01-30 00:00:00.0000000,NULL,NULL,NULL,,1,1,1
40,593224,0.683169585,0,0,683169585,0,0,1,2019-03-06 00:00:00.0000000,2019-03-06 00:00:00.0000000,1,2020-01-22 00:00:00.0000000,2020-01-22 00:00:00.0000000,NULL,0,,0,1
40,435486,0.62566344,9569.207922,0,62566344,0,9569,207922,40,2019-08-07 00:00:00.0000000,2018-10-04 00:00:00.0000000,35,2020-09-22 00:00:00.0000000,2019-11-05 00:00:00.0000000,,0,0,1
40,635085,0.996829265,14500.6212,0,996829265,0,14500,6212,22,2019-09-23 00:00:00.0000000,2018-10-30 00:00:00.0000000,18,2020-09-21 00:00:00.0000000,2019-10-30 00:00:00.0000000,,0,0,1
40,704247,0.645182739,0,0,645182739,0,0,1,2018-12-20 00:00:00.0000000,2018-12-20 00:00:00.0000000,1,2020-09-24 00:00:00.0000000,2020-09-24 00:00:00.0000000,NULL,0,,0,1
40,447538,0.998676184,1064585.503,0,998676184,0,1064585,503,108,2019-09-26 00:00:00.0000000,2018-10-03 00:00:00.0000000,103,2020-09-30 00:00:00.0000000,2019-10-01 00:00:00.0000000,,0,0,1
40,430769,0.998684032,28125.17023,0,998684032,0,28125,17023,51,2019-09-27 00:00:00.0000000,2018-10-04 00:00:00.0000000,63,2020-09-24 00:00:00.0000000,2019-10-16 00:00:00.0000000,,0,0,1
40,732057,0.554279806,762.3114853,0,554279806,0,762,3114853,3,2018-12-28 00:00:00.0000000,2018-10-18 00:00:00.0000000,NULL,NULL,NULL,,1,1,1
40,436476,0.999697227,3363952.059,0,999697227,0,3363952,59,146,2019-09-30 00:00:00.0000000,2018-10-04 00:00:00.0000000,158,2020-09-29 00:00:00.0000000,2019-10-02 00:00:00.0000000,,0,0,1
40,592396,0.994574715,4662.804875,0,994574715,0,4662,804875,11,2019-09-23 00:00:00.0000000,2019-01-10 00:00:00.0000000,16,2020-09-30 00:00:00.0000000,2019-11-21 00:00:00.0000000,,0,0,1
40,534518,0.993683639,18371.22499,0,993683639,0,18371,22499,10,2019-09-20 00:00:00.0000000,2018-12-18 00:00:00.0000000,5,2020-07-07 00:00:00.0000000,2019-10-02 00:00:00.0000000,,0,0,1
40,730063,0.987682375,2454.331393,0,987682375,0,2454,331393,15,2019-08-28 00:00:00.0000000,2018-10-17 00:00:00.0000000,34,2020-09-24 00:00:00.0000000,2019-10-03 00:00:00.0000000,,0,0,1
40,700106,0.999809595,2442367.63,0,999809595,0,2442367,63,232,2019-09-30 00:00:00.0000000,2018-10-02 00:00:00.0000000,196,2020-09-30 00:00:00.0000000,2019-10-01 00:00:00.0000000,,0,0,1
40,713924,0.665007307,0,0,665007307,0,0,1,2019-01-31 00:00:00.0000000,2019-01-31 00:00:00.0000000,NULL,NULL,NULL,X,1,,1,1
40,710103,0.952004599,689.3695091,0,952004599,0,689,3695091,3,2019-05-30 00:00:00.0000000,2018-10-24 00:00:00.0000000,4,2020-09-11 00:00:00.0000000,2020-05-08 00:00:00.0000000,,0,0,1
40,558139,0.996764455,17776.24837,0,996764455,0,17776,24837,21,2019-09-23 00:00:00.0000000,2018-10-25 00:00:00.0000000,24,2020-09-29 00:00:00.0000000,2019-10-30 00:00:00.0000000,,0,0,1
40,713914,0.994579337,1357.278718,0,994579337,0,1357,278718,9,2019-09-27 00:00:00.0000000,2018-10-02 00:00:00.0000000,5,2020-03-11 00:00:00.0000000,2019-10-01 00:00:00.0000000,,0,0,1
40,576412,0.284148864,485.1532741,0,284148864,1,485,1532741,2,2018-11-27 00:00:00.0000000,2018-11-16 00:00:00.0000000,2,2020-02-10 00:00:00.0000000,2019-11-25 00:00:00.0000000,,0,0,1
40,730057,0.986922239,7730.063371,0,986922239,0,7730,63371,10,2019-08-28 00:00:00.0000000,2018-11-28 00:00:00.0000000,22,2020-09-17 00:00:00.0000000,2019-10-24 00:00:00.0000000,,0,0,1
40,705419,0.968936448,4749.790023,0,968936448,0,4749,790023,10,2019-07-24 00:00:00.0000000,2018-10-03 00:00:00.0000000,5,2020-09-21 00:00:00.0000000,2019-10-14 00:00:00.0000000,,0,0,1
40,734933,0.772621981,0,0,772621981,0,0,1,2019-07-03 00:00:00.0000000,2019-07-03 00:00:00.0000000,5,2020-09-04 00:00:00.0000000,2020-01-08 00:00:00.0000000,NULL,0,,0,1
40,709407,0.907974596,7117.19971,0,907974596,0,7117,19971,5,2019-06-24 00:00:00.0000000,2019-02-07 00:00:00.0000000,3,2020-08-06 00:00:00.0000000,2019-11-14 00:00:00.0000000,,0,0,1
40,680854,0.99980877,7967623.444,0,99980877,0,7967623,444,231,2019-09-30 00:00:00.0000000,2018-10-01 00:00:00.0000000,233,2020-09-30 00:00:00.0000000,2019-10-01 00:00:00.0000000,,0,0,1
40,424347,0.627231323,0,0,627231323,0,0,1,2018-11-07 00:00:00.0000000,2018-11-07 00:00:00.0000000,91,2020-09-30 00:00:00.0000000,2020-05-14 00:00:00.0000000,NULL,0,,0,1
40,428644,0.823249799,0,0,823249799,0,0,1,2019-08-13 00:00:00.0000000,2019-08-13 00:00:00.0000000,NULL,NULL,NULL,NULL,1,,1,1
40,719216,0.996203079,276197.8065,0,996203079,0,276197,8065,16,2019-09-23 00:00:00.0000000,2018-10-09 00:00:00.0000000,12,2020-09-18 00:00:00.0000000,2019-10-21 00:00:00.0000000,,0,0,1
40,606224,0.99752803,11194.37982,0,99752803,0,11194,37982,24,2019-09-26 00:00:00.0000000,2018-11-08 00:00:00.0000000,43,2020-09-29 00:00:00.0000000,2019-10-03 00:00:00.0000000,,0,0,1
40,747116,0.59871592,4039.878792,0,59871592,0,4039,878792,3,2019-06-10 00:00:00.0000000,2019-05-13 00:00:00.0000000,2,2020-02-19 00:00:00.0000000,2020-02-05 00:00:00.0000000,,0,0,1
40,750534,0.979248939,28449.02001,0,979248939,0,28449,2001,5,2019-09-20 00:00:00.0000000,2019-08-06 00:00:00.0000000,36,2020-09-14 00:00:00.0000000,2019-10-18 00:00:00.0000000,,0,0,1
40,430131,0.999424938,53302.97414,0,999424938,0,53302,97414,77,2019-09-30 00:00:00.0000000,2018-10-01 00:00:00.0000000,83,2020-09-28 00:00:00.0000000,2019-10-14 00:00:00.0000000,,0,0,1
40,432465,0.999348517,65756.78231,0,999348517,0,65756,78231,68,2019-09-30 00:00:00.0000000,2018-10-01 00:00:00.0000000,68,2020-09-17 00:00:00.0000000,2019-10-01 00:00:00.0000000,,0,0,1
40,633965,0.740326584,0,0,740326584,0,0,1,2019-05-29 00:00:00.0000000,2019-05-29 00:00:00.0000000,NULL,NULL,NULL,NULL,1,,1,1
40,688722,0.468941933,106.0468972,0,468941933,1,106,468972,2,2019-04-06 00:00:00.0000000,2019-03-26 00:00:00.0000000,NULL,NULL,NULL,,1,1,1
40,709179,0.232599012,57.47133542,0,232599012,1,57,47133542,6,2019-01-28 00:00:00.0000000,2018-10-02 00:00:00.0000000,NULL,NULL,NULL,,1,1,1
40,499670,0.999665048,304024.9224,0,999665048,0,304024,9224,132,2019-09-30 00:00:00.0000000,2018-10-03 00:00:00.0000000,99,2020-09-23 00:00:00.0000000,2019-10-03 00:00:00.0000000,,0,0,1
40,733092,0.998361442,40443.94409,0,998361442,0,40443,94409,82,2019-09-25 00:00:00.0000000,2018-10-02 00:00:00.0000000,86,2020-09-29 00:00:00.0000000,2019-10-01 00:00:00.0000000,,0,0,1
40,596348,0.978710603,6520.780262,0,978710603,0,6520,780262,18,2019-08-20 00:00:00.0000000,2018-10-18 00:00:00.0000000,9,2020-09-21 00:00:00.0000000,2019-10-21 00:00:00.0000000,,0,0,1
40,666483,0.635736472,0,0,635736472,0,0,1,2018-11-28 00:00:00.0000000,2018-11-28 00:00:00.0000000,3,2020-09-08 00:00:00.0000000,2019-10-02 00:00:00.0000000,NULL,0,,0,1
40,662555,0.790220413,0,0,790220413,0,0,1,2019-07-19 00:00:00.0000000,2019-07-19 00:00:00.0000000,NULL,NULL,NULL,X,1,,1,1
40,563330,0.632033533,0,0,632033533,0,0,1,2018-11-19 00:00:00.0000000,2018-11-19 00:00:00.0000000,3,2020-09-07 00:00:00.0000000,2020-04-06 00:00:00.0000000,NULL,0,,0,1
40,464131,0.999646249,226264.5941,0,999646249,0,226264,5941,125,2019-09-30 00:00:00.0000000,2018-10-02 00:00:00.0000000,84,2020-09-25 00:00:00.0000000,2019-10-08 00:00:00.0000000,,0,0,1
40,750727,0.992004385,2504506.849,0,992004385,0,2504506,849,16,2019-09-25 00:00:00.0000000,2019-07-22 00:00:00.0000000,9,2020-09-30 00:00:00.0000000,2019-10-02 00:00:00.0000000,,0,0,1
40,725728,0.95788195,5002.612264,0,95788195,0,5002,612264,3,2019-06-18 00:00:00.0000000,2018-11-14 00:00:00.0000000,NULL,NULL,NULL,,1,1,1
40,707725,0.99775977,1148400.709,0,99775977,0,1148400,709,99,2019-09-24 00:00:00.0000000,2018-10-02 00:00:00.0000000,126,2020-09-29 00:00:00.0000000,2019-10-01 00:00:00.0000000,,0,0,1
40,559510,0.34798965,454.4888125,0,34798965,1,454,4888125,2,2019-05-17 00:00:00.0000000,2019-05-14 00:00:00.0000000,NULL,NULL,NULL,,1,1,1
40,611594,0.986296655,1882.269905,0,986296655,0,1882,269905,6,2019-08-27 00:00:00.0000000,2018-10-29 00:00:00.0000000,6,2020-08-24 00:00:00.0000000,2019-10-25 00:00:00.0000000,,0,0,1
40,435262,0.991973938,11911.9392,0,991973938,0,11911,9392,25,2019-09-10 00:00:00.0000000,2018-11-05 00:00:00.0000000,17,2020-09-25 00:00:00.0000000,2019-10-14 00:00:00.0000000,,0,0,1
40,433529,0.636571618,0,0,636571618,0,0,1,2018-11-30 00:00:00.0000000,2018-11-30 00:00:00.0000000,1,2019-10-01 00:00:00.0000000,2019-10-01 00:00:00.0000000,NULL,0,,0,1
40,661366,0.999735363,549173.8934,0,999735363,0,549173,8934,167,2019-09-30 00:00:00.0000000,2018-10-03 00:00:00.0000000,181,2020-09-30 00:00:00.0000000,2019-10-01 00:00:00.0000000,,0,0,1
40,655104,0.952574519,6811.653077,0,952574519,0,6811,653077,13,2019-07-23 00:00:00.0000000,2018-10-10 00:00:00.0000000,4,2020-07-23 00:00:00.0000000,2019-11-21 00:00:00.0000000,,0,0,1
40,728516,0.98956282,19523.53263,0,98956282,0,19523,53263,38,2019-09-09 00:00:00.0000000,2018-10-02 00:00:00.0000000,49,2020-09-28 00:00:00.0000000,2019-10-04 00:00:00.0000000,,0,0,1
40,429467,0.997969071,26559.50532,0,997969071,0,26559,50532,22,2019-09-30 00:00:00.0000000,2018-10-17 00:00:00.0000000,15,2020-07-31 00:00:00.0000000,2019-10-09 00:00:00.0000000,,0,0,1
40,645149,0.995293864,22290.93646,0,995293864,0,22290,93646,43,2019-09-17 00:00:00.0000000,2018-10-01 00:00:00.0000000,40,2020-09-23 00:00:00.0000000,2019-10-08 00:00:00.0000000,,0,0,1
40,724872,0.933828862,617.3255047,0,933828862,0,617,3255047,2,2019-05-06 00:00:00.0000000,2018-11-28 00:00:00.0000000,3,2020-02-18 00:00:00.0000000,2019-11-27 00:00:00.0000000,,0,0,1
40,423533,0.999727181,2187749.292,0,999727181,0,2187749,292,162,2019-09-30 00:00:00.0000000,2018-10-01 00:00:00.0000000,169,2020-09-28 00:00:00.0000000,2019-10-01 00:00:00.0000000,,0,0,1
40,717397,0.015413938,26.04261823,0,15413938,1,26,4261823,6,2018-12-10 00:00:00.0000000,2018-10-05 00:00:00.0000000,NULL,NULL,NULL,,1,1,1
40,427973,0.997590587,27704.25559,0,997590587,0,27704,25559,30,2019-09-24 00:00:00.0000000,2018-10-03 00:00:00.0000000,14,2020-08-31 00:00:00.0000000,2019-10-07 00:00:00.0000000,,0,0,1
40,688796,0.993953172,8965.904526,0,993953172,0,8965,904526,11,2019-09-18 00:00:00.0000000,2018-11-07 00:00:00.0000000,12,2020-09-01 00:00:00.0000000,2019-10-11 00:00:00.0000000,,0,0,1
40,428712,0.999285189,76465.71075,0,999285189,0,76465,71075,62,2019-09-30 00:00:00.0000000,2018-10-02 00:00:00.0000000,72,2020-09-29 00:00:00.0000000,2019-10-04 00:00:00.0000000,,0,0,1
40,422510,0.99750796,11288.76675,0,99750796,0,11288,76675,25,2019-09-25 00:00:00.0000000,2018-10-02 00:00:00.0000000,10,2020-06-18 00:00:00.0000000,2019-10-07 00:00:00.0000000,,0,0,1
40,653249,0.997763144,10259.98942,0,997763144,0,10259,98942,20,2019-09-30 00:00:00.0000000,2018-10-08 00:00:00.0000000,23,2020-09-21 00:00:00.0000000,2019-10-30 00:00:00.0000000,,0,0,1
40,538420,0.987571293,3614.853472,0,987571293,0,3614,853472,4,2019-09-25 00:00:00.0000000,2018-10-03 00:00:00.0000000,1,2020-03-17 00:00:00.0000000,2020-03-17 00:00:00.0000000,,0,0,1
40,701402,0.517894092,221.7528743,0,517894092,0,221,7528743,2,2019-03-07 00:00:00.0000000,2019-02-18 00:00:00.0000000,1,2020-09-09 00:00:00.0000000,2020-09-09 00:00:00.0000000,,0,0,1
40,699615,0.933695983,1976.166144,0,933695983,0,1976,166144,3,2019-06-17 00:00:00.0000000,2019-02-07 00:00:00.0000000,1,2020-04-06 00:00:00.0000000,2020-04-06 00:00:00.0000000,,0,0,1
40,716860,0.99764704,8635.199782,0,99764704,0,8635,199782,36,2019-09-24 00:00:00.0000000,2018-11-07 00:00:00.0000000,22,2020-09-09 00:00:00.0000000,2019-10-04 00:00:00.0000000,,0,0,1
40,729389,0.678698647,0,0,678698647,0,0,1,2019-02-26 00:00:00.0000000,2019-02-26 00:00:00.0000000,NULL,NULL,NULL,NULL,1,,1,1
40,737518,0.987670649,9640.201951,0,987670649,0,9640,201951,5,2019-09-20 00:00:00.0000000,2019-04-22 00:00:00.0000000,10,2020-09-21 00:00:00.0000000,2019-10-21 00:00:00.0000000,,0,0,1
40,435305,0.760722173,0,0,760722173,0,0,1,2019-06-21 00:00:00.0000000,2019-06-21 00:00:00.0000000,NULL,NULL,NULL,NULL,1,,1,1
40,558040,0.959942655,2531.792167,0,959942655,0,2531,792167,7,2019-07-02 00:00:00.0000000,2018-10-04 00:00:00.0000000,5,2020-08-24 00:00:00.0000000,2020-01-28 00:00:00.0000000,,0,0,1
40,428551,0.995714391,5362.970152,0,995714391,0,5362,970152,14,2019-09-23 00:00:00.0000000,2018-11-08 00:00:00.0000000,4,2020-05-25 00:00:00.0000000,2019-10-30 00:00:00.0000000,,0,0,1
40,583444,0.993405285,10094.15112,0,993405285,0,10094,15112,8,2019-09-23 00:00:00.0000000,2018-10-02 00:00:00.0000000,7,2020-02-21 00:00:00.0000000,2019-10-30 00:00:00.0000000,,0,0,1
40,447783,0.981382856,3836.768615,0,981382856,0,3836,768615,3,2019-09-20 00:00:00.0000000,2019-04-04 00:00:00.0000000,NULL,NULL,NULL,,1,1,1
40,602318,0.960561775,873.4511979,0,960561775,0,873,4511979,2,2019-07-02 00:00:00.0000000,2018-10-10 00:00:00.0000000,NULL,NULL,NULL,,1,1,1
40,739853,0.652394531,73.15201039,0,652394531,0,73,15201039,2,2019-04-10 00:00:00.0000000,2019-03-18 00:00:00.0000000,1,2020-01-20 00:00:00.0000000,2020-01-20 00:00:00.0000000,,0,0,1
40,422314,0.99974748,171715.312,0,99974748,0,171715,312,175,2019-09-30 00:00:00.0000000,2018-10-03 00:00:00.0000000,136,2020-09-23 00:00:00.0000000,2019-10-01 00:00:00.0000000,,0,0,1
40,576960,0.995862171,3460.723805,0,995862171,0,3460,723805,13,2019-09-25 00:00:00.0000000,2018-10-15 00:00:00.0000000,5,2020-09-16 00:00:00.0000000,2020-02-19 00:00:00.0000000,,0,0,1
40,659532,0.999513677,35114.42825,0,999513677,0,35114,42825,91,2019-09-30 00:00:00.0000000,2018-10-01 00:00:00.0000000,51,2020-09-29 00:00:00.0000000,2019-10-02 00:00:00.0000000,,0,0,1
40,620531,0.855462519,927.6072872,0,855462519,0,927,6072872,3,2019-02-22 00:00:00.0000000,2018-10-03 00:00:00.0000000,NULL,NULL,NULL,,1,1,1
40,428960,0.997568123,96817.63016,0,997568123,0,96817,63016,72,2019-09-23 00:00:00.0000000,2018-10-04 00:00:00.0000000,52,2020-09-30 00:00:00.0000000,2019-10-07 00:00:00.0000000,,0,0,1
40,710370,0.992826255,4190.076544,0,992826255,0,4190,76544,7,2019-09-25 00:00:00.0000000,2018-10-04 00:00:00.0000000,2,2020-03-27 00:00:00.0000000,2020-02-17 00:00:00.0000000,,0,0,1
40,655765,0.997729798,140398.4917,0,997729798,0,140398,4917,99,2019-09-24 00:00:00.0000000,2018-10-05 00:00:00.0000000,66,2020-09-30 00:00:00.0000000,2019-10-01 00:00:00.0000000,,0,0,1
40,608125,0.994410794,1996.561623,0,994410794,0,1996,561623,10,2019-09-26 00:00:00.0000000,2019-04-05 00:00:00.0000000,18,2020-09-30 00:00:00.0000000,2019-10-02 00:00:00.0000000,,0,0,1
40,559107,0.686031679,0,0,686031679,0,0,1,2019-03-11 00:00:00.0000000,2019-03-11 00:00:00.0000000,3,2020-02-17 00:00:00.0000000,2020-01-27 00:00:00.0000000,NULL,0,,0,1
40,659561,0.997336998,85085.41928,0,997336998,0,85085,41928,37,2019-09-23 00:00:00.0000000,2018-11-16 00:00:00.0000000,27,2020-09-21 00:00:00.0000000,2019-10-09 00:00:00.0000000,,0,0,1
40,427348,0.99522351,533.7078115,0,99522351,0,533,7078115,12,2019-09-23 00:00:00.0000000,2018-10-30 00:00:00.0000000,12,2020-09-21 00:00:00.0000000,2019-10-30 00:00:00.0000000,,0,0,1
40,675765,0.977345816,1078.093658,0,977345816,0,1078,93658,5,2019-08-21 00:00:00.0000000,2019-02-25 00:00:00.0000000,1,2020-09-30 00:00:00.0000000,2020-09-30 00:00:00.0000000,,0,0,1
40,747134,0.996126822,41644.35192,0,996126822,0,41644,35192,16,2019-09-26 00:00:00.0000000,2019-03-26 00:00:00.0000000,105,2020-09-30 00:00:00.0000000,2019-10-01 00:00:00.0000000,,0,0,1
40,594209,0.835866392,0,0,835866392,0,0,1,2019-08-21 00:00:00.0000000,2019-08-21 00:00:00.0000000,2,2020-06-15 00:00:00.0000000,2020-06-12 00:00:00.0000000,NULL,0,,0,1
40,744420,0.986116617,16179.69763,0,986116617,0,16179,69763,7,2019-09-05 00:00:00.0000000,2019-02-19 00:00:00.0000000,1,2020-05-15 00:00:00.0000000,2020-05-15 00:00:00.0000000,,0,0,1
40,735471,0.872381553,3070.689692,0,872381553,0,3070,689692,7,2019-05-23 00:00:00.0000000,2018-10-26 00:00:00.0000000,2,2019-11-26 00:00:00.0000000,2019-10-18 00:00:00.0000000,,0,0,1
40,435496,0.998054206,35102.2456,0,998054206,0,35102,2456,33,2019-09-26 00:00:00.0000000,2018-10-15 00:00:00.0000000,29,2020-09-22 00:00:00.0000000,2019-10-07 00:00:00.0000000,,0,0,1
40,550103,0.99790147,12527.79192,0,99790147,0,12527,79192,29,2019-09-26 00:00:00.0000000,2018-10-04 00:00:00.0000000,56,2020-09-21 00:00:00.0000000,2019-10-01 00:00:00.0000000,,0,0,1
40,579813,0.708393843,0,0,708393843,0,0,1,2019-04-16 00:00:00.0000000,2019-04-16 00:00:00.0000000,NULL,NULL,NULL,NULL,1,,1,1
40,434042,0.999728858,102827.3702,0,999728858,0,102827,3702,163,2019-09-30 00:00:00.0000000,2018-10-01 00:00:00.0000000,168,2020-09-30 00:00:00.0000000,2019-10-01 00:00:00.0000000,,0,0,1
40,678005,9.12E-04,7.403288818,0,912,1,7,403288818,10,2019-01-17 00:00:00.0000000,2018-10-19 00:00:00.0000000,4,2020-02-27 00:00:00.0000000,2019-12-16 00:00:00.0000000,,0,0,1
40,600788,0.661028848,0,0,661028848,0,0,1,2019-01-23 00:00:00.0000000,2019-01-23 00:00:00.0000000,NULL,NULL,NULL,NULL,1,,1,1
40,684195,0.638255662,0,0,638255662,0,0,1,2018-12-04 00:00:00.0000000,2018-12-04 00:00:00.0000000,NULL,NULL,NULL,X,1,,1,1
40,427047,0.995175816,12313.76631,0,995175816,0,12313,76631,19,2019-09-16 00:00:00.0000000,2018-10-03 00:00:00.0000000,20,2020-08-28 00:00:00.0000000,2019-10-09 00:00:00.0000000,,0,0,1
40,739494,0.833218574,2412.541794,0,833218574,0,2412,541794,7,2019-05-17 00:00:00.0000000,2018-11-05 00:00:00.0000000,3,2019-10-25 00:00:00.0000000,2019-10-16 00:00:00.0000000,,0,0,1
40,427077,0.999744556,390348.1326,0,999744556,0,390348,1326,173,2019-09-30 00:00:00.0000000,2018-10-04 00:00:00.0000000,152,2020-09-30 00:00:00.0000000,2019-10-02 00:00:00.0000000,,0,0,1
40,642677,0.303912611,297.6747095,0,303912611,1,297,6747095,2,2019-05-30 00:00:00.0000000,2019-05-29 00:00:00.0000000,4,2020-08-28 00:00:00.0000000,2020-04-22 00:00:00.0000000,,0,0,1
40,653487,0.999662485,267320.4856,0,999662485,0,267320,4856,131,2019-09-30 00:00:00.0000000,2018-10-01 00:00:00.0000000,152,2020-09-29 00:00:00.0000000,2019-10-01 00:00:00.0000000,,0,0,1
40,739505,0.960510459,304.1784087,0,960510459,0,304,1784087,2,2019-07-12 00:00:00.0000000,2018-11-20 00:00:00.0000000,1,2019-11-15 00:00:00.0000000,2019-11-15 00:00:00.0000000,,0,0,1
40,681883,0.998379402,17919.53301,0,998379402,0,17919,53301,37,2019-09-27 00:00:00.0000000,2018-10-04 00:00:00.0000000,38,2020-09-30 00:00:00.0000000,2019-10-02 00:00:00.0000000,,0,0,1
40,624445,0.97265297,2007.130067,0,97265297,0,2007,130067,5,2019-07-15 00:00:00.0000000,2018-10-10 00:00:00.0000000,4,2020-04-27 00:00:00.0000000,2019-10-07 00:00:00.0000000,,0,0,1
40,423206,0.988918257,2614.763867,0,988918257,0,2614,763867,6,2019-09-19 00:00:00.0000000,2019-04-17 00:00:00.0000000,6,2020-08-31 00:00:00.0000000,2019-10-08 00:00:00.0000000,,0,0,1
40,669567,0.989343983,43886.14885,0,989343983,0,43886,14885,54,2019-09-13 00:00:00.0000000,2018-10-09 00:00:00.0000000,76,2020-09-25 00:00:00.0000000,2019-10-23 00:00:00.0000000,,0,0,1
40,430360,0.632033533,0,0,632033533,0,0,1,2018-11-19 00:00:00.0000000,2018-11-19 00:00:00.0000000,NULL,NULL,NULL,NULL,1,,1,1
40,433109,0.999578691,67219.06793,0,999578691,0,67219,6793,105,2019-09-30 00:00:00.0000000,2018-10-02 00:00:00.0000000,77,2020-09-29 00:00:00.0000000,2019-10-03 00:00:00.0000000,,0,0,1
40,694546,0.668575007,0,0,668575007,0,0,1,2019-02-07 00:00:00.0000000,2019-02-07 00:00:00.0000000,NULL,NULL,NULL,NULL,1,,1,1
40,745343,0.898223619,0,0,898223619,0,0,1,2019-09-19 00:00:00.0000000,2019-09-19 00:00:00.0000000,2,2020-09-02 00:00:00.0000000,2020-01-02 00:00:00.0000000,NULL,0,,0,1
40,648099,0.996932593,30861.92291,0,996932593,0,30861,92291,19,2019-09-25 00:00:00.0000000,2018-10-18 00:00:00.0000000,27,2020-09-23 00:00:00.0000000,2019-10-15 00:00:00.0000000,,0,0,1
40,692289,0.979890401,2960.96587,0,979890401,0,2960,96587,6,2019-08-13 00:00:00.0000000,2018-12-11 00:00:00.0000000,6,2020-04-14 00:00:00.0000000,2019-10-30 00:00:00.0000000,,0,0,1
40,429377,0.997363697,11242.95472,0,997363697,0,11242,95472,23,2019-09-25 00:00:00.0000000,2018-10-01 00:00:00.0000000,21,2020-07-16 00:00:00.0000000,2019-10-02 00:00:00.0000000,,0,0,1
40,435175,0.980186964,10113.2379,0,980186964,0,10113,2379,28,2019-08-29 00:00:00.0000000,2018-10-08 00:00:00.0000000,38,2020-09-30 00:00:00.0000000,2019-10-01 00:00:00.0000000,,0,0,1
40,701818,0.999768664,1093085.745,0,999768664,0,1093085,745,190,2019-09-30 00:00:00.0000000,2018-10-02 00:00:00.0000000,177,2020-09-30 00:00:00.0000000,2019-10-01 00:00:00.0000000,,0,0,1
40,589376,0.998966578,88692.8441,0,998966578,0,88692,8441,86,2019-09-27 00:00:00.0000000,2018-10-02 00:00:00.0000000,50,2020-09-30 00:00:00.0000000,2019-10-01 00:00:00.0000000,,0,0,1
40,427961,0.667035837,0,0,667035837,0,0,1,2019-02-04 00:00:00.0000000,2019-02-04 00:00:00.0000000,NULL,NULL,NULL,NULL,1,,1,1
40,709379,0.995583579,40874.40534,0,995583579,0,40874,40534,59,2019-09-19 00:00:00.0000000,2018-10-03 00:00:00.0000000,85,2020-09-29 00:00:00.0000000,2019-10-02 00:00:00.0000000,,0,0,1
40,724405,0.998000108,362447.8032,0,998000108,0,362447,8032,31,2019-09-26 00:00:00.0000000,2018-10-01 00:00:00.0000000,26,2020-09-29 00:00:00.0000000,2019-10-17 00:00:00.0000000,,0,0,1
40,599357,0.988610335,2490.061492,0,988610335,0,2490,61492,8,2019-09-02 00:00:00.0000000,2018-11-22 00:00:00.0000000,3,2020-08-03 00:00:00.0000000,2020-02-12 00:00:00.0000000,,0,0,1
40,734687,0.511169256,6211.796789,0,511169256,0,6211,796789,2,2019-02-22 00:00:00.0000000,2019-02-04 00:00:00.0000000,1,2020-02-10 00:00:00.0000000,2020-02-10 00:00:00.0000000,,0,0,1
40,615993,0.621432692,0,0,621432692,0,0,1,2018-10-23 00:00:00.0000000,2018-10-23 00:00:00.0000000,2,2020-04-23 00:00:00.0000000,2020-04-16 00:00:00.0000000,NULL,0,,0,1
40,725651,0.677055102,0,0,677055102,0,0,1,2019-02-23 00:00:00.0000000,2019-02-23 00:00:00.0000000,NULL,NULL,NULL,NULL,1,,1,1
40,705849,0.99736191,14077.14397,0,99736191,0,14077,14397,17,2019-09-30 00:00:00.0000000,2018-10-22 00:00:00.0000000,19,2020-09-16 00:00:00.0000000,2019-10-22 00:00:00.0000000,,0,0,1
40,733218,0.998209313,10464.59425,0,998209313,0,10464,59425,46,2019-09-25 00:00:00.0000000,2018-10-01 00:00:00.0000000,30,2020-09-23 00:00:00.0000000,2019-10-23 00:00:00.0000000,,0,0,1
40,432505,0.911550542,1744.091316,0,911550542,0,1744,91316,7,2019-06-17 00:00:00.0000000,2018-11-28 00:00:00.0000000,17,2020-09-21 00:00:00.0000000,2019-10-07 00:00:00.0000000,,0,0,1
40,734555,0.998764961,108542.3095,0,998764961,0,108542,3095,36,2019-09-30 00:00:00.0000000,2018-10-26 00:00:00.0000000,34,2020-09-30 00:00:00.0000000,2019-10-02 00:00:00.0000000,,0,0,1
40,425545,0.986043954,1428.28858,0,986043954,0,1428,28858,5,2019-09-02 00:00:00.0000000,2018-11-12 00:00:00.0000000,8,2020-09-25 00:00:00.0000000,2019-10-30 00:00:00.0000000,,0,0,1
40,677873,0.567798307,9062.615415,0,567798307,0,9062,615415,8,2019-04-10 00:00:00.0000000,2018-10-08 00:00:00.0000000,NULL,NULL,NULL,,1,1,1
40,605093,0.149844909,299.4582838,0,149844909,1,299,4582838,4,2018-12-19 00:00:00.0000000,2018-10-25 00:00:00.0000000,2,2020-02-04 00:00:00.0000000,2020-01-16 00:00:00.0000000,,0,0,1
40,717564,0.971718344,4132.019914,0,971718344,0,4132,19914,8,2019-07-22 00:00:00.0000000,2018-10-09 00:00:00.0000000,16,2020-09-09 00:00:00.0000000,2019-10-22 00:00:00.0000000,,0,0,1
40,572483,0.999837624,2772568.459,0,999837624,0,2772568,459,272,2019-09-30 00:00:00.0000000,2018-10-01 00:00:00.0000000,257,2020-09-30 00:00:00.0000000,2019-10-01 00:00:00.0000000,,0,0,1
40,427832,0.998590643,58434.48802,0,998590643,0,58434,48802,60,2019-09-26 00:00:00.0000000,2018-10-01 00:00:00.0000000,51,2020-09-30 00:00:00.0000000,2019-10-11 00:00:00.0000000,,0,0,1
40,550165,0.999296585,40945.58602,0,999296585,0,40945,58602,63,2019-09-30 00:00:00.0000000,2018-10-01 00:00:00.0000000,47,2020-09-28 00:00:00.0000000,2019-10-07 00:00:00.0000000,,0,0,1
40,646542,0.998872463,4852047.133,0,998872463,0,4852047,133,70,2019-09-27 00:00:00.0000000,2018-10-09 00:00:00.0000000,104,2020-09-29 00:00:00.0000000,2019-10-01 00:00:00.0000000,,0,0,1
40,427911,0.998988498,74754.25743,0,998988498,0,74754,25743,93,2019-09-27 00:00:00.0000000,2018-10-02 00:00:00.0000000,78,2020-09-24 00:00:00.0000000,2019-10-14 00:00:00.0000000,,0,0,1
40,741643,0.999801008,1526151.66,0,999801008,0,1526151,66,222,2019-09-30 00:00:00.0000000,2018-10-02 00:00:00.0000000,196,2020-09-30 00:00:00.0000000,2019-10-01 00:00:00.0000000,,0,0,1
40,654156,0.997331518,16974.51483,0,997331518,0,16974,51483,25,2019-09-24 00:00:00.0000000,2018-10-03 00:00:00.0000000,23,2020-09-03 00:00:00.0000000,2019-10-09 00:00:00.0000000,,0,0,1
40,733969,0.633668265,0,0,633668265,0,0,1,2018-11-23 00:00:00.0000000,2018-11-23 00:00:00.0000000,NULL,NULL,NULL,NULL,1,,1,1
40,649439,0.880437991,723.4396576,0,880437991,0,723,4396576,3,2019-05-13 00:00:00.0000000,2019-01-30 00:00:00.0000000,14,2020-08-19 00:00:00.0000000,2020-03-17 00:00:00.0000000,,0,0,1
40,434885,0.834531683,2445.452084,0,834531683,0,2445,452084,3,2019-07-19 00:00:00.0000000,2019-06-11 00:00:00.0000000,NULL,NULL,NULL,,1,1,1
40,582380,0.997934484,37876.73203,0,997934484,0,37876,73203,50,2019-09-24 00:00:00.0000000,2018-10-17 00:00:00.0000000,49,2020-09-30 00:00:00.0000000,2019-10-14 00:00:00.0000000,,0,0,1
40,697523,0.998284864,8790.446765,0,998284864,0,8790,446765,26,2019-09-30 00:00:00.0000000,2018-10-05 00:00:00.0000000,18,2020-09-30 00:00:00.0000000,2019-11-07 00:00:00.0000000,,0,0,1
40,723673,0.963782756,3567.515329,0,963782756,0,3567,515329,3,2019-08-19 00:00:00.0000000,2019-05-07 00:00:00.0000000,1,2020-03-11 00:00:00.0000000,2020-03-11 00:00:00.0000000,,0,0,1
40,428905,0.997763144,72964.69275,0,997763144,0,72964,69275,20,2019-09-30 00:00:00.0000000,2018-11-20 00:00:00.0000000,9,2020-06-30 00:00:00.0000000,2019-11-13 00:00:00.0000000,,0,0,1
40,634445,0.982843723,1562.749155,0,982843723,0,1562,749155,3,2019-09-24 00:00:00.0000000,2019-01-15 00:00:00.0000000,5,2020-02-18 00:00:00.0000000,2019-10-01 00:00:00.0000000,,0,0,1
40,651342,0.995290792,21167.28716,0,995290792,0,21167,28716,21,2019-09-16 00:00:00.0000000,2018-10-03 00:00:00.0000000,29,2020-09-30 00:00:00.0000000,2019-11-04 00:00:00.0000000,,0,0,1
40,576634,0.810753483,834.4087922,0,810753483,0,834,4087922,8,2019-05-13 00:00:00.0000000,2018-10-10 00:00:00.0000000,NULL,NULL,NULL,,1,1,1
40,423044,0.99026897,14870.14226,0,99026897,0,14870,14226,23,2019-09-06 00:00:00.0000000,2018-10-25 00:00:00.0000000,21,2020-09-10 00:00:00.0000000,2019-10-23 00:00:00.0000000,,0,0,1
40,662248,0.999035063,43909.29286,0,999035063,0,43909,29286,46,2019-09-30 00:00:00.0000000,2018-10-05 00:00:00.0000000,29,2020-09-29 00:00:00.0000000,2019-10-01 00:00:00.0000000,,0,0,1
40,721150,0.991981167,5457.939759,0,991981167,0,5457,939759,36,2019-09-11 00:00:00.0000000,2018-10-02 00:00:00.0000000,39,2020-09-22 00:00:00.0000000,2019-10-07 00:00:00.0000000,,0,0,1
40,698933,0.997822202,64291.66666,0,997822202,0,64291,66666,95,2019-09-24 00:00:00.0000000,2018-10-01 00:00:00.0000000,51,2020-09-30 00:00:00.0000000,2019-10-07 00:00:00.0000000,,0,0,1
40,610584,0.822428673,1448.649329,0,822428673,0,1448,649329,4,2019-05-21 00:00:00.0000000,2019-02-11 00:00:00.0000000,2,2020-06-16 00:00:00.0000000,2019-12-19 00:00:00.0000000,,0,0,1
40,435287,0.947962426,3449.595608,0,947962426,0,3449,595608,6,2019-06-19 00:00:00.0000000,2018-10-24 00:00:00.0000000,13,2020-09-09 00:00:00.0000000,2019-11-26 00:00:00.0000000,,0,0,1
40,430177,0.997354332,11992.64494,0,997354332,0,11992,64494,29,2019-09-23 00:00:00.0000000,2018-10-01 00:00:00.0000000,23,2020-09-11 00:00:00.0000000,2019-10-31 00:00:00.0000000,,0,0,1
40,721228,0.915862582,1789.669072,0,915862582,0,1789,669072,2,2019-04-25 00:00:00.0000000,2018-12-24 00:00:00.0000000,1,2019-12-09 00:00:00.0000000,2019-12-09 00:00:00.0000000,,0,0,1
40,691841,0.960403881,14151.19939,0,960403881,0,14151,19939,9,2019-07-29 00:00:00.0000000,2018-12-20 00:00:00.0000000,2,2020-04-29 00:00:00.0000000,2019-11-15 00:00:00.0000000,,0,0,1
40,430959,0.185000403,284.9435169,0,185000403,1,284,9435169,2,2019-01-31 00:00:00.0000000,2019-01-28 00:00:00.0000000,NULL,NULL,NULL,,1,1,1
40,428148,0.997899834,12718.18958,0,997899834,0,12718,18958,34,2019-09-25 00:00:00.0000000,2018-10-15 00:00:00.0000000,52,2020-09-30 00:00:00.0000000,2019-10-02 00:00:00.0000000,,0,0,1
40,710829,0.957263454,6239.496737,0,957263454,0,6239,496737,2,2019-07-08 00:00:00.0000000,2018-12-19 00:00:00.0000000,5,2020-06-08 00:00:00.0000000,2019-12-10 00:00:00.0000000,,0,0,1
40,637488,0.998731747,20209.04069,0,998731747,0,20209,4069,55,2019-09-27 00:00:00.0000000,2018-10-09 00:00:00.0000000,59,2020-09-30 00:00:00.0000000,2019-10-16 00:00:00.0000000,,0,0,1
40,436275,0.102698225,9.2030942,0,102698225,1,9,2030942,3,2019-04-30 00:00:00.0000000,2019-04-22 00:00:00.0000000,NULL,NULL,NULL,,1,1,1
40,647581,0.997739069,12911.71794,0,997739069,0,12911,71794,34,2019-09-24 00:00:00.0000000,2018-10-01 00:00:00.0000000,15,2020-09-24 00:00:00.0000000,2019-10-04 00:00:00.0000000,,0,0,1
40,607532,0.997643685,13137.1476,0,997643685,0,13137,1476,19,2019-09-30 00:00:00.0000000,2018-10-10 00:00:00.0000000,34,2020-09-30 00:00:00.0000000,2019-10-08 00:00:00.0000000,,0,0,1
40,524396,0.995557674,4307.778121,0,995557674,0,4307,778121,12,2019-09-25 00:00:00.0000000,2018-10-22 00:00:00.0000000,5,2020-07-24 00:00:00.0000000,2019-10-21 00:00:00.0000000,,0,0,1
40,583035,0.999318321,42909.86337,0,999318321,0,42909,86337,65,2019-09-30 00:00:00.0000000,2018-10-05 00:00:00.0000000,46,2020-09-30 00:00:00.0000000,2019-10-02 00:00:00.0000000,,0,0,1
40,747054,0.896269377,964.2865018,0,896269377,0,964,2865018,2,2019-07-12 00:00:00.0000000,2019-05-29 00:00:00.0000000,NULL,NULL,NULL,,1,1,1
40,717949,0.633668265,0,0,633668265,0,0,1,2018-11-23 00:00:00.0000000,2018-11-23 00:00:00.0000000,NULL,NULL,NULL,NULL,1,,1,1
40,670320,0.998329231,247628.2735,0,998329231,0,247628,2735,59,2019-09-25 00:00:00.0000000,2018-10-03 00:00:00.0000000,23,2020-09-04 00:00:00.0000000,2019-10-02 00:00:00.0000000,,0,0,1
40,431797,0.995763118,6495.855667,0,995763118,0,6495,855667,21,2019-09-18 00:00:00.0000000,2018-10-08 00:00:00.0000000,6,2020-03-19 00:00:00.0000000,2019-11-07 00:00:00.0000000,,0,0,1
40,564647,0.252500463,239.2501351,0,252500463,1,239,2501351,4,2018-12-14 00:00:00.0000000,2018-10-03 00:00:00.0000000,1,2019-11-12 00:00:00.0000000,2019-11-12 00:00:00.0000000,,0,0,1
40,524271,0.986606666,30736.34252,0,986606666,0,30736,34252,27,2019-09-02 00:00:00.0000000,2018-10-04 00:00:00.0000000,28,2020-09-08 00:00:00.0000000,2019-10-03 00:00:00.0000000,,0,0,1
40,622428,0.998238683,19066.84132,0,998238683,0,19066,84132,33,2019-09-27 00:00:00.0000000,2018-10-05 00:00:00.0000000,33,2020-09-02 00:00:00.0000000,2019-10-02 00:00:00.0000000,,0,0,1
40,651356,0.999807098,1982281.197,0,999807098,0,1982281,197,229,2019-09-30 00:00:00.0000000,2018-10-02 00:00:00.0000000,190,2020-09-30 00:00:00.0000000,2019-10-01 00:00:00.0000000,,0,0,1
40,675228,0.939126229,0,0,939126229,0,0,1,2019-09-30 00:00:00.0000000,2019-09-30 00:00:00.0000000,NULL,NULL,NULL,NULL,1,,1,1
40,431796,0.999746026,1.45E+07,0,999746026,0,14500000,174,2019-09-30 00:00:00.0000000,2018-10-01 00:00:00.0000000,162,2020-09-30 00:00:00.0000000,2019-10-02 00:00:00.0000000,NULL,0,,0,1
40,426075,0.99409428,11856.50055,0,99409428,0,11856,50055,12,2019-09-17 00:00:00.0000000,2018-11-02 00:00:00.0000000,5,2020-09-15 00:00:00.0000000,2019-12-18 00:00:00.0000000,,0,0,1
40,432230,0.997594323,15837.5426,0,997594323,0,15837,5426,38,2019-09-23 00:00:00.0000000,2018-10-04 00:00:00.0000000,44,2020-09-29 00:00:00.0000000,2019-10-01 00:00:00.0000000,,0,0,1
40,433857,0.996158452,16769.31071,0,996158452,0,16769,31071,15,2019-09-24 00:00:00.0000000,2018-10-18 00:00:00.0000000,12,2020-08-06 00:00:00.0000000,2019-10-02 00:00:00.0000000,,0,0,1
40,745658,0.668575007,0,0,668575007,0,0,1,2019-02-07 00:00:00.0000000,2019-02-07 00:00:00.0000000,NULL,NULL,NULL,X,1,,1,1
40,735681,0.691322385,0,0,691322385,0,0,1,2019-03-20 00:00:00.0000000,2019-03-20 00:00:00.0000000,NULL,NULL,NULL,NULL,1,,1,1
40,697884,0.999674919,1955724.022,0,999674919,0,1955724,22,137,2019-09-30 00:00:00.0000000,2018-10-01 00:00:00.0000000,131,2020-09-30 00:00:00.0000000,2019-10-01 00:00:00.0000000,,0,0,1
40,740654,0.970500754,736.2373846,0,970500754,0,736,2373846,2,2019-09-09 00:00:00.0000000,2019-02-14 00:00:00.0000000,NULL,NULL,NULL,,1,1,1
40,740362,0.999548512,488547.2107,0,999548512,0,488547,2107,98,2019-09-30 00:00:00.0000000,2018-10-02 00:00:00.0000000,72,2020-09-30 00:00:00.0000000,2019-10-02 00:00:00.0000000,,0,0,1
40,697632,0.006146092,78.82464287,0,6146092,1,78,82464287,29,2019-05-31 00:00:00.0000000,2018-10-05 00:00:00.0000000,NULL,NULL,NULL,,1,1,1
40,430304,0.900918962,2036.411915,0,900918962,0,2036,411915,2,2019-03-06 00:00:00.0000000,2018-10-25 00:00:00.0000000,NULL,NULL,NULL,,1,1,1
40,697312,0.626837845,0,0,626837845,0,0,1,2018-11-06 00:00:00.0000000,2018-11-06 00:00:00.0000000,NULL,NULL,NULL,X,1,,1,1
40,466101,0.93607866,5291.01899,0,93607866,0,5291,1899,7,2019-07-05 00:00:00.0000000,2018-12-20 00:00:00.0000000,7,2020-09-16 00:00:00.0000000,2019-10-10 00:00:00.0000000,,0,0,1
40,730335,0.622193276,0,0,622193276,0,0,1,2018-10-25 00:00:00.0000000,2018-10-25 00:00:00.0000000,1,2020-01-09 00:00:00.0000000,2020-01-09 00:00:00.0000000,NULL,0,,0,1
40,434114,0.996131075,16973.30761,0,996131075,0,16973,30761,16,2019-09-23 00:00:00.0000000,2018-10-30 00:00:00.0000000,18,2020-09-21 00:00:00.0000000,2019-10-30 00:00:00.0000000,,0,0,1
40,538570,0.993892511,1823113.92,0,993892511,0,1823113,92,66,2019-09-18 00:00:00.0000000,2018-10-10 00:00:00.0000000,62,2020-09-30 00:00:00.0000000,2019-10-10 00:00:00.0000000,,0,0,1
40,702989,0.99767316,31919.23826,0,99767316,0,31919,23826,45,2019-09-23 00:00:00.0000000,2018-10-05 00:00:00.0000000,11,2019-12-20 00:00:00.0000000,2019-10-07 00:00:00.0000000,,0,0,1
40,589120,0.990357345,162064.4575,0,990357345,0,162064,4575,6,2019-09-17 00:00:00.0000000,2018-11-14 00:00:00.0000000,6,2020-09-25 00:00:00.0000000,2019-11-26 00:00:00.0000000,,0,0,1
40,748316,0.724625806,0,0,724625806,0,0,1,2019-05-09 00:00:00.0000000,2019-05-09 00:00:00.0000000,NULL,NULL,NULL,NULL,1,,1,1
40,593548,0.971406763,3355.389356,0,971406763,0,3355,389356,5,2019-08-07 00:00:00.0000000,2019-02-04 00:00:00.0000000,1,2020-07-23 00:00:00.0000000,2020-07-23 00:00:00.0000000,,0,0,1
40,435483,0.998313773,245718.5773,0,998313773,0,245718,5773,177,2019-09-26 00:00:00.0000000,2018-10-01 00:00:00.0000000,179,2020-09-30 00:00:00.0000000,2019-10-01 00:00:00.0000000,,0,0,1
40,731655,0.214015639,869.4647662,0,214015639,1,869,4647662,2,2019-02-05 00:00:00.0000000,2019-02-01 00:00:00.0000000,4,2020-06-01 00:00:00.0000000,2020-03-05 00:00:00.0000000,,0,0,1
40,718024,0.780051571,0,0,780051571,0,0,1,2019-07-10 00:00:00.0000000,2019-07-10 00:00:00.0000000,5,2020-06-03 00:00:00.0000000,2019-10-28 00:00:00.0000000,NULL,0,,0,1
40,586690,0.993907593,98763.60087,0,993907593,0,98763,60087,10,2019-09-19 00:00:00.0000000,2018-10-11 00:00:00.0000000,10,2020-05-21 00:00:00.0000000,2019-10-10 00:00:00.0000000,,0,0,1
40,733464,0.694954133,0,0,694954133,0,0,1,2019-03-26 00:00:00.0000000,2019-03-26 00:00:00.0000000,NULL,NULL,NULL,NULL,1,,1,1
40,712891,0.983220724,349.5718013,0,983220724,0,349,5718013,3,2019-09-25 00:00:00.0000000,2018-10-15 00:00:00.0000000,2,2020-01-10 00:00:00.0000000,2019-11-18 00:00:00.0000000,,0,0,1
40,607723,0.163845756,210.9443276,0,163845756,1,210,9443276,3,2019-04-03 00:00:00.0000000,2019-03-19 00:00:00.0000000,7,2020-09-11 00:00:00.0000000,2020-01-02 00:00:00.0000000,,0,0,1
40,422370,0.999235657,41298.60569,0,999235657,0,41298,60569,58,2019-09-30 00:00:00.0000000,2018-10-18 00:00:00.0000000,34,2020-09-25 00:00:00.0000000,2019-10-01 00:00:00.0000000,,0,0,1
40,706543,0.979467542,5269.119308,0,979467542,0,5269,119308,19,2019-08-21 00:00:00.0000000,2018-10-11 00:00:00.0000000,NULL,NULL,NULL,,1,1,1
40,641222,0.060632198,601.7597977,0,60632198,1,601,7597977,14,2019-04-15 00:00:00.0000000,2018-10-10 00:00:00.0000000,NULL,NULL,NULL,,1,1,1
40,737768,0.991450898,8262.34174,0,991450898,0,8262,34174,8,2019-09-18 00:00:00.0000000,2019-02-19 00:00:00.0000000,9,2020-06-18 00:00:00.0000000,2019-10-14 00:00:00.0000000,,0,0,1
40,678652,0.99761619,110728.9014,0,99761619,0,110728,9014,53,2019-09-23 00:00:00.0000000,2018-10-17 00:00:00.0000000,88,2020-09-30 00:00:00.0000000,2019-10-04 00:00:00.0000000,,0,0,1
40,428330,0.992006861,100501.8897,0,992006861,0,100501,8897,7,2019-09-19 00:00:00.0000000,2018-10-03 00:00:00.0000000,17,2020-07-31 00:00:00.0000000,2019-10-10 00:00:00.0000000,,0,0,1
40,742014,0.969893907,2364.853831,0,969893907,0,2364,853831,7,2019-07-19 00:00:00.0000000,2018-10-24 00:00:00.0000000,6,2019-11-29 00:00:00.0000000,2019-11-07 00:00:00.0000000,,0,0,1
40,690510,0.687374154,1996.386826,0,687374154,0,1996,386826,2,2019-02-26 00:00:00.0000000,2019-01-22 00:00:00.0000000,4,2020-06-05 00:00:00.0000000,2020-03-10 00:00:00.0000000,,0,0,1
40,660832,0.920770058,13707.66516,0,920770058,0,13707,66516,35,2019-08-21 00:00:00.0000000,2018-10-23 00:00:00.0000000,NULL,NULL,NULL,,1,1,1
40,709273,0.982509356,1820.917228,0,982509356,0,1820,917228,5,2019-08-21 00:00:00.0000000,2018-12-03 00:00:00.0000000,4,2020-07-01 00:00:00.0000000,2020-02-18 00:00:00.0000000,,0,0,1
40,559534,0.654775715,0,0,654775715,0,0,1,2019-01-10 00:00:00.0000000,2019-01-10 00:00:00.0000000,NULL,NULL,NULL,NULL,1,,1,1
40,661047,0.9977611,29517.46233,0,9977611,0,29517,46233,30,2019-09-25 00:00:00.0000000,2018-10-10 00:00:00.0000000,27,2020-07-27 00:00:00.0000000,2019-10-02 00:00:00.0000000,,0,0,1
40,436385,0.999762436,2757273.09,0,999762436,0,2757273,9,185,2019-09-30 00:00:00.0000000,2018-10-01 00:00:00.0000000,213,2020-09-30 00:00:00.0000000,2019-10-01 00:00:00.0000000,,0,0,1
40,720416,0.756964292,0,0,756964292,0,0,1,2019-06-17 00:00:00.0000000,2019-06-17 00:00:00.0000000,NULL,NULL,NULL,NULL,1,,1,1
40,448257,0.512305036,120515.2223,0,512305036,0,120515,2223,7,2019-03-22 00:00:00.0000000,2018-10-10 00:00:00.0000000,NULL,NULL,NULL,,1,1,1
40,433258,0.995124948,39970.28821,0,995124948,0,39970,28821,27,2019-09-16 00:00:00.0000000,2018-10-22 00:00:00.0000000,28,2020-09-24 00:00:00.0000000,2019-10-11 00:00:00.0000000,,0,0,1
40,699480,0.654305076,0,0,654305076,0,0,1,2019-01-09 00:00:00.0000000,2019-01-09 00:00:00.0000000,1,2020-04-03 00:00:00.0000000,2020-04-03 00:00:00.0000000,NULL,0,,0,1
40,659478,0.973595409,2419.393454,0,973595409,0,2419,393454,2,2019-09-27 00:00:00.0000000,2019-05-14 00:00:00.0000000,NULL,NULL,NULL,,1,1,1
40,749021,0.72094536,0,0,72094536,0,0,1,2019-05-04 00:00:00.0000000,2019-05-04 00:00:00.0000000,NULL,NULL,NULL,NULL,1,,1,1
40,652638,0.999806251,1451328.111,0,999806251,0,1451328,111,228,2019-09-30 00:00:00.0000000,2018-10-02 00:00:00.0000000,193,2020-09-30 00:00:00.0000000,2019-10-01 00:00:00.0000000,,0,0,1
40,588254,0.993599298,5835.17014,0,993599298,0,5835,17014,8,2019-09-25 00:00:00.0000000,2018-11-08 00:00:00.0000000,3,2020-07-30 00:00:00.0000000,2019-10-16 00:00:00.0000000,,0,0,1
40,580046,0.997652218,69001.94686,0,997652218,0,69001,94686,65,2019-09-23 00:00:00.0000000,2018-10-03 00:00:00.0000000,40,2020-09-28 00:00:00.0000000,2019-10-02 00:00:00.0000000,,0,0,1
40,669317,0.848323452,4524.513332,0,848323452,0,4524,513332,8,2019-06-21 00:00:00.0000000,2019-01-03 00:00:00.0000000,NULL,NULL,NULL,,1,1,1
40,621851,0.999813617,1703327.354,0,999813617,0,1703327,354,237,2019-09-30 00:00:00.0000000,2018-10-02 00:00:00.0000000,199,2020-09-30 00:00:00.0000000,2019-10-01 00:00:00.0000000,,0,0,1
40,428863,0.998417963,29490.26595,0,998417963,0,29490,26595,39,2019-09-27 00:00:00.0000000,2018-10-18 00:00:00.0000000,21,2020-09-25 00:00:00.0000000,2019-10-07 00:00:00.0000000,,0,0,1
40,740342,0.929860976,7941.160951,0,929860976,0,7941,160951,7,2019-07-10 00:00:00.0000000,2019-01-15 00:00:00.0000000,3,2020-06-11 00:00:00.0000000,2019-12-19 00:00:00.0000000,,0,0,1
40,641182,0.9970067,11249.9929,0,9970067,0,11249,9929,23,2019-09-23 00:00:00.0000000,2018-10-04 00:00:00.0000000,20,2020-09-22 00:00:00.0000000,2019-10-01 00:00:00.0000000,,0,0,1
40,421862,0.999795473,344343.2329,0,999795473,0,344343,2329,216,2019-09-30 00:00:00.0000000,2018-10-01 00:00:00.0000000,172,2020-09-29 00:00:00.0000000,2019-10-01 00:00:00.0000000,,0,0,1
40,647762,0.614027865,0,0,614027865,0,0,1,2018-10-03 00:00:00.0000000,2018-10-03 00:00:00.0000000,NULL,NULL,NULL,NULL,1,,1,1
40,422544,0.997514675,20398.23838,0,997514675,0,20398,23838,35,2019-09-23 00:00:00.0000000,2018-10-08 00:00:00.0000000,25,2020-09-21 00:00:00.0000000,2019-10-14 00:00:00.0000000,,0,0,1
40,677994,0.232428798,1025.132919,0,232428798,1,1025,132919,9,2019-03-19 00:00:00.0000000,2018-10-04 00:00:00.0000000,4,2020-09-29 00:00:00.0000000,2019-10-31 00:00:00.0000000,,0,0,1
40,733105,0.939285302,2130.202997,0,939285302,0,2130,202997,2,2019-07-05 00:00:00.0000000,2019-03-22 00:00:00.0000000,NULL,NULL,NULL,,1,1,1
40,599591,0.621432692,0,0,621432692,0,0,1,2018-10-23 00:00:00.0000000,2018-10-23 00:00:00.0000000,5,2020-09-28 00:00:00.0000000,2020-01-02 00:00:00.0000000,NULL,0,,0,1
40,599407,0.718064524,0,0,718064524,0,0,1,2019-04-30 00:00:00.0000000,2019-04-30 00:00:00.0000000,NULL,NULL,NULL,NULL,1,,1,1
40,434623,0.682603531,0,0,682603531,0,0,2,2019-05-30 00:00:00.0000000,2019-03-05 00:00:00.0000000,NULL,NULL,NULL,NULL,1,,1,1
40,749220,0.920613469,153158.7341,0,920613469,0,153158,7341,2,2019-07-15 00:00:00.0000000,2019-05-15 00:00:00.0000000,NULL,NULL,NULL,,1,1,1
40,427287,0.995577005,5677.868982,0,995577005,0,5677,868982,18,2019-09-19 00:00:00.0000000,2018-10-31 00:00:00.0000000,10,2020-09-22 00:00:00.0000000,2019-10-23 00:00:00.0000000,,0,0,1
40,704319,0.99567149,2383.354452,0,99567149,0,2383,354452,13,2019-09-24 00:00:00.0000000,2018-10-30 00:00:00.0000000,31,2020-09-30 00:00:00.0000000,2019-10-21 00:00:00.0000000,,0,0,1
40,523014,0.309907936,1685.405297,0,309907936,1,1685,405297,7,2019-03-22 00:00:00.0000000,2018-11-14 00:00:00.0000000,NULL,NULL,NULL,,1,1,1
40,715112,0.995240072,5089.780287,0,995240072,0,5089,780287,15,2019-09-20 00:00:00.0000000,2018-11-22 00:00:00.0000000,20,2020-09-16 00:00:00.0000000,2019-10-28 00:00:00.0000000,,0,0,1
40,688079,0.645626226,0,0,645626226,0,0,1,2018-12-21 00:00:00.0000000,2018-12-21 00:00:00.0000000,4,2020-09-14 00:00:00.0000000,2020-03-17 00:00:00.0000000,NULL,0,,0,1
40,433167,0.783782644,7697.923842,0,783782644,0,7697,923842,10,2019-06-06 00:00:00.0000000,2018-11-08 00:00:00.0000000,5,2020-07-15 00:00:00.0000000,2019-12-17 00:00:00.0000000,,0,0,1
40,680948,0.953488089,874.5099401,0,953488089,0,874,5099401,6,2019-07-10 00:00:00.0000000,2018-12-19 00:00:00.0000000,4,2020-09-25 00:00:00.0000000,2019-10-01 00:00:00.0000000,,0,0,1
40,427726,0.962074344,722.9649837,0,962074344,0,722,9649837,3,2019-06-17 00:00:00.0000000,2018-10-08 00:00:00.0000000,NULL,NULL,NULL,,1,1,1
40,424224,0.995373812,2703.935529,0,995373812,0,2703,935529,11,2019-09-26 00:00:00.0000000,2018-10-11 00:00:00.0000000,5,2020-02-05 00:00:00.0000000,2019-11-07 00:00:00.0000000,,0,0,1
40,588315,0.998990926,51070.8151,0,998990926,0,51070,8151,44,2019-09-30 00:00:00.0000000,2018-10-04 00:00:00.0000000,33,2020-09-18 00:00:00.0000000,2019-10-17 00:00:00.0000000,,0,0,1
40,713528,0.828383999,17691.61037,0,828383999,0,17691,61037,75,2019-09-02 00:00:00.0000000,2018-10-01 00:00:00.0000000,NULL,NULL,NULL,,1,1,1
40,428341,0.998992237,77959.10266,0,998992237,0,77959,10266,104,2019-09-27 00:00:00.0000000,2018-10-10 00:00:00.0000000,82,2020-09-30 00:00:00.0000000,2019-10-07 00:00:00.0000000,,0,0,1
40,559524,0.660050118,0,0,660050118,0,0,1,2019-01-21 00:00:00.0000000,2019-01-21 00:00:00.0000000,2,2020-06-26 00:00:00.0000000,2020-06-23 00:00:00.0000000,NULL,0,,0,1
40,423484,0.994499844,1979.585606,0,994499844,0,1979,585606,10,2019-09-23 00:00:00.0000000,2018-10-22 00:00:00.0000000,7,2020-09-28 00:00:00.0000000,2019-10-17 00:00:00.0000000,,0,0,1
40,683679,0.999296585,318849.8011,0,999296585,0,318849,8011,63,2019-09-30 00:00:00.0000000,2018-10-03 00:00:00.0000000,55,2020-09-30 00:00:00.0000000,2019-10-02 00:00:00.0000000,,0,0,1
40,492769,0.999711104,70248.09718,0,999711104,0,70248,9718,153,2019-09-30 00:00:00.0000000,2018-10-01 00:00:00.0000000,162,2020-09-30 00:00:00.0000000,2019-10-02 00:00:00.0000000,,0,0,1
40,470458,0.390743759,1522.444423,0,390743759,1,1522,444423,10,2019-05-29 00:00:00.0000000,2019-01-08 00:00:00.0000000,26,2020-09-24 00:00:00.0000000,2019-10-29 00:00:00.0000000,,0,0,1
40,521330,0.999792589,83051.14111,0,999792589,0,83051,14111,213,2019-09-30 00:00:00.0000000,2018-10-01 00:00:00.0000000,4,2019-10-08 00:00:00.0000000,2019-10-01 00:00:00.0000000,,0,0,1
40,677696,0.633257947,0,0,633257947,0,0,1,2018-11-22 00:00:00.0000000,2018-11-22 00:00:00.0000000,NULL,NULL,NULL,NULL,1,,1,1
40,581432,0.809399264,84.37751146,0,809399264,0,84,37751146,3,2019-02-13 00:00:00.0000000,2018-10-17 00:00:00.0000000,2,2020-01-08 00:00:00.0000000,2019-11-15 00:00:00.0000000,,0,0,1
40,690444,0.993438985,14710.67996,0,993438985,0,14710,67996,7,2019-09-30 00:00:00.0000000,2018-12-20 00:00:00.0000000,6,2020-09-15 00:00:00.0000000,2019-10-31 00:00:00.0000000,,0,0,1
40,427482,0.772621981,0,0,772621981,0,0,1,2019-07-03 00:00:00.0000000,2019-07-03 00:00:00.0000000,NULL,NULL,NULL,NULL,1,,1,1
40,424811,0.978150297,1253.49235,0,978150297,0,1253,49235,3,2019-09-05 00:00:00.0000000,2019-02-26 00:00:00.0000000,NULL,NULL,NULL,,1,1,1
40,623794,0.893523153,9133.90265,0,893523153,0,9133,90265,11,2019-06-27 00:00:00.0000000,2018-10-23 00:00:00.0000000,6,2020-04-16 00:00:00.0000000,2020-01-16 00:00:00.0000000,,0,0,1
40,583808,0.795598928,2294.729835,0,795598928,0,2294,729835,4,2019-03-06 00:00:00.0000000,2018-10-11 00:00:00.0000000,NULL,NULL,NULL,,1,1,1
40,633378,0.998013556,189778.9438,0,998013556,0,189778,9438,131,2019-09-25 00:00:00.0000000,2018-10-01 00:00:00.0000000,75,2020-09-30 00:00:00.0000000,2019-10-02 00:00:00.0000000,,0,0,1
40,662588,0.64211365,0,0,64211365,0,0,1,2018-12-13 00:00:00.0000000,2018-12-13 00:00:00.0000000,NULL,NULL,NULL,NULL,1,,1,1
40,502885,0.940371301,3800.386909,0,940371301,0,3800,386909,10,2019-07-05 00:00:00.0000000,2018-10-10 00:00:00.0000000,10,2020-09-02 00:00:00.0000000,2019-10-01 00:00:00.0000000,,0,0,1
40,722482,0.998023513,320381.2636,0,998023513,0,320381,2636,53,2019-09-24 00:00:00.0000000,2018-10-02 00:00:00.0000000,49,2020-09-22 00:00:00.0000000,2019-10-02 00:00:00.0000000,,0,0,1
40,469993,0.940355598,34.57820807,0,940355598,0,34,57820807,2,2019-04-24 00:00:00.0000000,2018-10-03 00:00:00.0000000,NULL,NULL,NULL,,1,1,1
40,639443,0.290115983,18.03685751,0,290115983,1,18,3685751,2,2018-12-03 00:00:00.0000000,2018-11-22 00:00:00.0000000,5,2020-02-25 00:00:00.0000000,2019-11-21 00:00:00.0000000,,0,0,1
40,730260,0.670651523,0,0,670651523,0,0,1,2019-02-11 00:00:00.0000000,2019-02-11 00:00:00.0000000,3,2020-09-03 00:00:00.0000000,2020-01-15 00:00:00.0000000,NULL,0,,0,1
40,423185,0.98911218,3143.462795,0,98911218,0,3143,462795,15,2019-08-30 00:00:00.0000000,2018-10-08 00:00:00.0000000,8,2020-09-01 00:00:00.0000000,2019-11-27 00:00:00.0000000,,0,0,1
40,746512,0.679250433,0,0,679250433,0,0,1,2019-02-27 00:00:00.0000000,2019-02-27 00:00:00.0000000,NULL,NULL,NULL,NULL,1,,1,1
40,432358,0.994657823,1186.160629,0,994657823,0,1186,160629,10,2019-09-24 00:00:00.0000000,2018-10-19 00:00:00.0000000,19,2020-09-29 00:00:00.0000000,2019-10-10 00:00:00.0000000,,0,0,1
40,733056,0.894619411,651.0529886,0,894619411,0,651,529886,4,2019-04-09 00:00:00.0000000,2018-10-04 00:00:00.0000000,NULL,NULL,NULL,,1,1,1
40,752099,0.861673364,0,0,861673364,0,0,1,2019-09-04 00:00:00.0000000,2019-09-04 00:00:00.0000000,2,2020-02-07 00:00:00.0000000,2020-01-09 00:00:00.0000000,X,0,,0,1
40,741921,0.907741099,1627.474518,0,907741099,0,1627,474518,2,2019-03-01 00:00:00.0000000,2018-10-04 00:00:00.0000000,2,2020-09-25 00:00:00.0000000,2020-01-13 00:00:00.0000000,,0,0,1
40,674590,0.434520304,554.3181654,0,434520304,1,554,3181654,2,2018-11-16 00:00:00.0000000,2018-10-25 00:00:00.0000000,2,2020-03-24 00:00:00.0000000,2020-01-10 00:00:00.0000000,,0,0,1
40,435350,0.397167422,59.58602066,0,397167422,1,59,58602066,2,2018-11-05 00:00:00.0000000,2018-10-16 00:00:00.0000000,NULL,NULL,NULL,,1,1,1
40,425569,0.867345262,1543.162784,0,867345262,0,1543,162784,3,2019-09-03 00:00:00.0000000,2019-08-21 00:00:00.0000000,NULL,NULL,NULL,,1,1,1
40,744858,0.951186953,42738.44893,0,951186953,0,42738,44893,2,2019-09-26 00:00:00.0000000,2019-09-25 00:00:00.0000000,12,2019-12-31 00:00:00.0000000,2019-10-01 00:00:00.0000000,,0,0,1
40,432535,0.997766191,27460.88953,0,997766191,0,27460,88953,30,2019-09-25 00:00:00.0000000,2018-10-08 00:00:00.0000000,25,2020-09-21 00:00:00.0000000,2019-10-24 00:00:00.0000000,,0,0,1
40,718787,0.956188174,37789.2395,0,956188174,0,37789,2395,4,2019-06-13 00:00:00.0000000,2018-10-24 00:00:00.0000000,NULL,NULL,NULL,,1,1,1
40,714373,0.700569263,0,0,700569263,0,0,1,2019-04-04 00:00:00.0000000,2019-04-04 00:00:00.0000000,NULL,NULL,NULL,NULL,1,,1,1
40,426277,0.999801008,969070.8063,0,999801008,0,969070,8063,222,2019-09-30 00:00:00.0000000,2018-10-01 00:00:00.0000000,213,2020-09-30 00:00:00.0000000,2019-10-01 00:00:00.0000000,,0,0,1
40,714551,0.029979631,198.1054966,0,29979631,1,198,1054966,3,2018-12-21 00:00:00.0000000,2018-12-12 00:00:00.0000000,NULL,NULL,NULL,,1,1,1
40,718027,0.997624899,69646.64229,0,997624899,0,69646,64229,42,2019-09-23 00:00:00.0000000,2018-10-09 00:00:00.0000000,43,2020-09-21 00:00:00.0000000,2019-10-10 00:00:00.0000000,,0,0,1
40,704456,0.942751919,1234.349908,0,942751919,0,1234,349908,2,2019-05-02 00:00:00.0000000,2018-10-08 00:00:00.0000000,NULL,NULL,NULL,,1,1,1
40,427507,0.778965986,0,0,778965986,0,0,1,2019-07-09 00:00:00.0000000,2019-07-09 00:00:00.0000000,NULL,NULL,NULL,NULL,1,,1,1
40,427459,0.145413855,245.7679687,0,145413855,1,245,7679687,2,2019-01-11 00:00:00.0000000,2019-01-09 00:00:00.0000000,6,2020-05-18 00:00:00.0000000,2019-10-29 00:00:00.0000000,,0,0,1
40,717022,0.98484927,1018.414836,0,98484927,0,1018,414836,4,2019-09-09 00:00:00.0000000,2018-11-30 00:00:00.0000000,NULL,NULL,NULL,,1,1,1
40,431283,0.745379919,0,0,745379919,0,0,1,2019-06-04 00:00:00.0000000,2019-06-04 00:00:00.0000000,NULL,NULL,NULL,NULL,1,,1,1
40,654627,0.998159624,17360.65729,0,998159624,0,17360,65729,31,2019-09-27 00:00:00.0000000,2018-10-01 00:00:00.0000000,27,2020-09-28 00:00:00.0000000,2019-10-01 00:00:00.0000000,,0,0,1
40,692721,0.997071028,11352.80278,0,997071028,0,11352,80278,22,2019-09-24 00:00:00.0000000,2018-10-16 00:00:00.0000000,20,2020-09-15 00:00:00.0000000,2019-10-08 00:00:00.0000000,,0,0,1
40,682876,0.985441083,3461.365582,0,985441083,0,3461,365582,4,2019-09-09 00:00:00.0000000,2018-10-03 00:00:00.0000000,6,2020-07-09 00:00:00.0000000,2019-10-28 00:00:00.0000000,,0,0,1
40,433316,0.687774986,0,0,687774986,0,0,1,2019-03-14 00:00:00.0000000,2019-03-14 00:00:00.0000000,NULL,NULL,NULL,NULL,1,,1,1
40,522700,0.999130178,82889.96173,0,999130178,0,82889,96173,51,2019-09-30 00:00:00.0000000,2018-10-03 00:00:00.0000000,112,2020-09-28 00:00:00.0000000,2019-10-01 00:00:00.0000000,,0,0,1
40,745106,0.879556828,0,0,879556828,0,0,1,2019-09-12 00:00:00.0000000,2019-09-12 00:00:00.0000000,NULL,NULL,NULL,NULL,1,,1,1
40,572884,0.838246334,1823.782634,0,838246334,0,1823,782634,5,2019-04-24 00:00:00.0000000,2018-11-12 00:00:00.0000000,5,2020-09-23 00:00:00.0000000,2020-02-14 00:00:00.0000000,,0,0,1
40,749568,0.384656581,1547.883107,0,384656581,1,1547,883107,2,2019-05-31 00:00:00.0000000,2019-05-28 00:00:00.0000000,NULL,NULL,NULL,,1,1,1
40,578930,0.97954095,12959.51918,0,97954095,0,12959,51918,9,2019-08-06 00:00:00.0000000,2018-10-10 00:00:00.0000000,10,2020-09-18 00:00:00.0000000,2019-11-14 00:00:00.0000000,,0,0,1
40,433833,0.962470894,659.3366958,0,962470894,0,659,3366958,2,2019-07-10 00:00:00.0000000,2018-10-05 00:00:00.0000000,1,2019-10-24 00:00:00.0000000,2019-10-24 00:00:00.0000000,,0,0,1
40,435148,0.999757207,272645.4578,0,999757207,0,272645,4578,183,2019-09-30 00:00:00.0000000,2018-10-01 00:00:00.0000000,180,2020-09-30 00:00:00.0000000,2019-10-02 00:00:00.0000000,,0,0,1
40,535045,0.997525754,27155.31937,0,997525754,0,27155,31937,30,2019-09-24 00:00:00.0000000,2018-10-22 00:00:00.0000000,20,2020-07-23 00:00:00.0000000,2019-10-21 00:00:00.0000000,,0,0,1
40,424387,0.508826554,639.4496499,0,508826554,0,639,4496499,8,2019-04-11 00:00:00.0000000,2018-10-22 00:00:00.0000000,2,2019-11-14 00:00:00.0000000,2019-10-23 00:00:00.0000000,,0,0,1
40,558805,0.654775715,0,0,654775715,0,0,1,2019-01-10 00:00:00.0000000,2019-01-10 00:00:00.0000000,3,2020-06-01 00:00:00.0000000,2019-11-15 00:00:00.0000000,NULL,0,,0,1
40,431347,0.999615414,238247.2938,0,999615414,0,238247,2938,115,2019-09-30 00:00:00.0000000,2018-10-02 00:00:00.0000000,104,2020-09-30 00:00:00.0000000,2019-10-03 00:00:00.0000000,,0,0,1
40,749762,0.992018094,8578.952963,0,992018094,0,8578,952963,15,2019-09-25 00:00:00.0000000,2019-07-22 00:00:00.0000000,54,2020-09-28 00:00:00.0000000,2019-10-01 00:00:00.0000000,,0,0,1
40,430122,0.999296585,45152.7909,0,999296585,0,45152,7909,63,2019-09-30 00:00:00.0000000,2018-10-01 00:00:00.0000000,62,2020-09-17 00:00:00.0000000,2019-10-01 00:00:00.0000000,,0,0,1
40,559451,0.897993955,2330.003452,0,897993955,0,2330,3452,9,2019-06-19 00:00:00.0000000,2018-11-02 00:00:00.0000000,19,2020-08-25 00:00:00.0000000,2019-10-18 00:00:00.0000000,,0,0,1
40,577901,0.996367514,4350.542477,0,996367514,0,4350,542477,16,2019-09-24 00:00:00.0000000,2018-10-08 00:00:00.0000000,27,2020-09-30 00:00:00.0000000,2019-10-21 00:00:00.0000000,,0,0,1
40,572274,0.860721487,4917.242805,0,860721487,0,4917,242805,2,2019-03-08 00:00:00.0000000,2018-12-11 00:00:00.0000000,4,2020-09-17 00:00:00.0000000,2020-02-05 00:00:00.0000000,,0,0,1
40,571791,0.141795898,17.42988182,0,141795898,1,17,42988182,3,2019-02-12 00:00:00.0000000,2019-01-24 00:00:00.0000000,2,2020-03-24 00:00:00.0000000,2019-12-02 00:00:00.0000000,,0,0,1
40,633267,0.958806155,4633.716097,0,958806155,0,4633,716097,14,2019-07-29 00:00:00.0000000,2018-10-09 00:00:00.0000000,7,2020-08-24 00:00:00.0000000,2019-11-15 00:00:00.0000000,,0,0,1
40,617027,0.672756503,0,0,672756503,0,0,1,2019-02-15 00:00:00.0000000,2019-02-15 00:00:00.0000000,NULL,NULL,NULL,NULL,1,,1,1
40,724819,0.98784803,997.2833457,0,98784803,0,997,2833457,5,2019-09-09 00:00:00.0000000,2018-10-01 00:00:00.0000000,NULL,NULL,NULL,,1,1,1
40,468547,0.998700893,100717.3804,0,998700893,0,100717,3804,90,2019-09-26 00:00:00.0000000,2018-10-01 00:00:00.0000000,85,2020-09-29 00:00:00.0000000,2019-10-02 00:00:00.0000000,,0,0,1
40,606554,0.99605056,8683.6976,0,99605056,0,8683,6976,21,2019-09-19 00:00:00.0000000,2018-10-01 00:00:00.0000000,3,2020-02-10 00:00:00.0000000,2019-11-14 00:00:00.0000000,,0,0,1
40,621854,0.959627179,879.2429795,0,959627179,0,879,2429795,2,2019-07-09 00:00:00.0000000,2018-11-22 00:00:00.0000000,1,2019-10-31 00:00:00.0000000,2019-10-31 00:00:00.0000000,,0,0,1
40,425648,0.904663653,20447.45079,0,904663653,0,20447,45079,9,2019-07-03 00:00:00.0000000,2018-12-12 00:00:00.0000000,12,2020-09-16 00:00:00.0000000,2019-10-15 00:00:00.0000000,,0,0,1
40,705854,0.754208326,0,0,754208326,0,0,1,2019-06-14 00:00:00.0000000,2019-06-14 00:00:00.0000000,NULL,NULL,NULL,NULL,1,,1,1
40,424972,0.997692233,59526.03665,0,997692233,0,59526,3665,51,2019-09-24 00:00:00.0000000,2018-11-27 00:00:00.0000000,107,2020-09-30 00:00:00.0000000,2019-10-02 00:00:00.0000000,,0,0,1
40,583241,0.995981678,660.547843,0,995981678,0,660,547843,13,2019-09-26 00:00:00.0000000,2018-10-30 00:00:00.0000000,14,2020-09-21 00:00:00.0000000,2019-10-30 00:00:00.0000000,,0,0,1
40,434595,0.998687036,48892.5203,0,998687036,0,48892,5203,85,2019-09-26 00:00:00.0000000,2018-10-04 00:00:00.0000000,78,2020-09-30 00:00:00.0000000,2019-10-01 00:00:00.0000000,,0,0,1
40,432353,0.983007412,131794.8024,0,983007412,0,131794,8024,38,2019-09-05 00:00:00.0000000,2018-10-10 00:00:00.0000000,31,2020-09-22 00:00:00.0000000,2019-10-23 00:00:00.0000000,,0,0,1
40,744340,0.979319166,601.5818413,0,979319166,0,601,5818413,4,2019-09-12 00:00:00.0000000,2019-06-06 00:00:00.0000000,22,2020-09-22 00:00:00.0000000,2019-10-17 00:00:00.0000000,,0,0,1
40,563073,0.999802787,1650553.001,0,999802787,0,1650553,1,224,2019-09-30 00:00:00.0000000,2018-10-02 00:00:00.0000000,197,2020-09-30 00:00:00.0000000,2019-10-01 00:00:00.0000000,,0,0,1
40,746780,0.014067847,338.6903296,0,14067847,1,338,6903296,5,2019-05-23 00:00:00.0000000,2019-05-08 00:00:00.0000000,7,2020-05-20 00:00:00.0000000,2019-10-02 00:00:00.0000000,,0,0,1
40,425218,0.997860169,12576.53741,0,997860169,0,12576,53741,26,2019-09-27 00:00:00.0000000,2018-10-24 00:00:00.0000000,24,2020-09-18 00:00:00.0000000,2019-10-07 00:00:00.0000000,,0,0,1
40,426271,0.996128981,4454.168525,0,996128981,0,4454,168525,13,2019-09-27 00:00:00.0000000,2018-10-29 00:00:00.0000000,20,2020-09-16 00:00:00.0000000,2019-10-01 00:00:00.0000000,,0,0,1
40,432591,0.996286319,1673.076879,0,996286319,0,1673,76879,17,2019-09-23 00:00:00.0000000,2018-10-30 00:00:00.0000000,11,2020-09-29 00:00:00.0000000,2019-10-30 00:00:00.0000000,,0,0,1
40,625155,0.998579758,50647.72731,0,998579758,0,50647,72731,48,2019-09-27 00:00:00.0000000,2018-11-07 00:00:00.0000000,45,2020-09-22 00:00:00.0000000,2019-10-15 00:00:00.0000000,,0,0,1
40,686898,0.924215793,7283.527909,0,924215793,0,7283,527909,6,2019-06-12 00:00:00.0000000,2018-11-22 00:00:00.0000000,1,2019-10-09 00:00:00.0000000,2019-10-09 00:00:00.0000000,,0,0,1
40,435307,0.996206267,4013.14427,0,996206267,0,4013,14427,16,2019-09-23 00:00:00.0000000,2018-10-08 00:00:00.0000000,14,2020-09-03 00:00:00.0000000,2019-10-28 00:00:00.0000000,,0,0,1
40,475317,0.474230382,39721.41359,0,474230382,1,39721,41359,45,2019-08-08 00:00:00.0000000,2018-10-08 00:00:00.0000000,37,2020-09-30 00:00:00.0000000,2019-10-02 00:00:00.0000000,,0,0,1
40,642641,0.997299019,14033.66763,0,997299019,0,14033,66763,28,2019-09-23 00:00:00.0000000,2018-10-04 00:00:00.0000000,60,2020-09-23 00:00:00.0000000,2019-10-01 00:00:00.0000000,,0,0,1
40,428479,0.970454677,672.356027,0,970454677,0,672,356027,4,2019-07-12 00:00:00.0000000,2018-10-24 00:00:00.0000000,2,2020-09-14 00:00:00.0000000,2019-10-03 00:00:00.0000000,,0,0,1
40,436168,0.641247908,0,0,641247908,0,0,1,2018-12-11 00:00:00.0000000,2018-12-11 00:00:00.0000000,NULL,NULL,NULL,NULL,1,,1,1
40,669600,0.993438985,9638.14254,0,993438985,0,9638,14254,7,2019-09-30 00:00:00.0000000,2018-10-09 00:00:00.0000000,1,2019-10-14 00:00:00.0000000,2019-10-14 00:00:00.0000000,,0,0,1
40,698102,0.657150764,0,0,657150764,0,0,1,2019-01-15 00:00:00.0000000,2019-01-15 00:00:00.0000000,NULL,NULL,NULL,NULL,1,,1,1
40,678095,0.986344386,8722.35801,0,986344386,0,8722,35801,32,2019-09-04 00:00:00.0000000,2018-10-01 00:00:00.0000000,28,2020-09-30 00:00:00.0000000,2019-10-28 00:00:00.0000000,,0,0,1
40,639533,0.998034393,20685.67413,0,998034393,0,20685,67413,41,2019-09-25 00:00:00.0000000,2018-10-29 00:00:00.0000000,53,2020-09-29 00:00:00.0000000,2019-10-01 00:00:00.0000000,,0,0,1
40,432399,0.994902894,8848.145873,0,994902894,0,8848,145873,15,2019-09-17 00:00:00.0000000,2018-10-10 00:00:00.0000000,15,2020-07-30 00:00:00.0000000,2019-10-22 00:00:00.0000000,,0,0,1
40,729111,0.794412716,12708.12126,0,794412716,0,12708,12126,9,2019-07-16 00:00:00.0000000,2019-03-14 00:00:00.0000000,3,2020-03-18 00:00:00.0000000,2019-10-30 00:00:00.0000000,,0,0,1
40,745157,0.225008266,913.1226933,0,225008266,1,913,1226933,3,2019-01-30 00:00:00.0000000,2019-01-02 00:00:00.0000000,2,2020-02-12 00:00:00.0000000,2019-11-15 00:00:00.0000000,,0,0,1
40,688679,0.668575007,0,0,668575007,0,0,1,2019-02-07 00:00:00.0000000,2019-02-07 00:00:00.0000000,12,2020-09-25 00:00:00.0000000,2019-10-16 00:00:00.0000000,NULL,0,,0,1
40,740381,0.999432336,54472.46656,0,999432336,0,54472,46656,78,2019-09-30 00:00:00.0000000,2018-11-07 00:00:00.0000000,47,2020-09-21 00:00:00.0000000,2019-10-01 00:00:00.0000000,,0,0,1
40,431173,0.798391664,1858.176761,0,798391664,0,1858,176761,7,2019-04-26 00:00:00.0000000,2018-10-03 00:00:00.0000000,6,2020-08-26 00:00:00.0000000,2019-10-09 00:00:00.0000000,,0,0,1
40,599657,0.996879031,17223.89571,0,996879031,0,17223,89571,20,2019-09-24 00:00:00.0000000,2018-10-17 00:00:00.0000000,30,2020-09-02 00:00:00.0000000,2019-10-01 00:00:00.0000000,,0,0,1
40,708177,0.974066251,2073.842135,0,974066251,0,2073,842135,2,2019-09-27 00:00:00.0000000,2018-11-06 00:00:00.0000000,3,2020-06-12 00:00:00.0000000,2019-12-03 00:00:00.0000000,,0,0,1
40,434493,0.950923547,2868.746553,0,950923547,0,2868,746553,7,2019-06-28 00:00:00.0000000,2018-10-22 00:00:00.0000000,1,2020-06-10 00:00:00.0000000,2020-06-10 00:00:00.0000000,,0,0,1
40,712749,0.996948018,8718.376387,0,996948018,0,8718,376387,17,2019-09-27 00:00:00.0000000,2018-10-30 00:00:00.0000000,2,2020-07-16 00:00:00.0000000,2020-04-20 00:00:00.0000000,,0,0,1
40,429184,0.986457308,4395.224204,0,986457308,0,4395,224204,6,2019-08-30 00:00:00.0000000,2018-11-22 00:00:00.0000000,13,2020-09-30 00:00:00.0000000,2019-11-26 00:00:00.0000000,,0,0,1
40,669681,0.999013488,14045.33596,0,999013488,0,14045,33596,45,2019-09-30 00:00:00.0000000,2018-10-11 00:00:00.0000000,29,2020-09-15 00:00:00.0000000,2019-10-02 00:00:00.0000000,,0,0,1
40,524721,0.998936376,242223.7761,0,998936376,0,242223,7761,85,2019-09-27 00:00:00.0000000,2018-10-15 00:00:00.0000000,119,2020-09-25 00:00:00.0000000,2019-10-02 00:00:00.0000000,,0,0,1
40,429848,0.998439063,46292.56996,0,998439063,0,46292,56996,51,2019-09-26 00:00:00.0000000,2018-10-24 00:00:00.0000000,60,2020-09-30 00:00:00.0000000,2019-10-21 00:00:00.0000000,,0,0,1
40,430057,0.997243739,127638.3605,0,997243739,0,127638,3605,91,2019-09-23 00:00:00.0000000,2018-10-03 00:00:00.0000000,136,2020-09-30 00:00:00.0000000,2019-10-02 00:00:00.0000000,,0,0,1
40,699346,0.993299228,7497.561393,0,993299228,0,7497,561393,9,2019-09-20 00:00:00.0000000,2018-12-03 00:00:00.0000000,7,2020-06-30 00:00:00.0000000,2019-10-29 00:00:00.0000000,,0,0,1
40,571861,0.992011193,4011.337669,0,992011193,0,4011,337669,7,2019-09-19 00:00:00.0000000,2018-10-02 00:00:00.0000000,2,2019-11-04 00:00:00.0000000,2019-10-25 00:00:00.0000000,,0,0,1
40,726483,0.888326121,1480.628943,0,888326121,0,1480,628943,2,2019-03-13 00:00:00.0000000,2018-11-23 00:00:00.0000000,NULL,NULL,NULL,,1,1,1
40,600786,0.875988758,5930.083593,0,875988758,0,5930,83593,15,2019-07-11 00:00:00.0000000,2018-10-23 00:00:00.0000000,22,2020-09-29 00:00:00.0000000,2019-10-03 00:00:00.0000000,,0,0,1
40,428268,0.969589513,9564.361016,0,969589513,0,9564,361016,6,2019-07-10 00:00:00.0000000,2018-10-02 00:00:00.0000000,2,2020-07-15 00:00:00.0000000,2020-01-31 00:00:00.0000000,,0,0,1
40,627336,0.945538853,15221.44037,0,945538853,0,15221,44037,15,2019-07-24 00:00:00.0000000,2018-10-01 00:00:00.0000000,8,2020-07-21 00:00:00.0000000,2019-10-24 00:00:00.0000000,,0,0,1
40,427007,0.996886392,125700.1431,0,996886392,0,125700,1431,140,2019-09-24 00:00:00.0000000,2018-10-03 00:00:00.0000000,39,2020-09-22 00:00:00.0000000,2019-10-01 00:00:00.0000000,,0,0,1
40,677450,0.703780667,0,0,703780667,0,0,1,2019-04-09 00:00:00.0000000,2019-04-09 00:00:00.0000000,NULL,NULL,NULL,NULL,1,,1,1
40,594788,0.996787293,68449.94579,0,996787293,0,68449,94579,34,2019-09-23 00:00:00.0000000,2019-01-15 00:00:00.0000000,37,2020-09-29 00:00:00.0000000,2019-10-01 00:00:00.0000000,,0,0,1
40,668644,0.996520429,36904.51102,0,996520429,0,36904,51102,26,2019-09-20 00:00:00.0000000,2018-10-06 00:00:00.0000000,56,2020-09-29 00:00:00.0000000,2019-10-14 00:00:00.0000000,,0,0,1
40,747544,0.692523393,0,0,692523393,0,0,1,2019-03-22 00:00:00.0000000,2019-03-22 00:00:00.0000000,6,2020-07-21 00:00:00.0000000,2019-10-30 00:00:00.0000000,NULL,0,,0,1
40,710426,0.895197298,38947.28932,0,895197298,0,38947,28932,39,2019-08-21 00:00:00.0000000,2018-10-18 00:00:00.0000000,44,2020-09-30 00:00:00.0000000,2019-10-01 00:00:00.0000000,,0,0,1
40,694604,0.630416033,0,0,630416033,0,0,1,2018-11-15 00:00:00.0000000,2018-11-15 00:00:00.0000000,6,2020-08-24 00:00:00.0000000,2019-10-10 00:00:00.0000000,NULL,0,,0,1
40,430500,0.971586243,3813.984145,0,971586243,0,3813,984145,2,2019-09-09 00:00:00.0000000,2018-11-26 00:00:00.0000000,NULL,NULL,NULL,,1,1,1
40,425553,0.983931054,158177.1299,0,983931054,0,158177,1299,54,2019-09-10 00:00:00.0000000,2018-10-03 00:00:00.0000000,26,2020-09-30 00:00:00.0000000,2019-10-03 00:00:00.0000000,,0,0,1
40,435978,0.99976115,291094.9141,0,99976115,0,291094,9141,185,2019-09-30 00:00:00.0000000,2018-10-01 00:00:00.0000000,181,2020-09-30 00:00:00.0000000,2019-10-02 00:00:00.0000000,,0,0,1
40,675595,0.627625813,0,0,627625813,0,0,1,2018-11-08 00:00:00.0000000,2018-11-08 00:00:00.0000000,NULL,NULL,NULL,NULL,1,,1,1
40,623053,0.99678527,32899.71618,0,99678527,0,32899,71618,14,2019-09-30 00:00:00.0000000,2018-10-04 00:00:00.0000000,22,2020-09-23 00:00:00.0000000,2019-10-10 00:00:00.0000000,,0,0,1
40,434603,0.998429459,39952.70794,0,998429459,0,39952,70794,39,2019-09-27 00:00:00.0000000,2018-10-10 00:00:00.0000000,84,2020-09-30 00:00:00.0000000,2019-10-07 00:00:00.0000000,,0,0,1
40,672370,0.928610724,2311.742643,0,928610724,0,2311,742643,6,2019-06-07 00:00:00.0000000,2018-10-31 00:00:00.0000000,6,2020-09-24 00:00:00.0000000,2020-01-17 00:00:00.0000000,,0,0,1
40,699353,0.972640538,1296.303367,0,972640538,0,1296,303367,2,2019-09-18 00:00:00.0000000,2019-01-02 00:00:00.0000000,NULL,NULL,NULL,,1,1,1
40,660594,0.985505942,14141.78635,0,985505942,0,14141,78635,4,2019-09-23 00:00:00.0000000,2019-06-03 00:00:00.0000000,2,2020-09-10 00:00:00.0000000,2019-11-06 00:00:00.0000000,,0,0,1
40,725708,0.963911842,187.3640819,0,963911842,0,187,3640819,2,2019-08-05 00:00:00.0000000,2019-01-04 00:00:00.0000000,NULL,NULL,NULL,,1,1,1
40,676020,0.932164277,272.2936862,0,932164277,0,272,2936862,5,2019-05-25 00:00:00.0000000,2018-10-17 00:00:00.0000000,2,2020-06-15 00:00:00.0000000,2019-12-17 00:00:00.0000000,,0,0,1
40,671072,0.985617231,24246.91628,0,985617231,0,24246,91628,4,2019-09-26 00:00:00.0000000,2019-07-24 00:00:00.0000000,NULL,NULL,NULL,,1,1,1
40,684845,0.790220413,0,0,790220413,0,0,1,2019-07-19 00:00:00.0000000,2019-07-19 00:00:00.0000000,1,2020-02-07 00:00:00.0000000,2020-02-07 00:00:00.0000000,NULL,0,,0,1
40,424257,0.995727019,18402.31501,0,995727019,0,18402,31501,19,2019-09-19 00:00:00.0000000,2018-10-24 00:00:00.0000000,11,2020-09-21 00:00:00.0000000,2019-10-17 00:00:00.0000000,,0,0,1
40,730833,0.899242099,5056.053498,0,899242099,0,5056,53498,2,2019-07-30 00:00:00.0000000,2019-06-26 00:00:00.0000000,1,2019-11-26 00:00:00.0000000,2019-11-26 00:00:00.0000000,,0,0,1
40,734505,0.998563976,31180.07928,0,998563976,0,31180,7928,31,2019-09-30 00:00:00.0000000,2018-10-08 00:00:00.0000000,9,2020-08-21 00:00:00.0000000,2020-02-14 00:00:00.0000000,,0,0,1
40,710909,0.979680183,6708.723739,0,979680183,0,6708,723739,10,2019-08-07 00:00:00.0000000,2018-10-03 00:00:00.0000000,12,2020-09-21 00:00:00.0000000,2019-10-30 00:00:00.0000000,,0,0,1
40,593112,0.991719147,277231.8255,0,991719147,0,277231,8255,96,2019-09-19 00:00:00.0000000,2018-10-03 00:00:00.0000000,66,2020-09-30 00:00:00.0000000,2019-10-03 00:00:00.0000000,,0,0,1
40,747043,0.995413259,18367.46687,0,995413259,0,18367,46687,15,2019-09-24 00:00:00.0000000,2019-03-13 00:00:00.0000000,1,2020-02-27 00:00:00.0000000,2020-02-27 00:00:00.0000000,,0,0,1
40,588260,0.997534477,21984.00756,0,997534477,0,21984,756,38,2019-09-23 00:00:00.0000000,2018-10-16 00:00:00.0000000,32,2020-09-21 00:00:00.0000000,2019-10-04 00:00:00.0000000,,0,0,1
40,653059,0.664002996,0,0,664002996,0,0,1,2019-01-29 00:00:00.0000000,2019-01-29 00:00:00.0000000,NULL,NULL,NULL,NULL,1,,1,1
40,435133,0.989115356,10948.31783,0,989115356,0,10948,31783,16,2019-08-30 00:00:00.0000000,2018-10-02 00:00:00.0000000,16,2020-06-15 00:00:00.0000000,2019-11-25 00:00:00.0000000,,0,0,1
40,702175,0.76789434,15460.413,0,76789434,0,15460,413,2,2019-02-21 00:00:00.0000000,2018-12-31 00:00:00.0000000,NULL,NULL,NULL,,1,1,1
40,428375,0.998563976,452466.4742,0,998563976,0,452466,4742,31,2019-09-30 00:00:00.0000000,2018-10-10 00:00:00.0000000,22,2020-09-22 00:00:00.0000000,2019-10-07 00:00:00.0000000,,0,0,1
40,426521,0.996741037,9990.487494,0,996741037,0,9990,487494,19,2019-09-24 00:00:00.0000000,2018-10-26 00:00:00.0000000,18,2020-08-24 00:00:00.0000000,2019-11-06 00:00:00.0000000,,0,0,1
40,730186,0.99066172,6136.160615,0,99066172,0,6136,160615,5,2019-09-30 00:00:00.0000000,2018-10-26 00:00:00.0000000,7,2020-09-18 00:00:00.0000000,2019-10-28 00:00:00.0000000,,0,0,1
40,651341,0.629214003,0,0,629214003,0,0,1,2018-11-12 00:00:00.0000000,2018-11-12 00:00:00.0000000,NULL,NULL,NULL,NULL,1,,1,1
40,745223,0.331061227,92.55794031,0,331061227,1,92,55794031,2,2019-02-08 00:00:00.0000000,2019-01-30 00:00:00.0000000,NULL,NULL,NULL,,1,1,1
40,431754,0.997633675,14706.9478,0,997633675,0,14706,9478,31,2019-09-24 00:00:00.0000000,2018-10-02 00:00:00.0000000,35,2020-09-29 00:00:00.0000000,2019-10-01 00:00:00.0000000,,0,0,1
40,709164,0.741156892,0,0,741156892,0,0,1,2019-05-30 00:00:00.0000000,2019-05-30 00:00:00.0000000,2,2020-08-28 00:00:00.0000000,2020-03-27 00:00:00.0000000,NULL,0,,0,1
40,677812,0.940213811,1080.812959,0,940213811,0,1080,812959,4,2019-06-07 00:00:00.0000000,2018-12-03 00:00:00.0000000,4,2020-09-03 00:00:00.0000000,2020-04-20 00:00:00.0000000,,0,0,1
40,745167,0.858333132,740.569123,0,858333132,0,740,569123,2,2019-05-24 00:00:00.0000000,2019-04-03 00:00:00.0000000,NULL,NULL,NULL,,1,1,1
40,606685,0.999693014,866093.7762,0,999693014,0,866093,7762,144,2019-09-30 00:00:00.0000000,2018-10-01 00:00:00.0000000,123,2020-09-30 00:00:00.0000000,2019-10-02 00:00:00.0000000,,0,0,1
40,612285,0.999376152,169914.3798,0,999376152,0,169914,3798,71,2019-09-30 00:00:00.0000000,2018-10-01 00:00:00.0000000,95,2020-09-30 00:00:00.0000000,2019-10-02 00:00:00.0000000,,0,0,1
40,659406,0.993246158,13315.1026,0,993246158,0,13315,1026,18,2019-09-11 00:00:00.0000000,2018-10-29 00:00:00.0000000,23,2020-09-30 00:00:00.0000000,2019-10-21 00:00:00.0000000,,0,0,1
40,724219,0.870040374,11112.95578,0,870040374,0,11112,95578,2,2019-03-25 00:00:00.0000000,2018-12-29 00:00:00.0000000,1,2020-03-24 00:00:00.0000000,2020-03-24 00:00:00.0000000,,0,0,1
40,428252,0.987115855,4979.032796,0,987115855,0,4979,32796,8,2019-08-23 00:00:00.0000000,2018-10-02 00:00:00.0000000,17,2020-07-09 00:00:00.0000000,2019-10-15 00:00:00.0000000,,0,0,1
40,423826,0.999026616,372544.9804,0,999026616,0,372544,9804,124,2019-09-27 00:00:00.0000000,2018-10-01 00:00:00.0000000,59,2020-09-21 00:00:00.0000000,2019-10-09 00:00:00.0000000,,0,0,1
40,750818,0.746595162,1471.684649,0,746595162,0,1471,684649,2,2019-08-01 00:00:00.0000000,2019-07-24 00:00:00.0000000,13,2020-09-28 00:00:00.0000000,2019-10-22 00:00:00.0000000,,0,0,1
40,427282,0.997560297,68406.76489,0,997560297,0,68406,76489,24,2019-09-26 00:00:00.0000000,2018-10-23 00:00:00.0000000,15,2020-09-28 00:00:00.0000000,2019-10-29 00:00:00.0000000,,0,0,1
40,431968,0.898223619,0,0,898223619,0,0,1,2019-09-19 00:00:00.0000000,2019-09-19 00:00:00.0000000,1,2020-02-17 00:00:00.0000000,2020-02-17 00:00:00.0000000,NULL,0,,0,1
40,712794,0.99724804,58834.654,0,99724804,0,58834,654,25,2019-09-24 00:00:00.0000000,2018-10-29 00:00:00.0000000,26,2020-09-21 00:00:00.0000000,2019-10-21 00:00:00.0000000,,0,0,1
40,647553,0.999112685,70420.64559,0,999112685,0,70420,64559,50,2019-09-30 00:00:00.0000000,2018-10-24 00:00:00.0000000,63,2020-09-30 00:00:00.0000000,2019-10-02 00:00:00.0000000,,0,0,1
40,424885,0.998563976,21607.44185,0,998563976,0,21607,44185,31,2019-09-30 00:00:00.0000000,2018-10-11 00:00:00.0000000,36,2020-09-29 00:00:00.0000000,2019-10-15 00:00:00.0000000,,0,0,1
40,427636,0.989780687,7533.330883,0,989780687,0,7533,330883,9,2019-09-02 00:00:00.0000000,2018-10-19 00:00:00.0000000,7,2020-06-09 00:00:00.0000000,2019-10-04 00:00:00.0000000,,0,0,1
40,433872,0.646643391,9575.601131,0,646643391,0,9575,601131,17,2019-06-25 00:00:00.0000000,2018-10-19 00:00:00.0000000,23,2020-09-30 00:00:00.0000000,2019-10-16 00:00:00.0000000,,0,0,1
40,710429,0.977653058,136.7488189,0,977653058,0,136,7488189,6,2019-08-02 00:00:00.0000000,2018-11-06 00:00:00.0000000,5,2020-08-03 00:00:00.0000000,2019-10-10 00:00:00.0000000,,0,0,1
40,751857,0.754246118,5544.356947,0,754246118,0,5544,356947,2,2019-08-23 00:00:00.0000000,2019-08-20 00:00:00.0000000,16,2020-09-09 00:00:00.0000000,2019-10-03 00:00:00.0000000,,0,0,1
40,427542,0.989532122,5997.351399,0,989532122,0,5997,351399,27,2019-09-05 00:00:00.0000000,2018-10-01 00:00:00.0000000,35,2020-09-09 00:00:00.0000000,2019-10-02 00:00:00.0000000,,0,0,1
40,638404,0.244226316,2046.192927,0,244226316,1,2046,192927,21,2019-06-19 00:00:00.0000000,2018-10-26 00:00:00.0000000,NULL,NULL,NULL,,1,1,1
40,671121,0.980136925,7384.117397,0,980136925,0,7384,117397,26,2019-08-27 00:00:00.0000000,2018-10-02 00:00:00.0000000,7,2020-06-17 00:00:00.0000000,2020-01-24 00:00:00.0000000,,0,0,1
40,557185,0.963746885,209.9983478,0,963746885,0,209,9983478,2,2019-07-16 00:00:00.0000000,2018-10-02 00:00:00.0000000,NULL,NULL,NULL,,1,1,1
40,589253,0.006034316,154.3499451,0,6034316,1,154,3499451,4,2019-01-10 00:00:00.0000000,2018-12-28 00:00:00.0000000,NULL,NULL,NULL,,1,1,1
40,662221,0.988533863,12779.09867,0,988533863,0,12779,9867,5,2019-09-19 00:00:00.0000000,2019-02-01 00:00:00.0000000,5,2020-08-28 00:00:00.0000000,2019-10-09 00:00:00.0000000,,0,0,1
40,653824,0.793137142,1870.434439,0,793137142,0,1870,434439,8,2019-05-07 00:00:00.0000000,2018-10-03 00:00:00.0000000,4,2020-06-26 00:00:00.0000000,2019-11-26 00:00:00.0000000,,0,0,1
40,749480,0.993438985,374609.6921,0,993438985,0,374609,6921,7,2019-09-30 00:00:00.0000000,2019-08-08 00:00:00.0000000,8,2020-03-04 00:00:00.0000000,2019-10-31 00:00:00.0000000,,0,0,1
40,587167,0.988455698,4461.297591,0,988455698,0,4461,297591,7,2019-09-04 00:00:00.0000000,2018-11-28 00:00:00.0000000,16,2020-09-03 00:00:00.0000000,2019-11-12 00:00:00.0000000,,0,0,1
40,682540,0.595060042,2732.751767,0,595060042,0,2732,751767,2,2019-05-09 00:00:00.0000000,2019-04-25 00:00:00.0000000,1,2020-03-04 00:00:00.0000000,2020-03-04 00:00:00.0000000,,0,0,1
40,597463,0.974675895,574.042893,0,974675895,0,574,42893,4,2019-07-23 00:00:00.0000000,2018-10-18 00:00:00.0000000,11,2020-09-10 00:00:00.0000000,2019-10-28 00:00:00.0000000,,0,0,1
40,649727,0.997888647,128218.8209,0,997888647,0,128218,8209,29,2019-09-26 00:00:00.0000000,2018-10-11 00:00:00.0000000,18,2020-07-01 00:00:00.0000000,2019-10-08 00:00:00.0000000,,0,0,1
40,547443,0.997502079,48342.53085,0,997502079,0,48342,53085,78,2019-09-23 00:00:00.0000000,2018-10-02 00:00:00.0000000,31,2020-08-12 00:00:00.0000000,2019-10-01 00:00:00.0000000,,0,0,1
40,431512,0.985912688,6785.82822,0,985912688,0,6785,82822,6,2019-09-04 00:00:00.0000000,2019-01-29 00:00:00.0000000,5,2020-07-15 00:00:00.0000000,2019-12-16 00:00:00.0000000,,0,0,1
40,687452,0.838316802,2468.07082,0,838316802,0,2468,7082,9,2019-05-30 00:00:00.0000000,2018-10-16 00:00:00.0000000,1,2020-07-01 00:00:00.0000000,2020-07-01 00:00:00.0000000,,0,0,1
40,611729,0.99659149,3707.019146,0,99659149,0,3707,19146,19,2019-09-23 00:00:00.0000000,2018-10-17 00:00:00.0000000,18,2020-09-21 00:00:00.0000000,2019-10-30 00:00:00.0000000,,0,0,1
40,464487,0.029528612,1285.532528,0,29528612,1,1285,532528,5,2018-12-13 00:00:00.0000000,2018-10-22 00:00:00.0000000,NULL,NULL,NULL,,1,1,1
40,741983,0.616211902,0,0,616211902,0,0,1,2018-10-09 00:00:00.0000000,2018-10-09 00:00:00.0000000,NULL,NULL,NULL,NULL,1,,1,1
40,709373,0.761088654,753.2003327,0,761088654,0,753,2003327,3,2019-01-30 00:00:00.0000000,2018-10-16 00:00:00.0000000,3,2019-12-30 00:00:00.0000000,2019-11-22 00:00:00.0000000,,0,0,1
40,661416,0.994260768,4237.509384,0,994260768,0,4237,509384,13,2019-09-16 00:00:00.0000000,2018-10-17 00:00:00.0000000,3,2020-07-15 00:00:00.0000000,2019-10-14 00:00:00.0000000,,0,0,1
40,745297,0.261117243,151.767139,0,261117243,1,151,767139,2,2019-01-17 00:00:00.0000000,2019-01-10 00:00:00.0000000,4,2020-02-26 00:00:00.0000000,2019-12-02 00:00:00.0000000,,0,0,1
40,640260,0.996665986,230250.9423,0,996665986,0,230250,9423,43,2019-09-20 00:00:00.0000000,2018-10-04 00:00:00.0000000,56,2020-09-16 00:00:00.0000000,2019-10-21 00:00:00.0000000,,0,0,1
40,425211,0.705084472,0,0,705084472,0,0,1,2019-04-11 00:00:00.0000000,2019-04-11 00:00:00.0000000,NULL,NULL,NULL,NULL,1,,1,1
40,429906,0.997599069,31223.89665,0,997599069,0,31223,89665,38,2019-09-23 00:00:00.0000000,2018-10-03 00:00:00.0000000,58,2020-09-29 00:00:00.0000000,2019-10-08 00:00:00.0000000,,0,0,1
40,608072,0.713843951,0,0,713843951,0,0,1,2019-04-24 00:00:00.0000000,2019-04-24 00:00:00.0000000,NULL,NULL,NULL,NULL,1,,1,1
40,564527,0.99980877,1626364.493,0,99980877,0,1626364,493,231,2019-09-30 00:00:00.0000000,2018-10-02 00:00:00.0000000,200,2020-09-30 00:00:00.0000000,2019-10-01 00:00:00.0000000,,0,0,1
40,578960,0.996404207,7116.015752,0,996404207,0,7116,15752,14,2019-09-27 00:00:00.0000000,2018-10-08 00:00:00.0000000,6,2020-06-30 00:00:00.0000000,2019-11-07 00:00:00.0000000,,0,0,1
40,429339,0.974419385,1049.95662,0,974419385,0,1049,95662,2,2019-09-30 00:00:00.0000000,2018-10-10 00:00:00.0000000,1,2019-10-08 00:00:00.0000000,2019-10-08 00:00:00.0000000,,0,0,1
40,432027,0.998654731,1355918.703,0,998654731,0,1355918,703,106,2019-09-26 00:00:00.0000000,2018-10-09 00:00:00.0000000,127,2020-09-30 00:00:00.0000000,2019-10-01 00:00:00.0000000,,0,0,1
40,430110,0.746239239,0,0,746239239,0,0,1,2019-06-05 00:00:00.0000000,2019-06-05 00:00:00.0000000,NULL,NULL,NULL,NULL,1,,1,1
40,678794,0.998995945,49172.63798,0,998995945,0,49172,63798,96,2019-09-27 00:00:00.0000000,2018-10-02 00:00:00.0000000,55,2020-09-30 00:00:00.0000000,2019-10-01 00:00:00.0000000,,0,0,1
40,427080,0.998929698,1902258.617,0,998929698,0,1902258,617,182,2019-09-27 00:00:00.0000000,2018-10-03 00:00:00.0000000,152,2020-09-30 00:00:00.0000000,2019-10-02 00:00:00.0000000,,0,0,1
40,745267,0.996532635,19778.81272,0,996532635,0,19778,81272,13,2019-09-30 00:00:00.0000000,2019-02-20 00:00:00.0000000,18,2020-09-22 00:00:00.0000000,2019-10-03 00:00:00.0000000,,0,0,1
40,434158,0.996533973,6237.902203,0,996533973,0,6237,902203,26,2019-09-20 00:00:00.0000000,2018-10-04 00:00:00.0000000,17,2020-09-23 00:00:00.0000000,2019-10-01 00:00:00.0000000,,0,0,1
40,464359,0.996875326,321704.7831,0,996875326,0,321704,7831,137,2019-09-24 00:00:00.0000000,2018-10-08 00:00:00.0000000,132,2020-09-29 00:00:00.0000000,2019-10-01 00:00:00.0000000,,0,0,1
40,711012,0.978185408,2625.608736,0,978185408,0,2625,608736,7,2019-08-01 00:00:00.0000000,2018-10-17 00:00:00.0000000,10,2020-08-18 00:00:00.0000000,2019-11-12 00:00:00.0000000,,0,0,1
40,425799,0.671175069,0,0,671175069,0,0,1,2019-02-12 00:00:00.0000000,2019-02-12 00:00:00.0000000,NULL,NULL,NULL,NULL,1,,1,1
40,731855,0.968927388,6524.872285,0,968927388,0,6524,872285,3,2019-07-19 00:00:00.0000000,2018-11-22 00:00:00.0000000,2,2020-01-09 00:00:00.0000000,2020-01-08 00:00:00.0000000,,0,0,1
40,432542,0.727727587,1128.734974,0,727727587,0,1128,734974,8,2019-05-03 00:00:00.0000000,2018-10-18 00:00:00.0000000,3,2020-04-17 00:00:00.0000000,2019-10-09 00:00:00.0000000,,0,0,1
40,725897,0.999667571,3752610.904,0,999667571,0,3752610,904,133,2019-09-30 00:00:00.0000000,2018-10-04 00:00:00.0000000,57,2020-03-27 00:00:00.0000000,2019-10-02 00:00:00.0000000,,0,0,1
40,426047,0.974419385,1520.635749,0,974419385,0,1520,635749,2,2019-09-30 00:00:00.0000000,2019-04-16 00:00:00.0000000,2,2019-12-11 00:00:00.0000000,2019-11-13 00:00:00.0000000,,0,0,1
40,589355,0.976467397,306787.4432,0,976467397,0,306787,4432,3,2019-09-02 00:00:00.0000000,2019-03-18 00:00:00.0000000,4,2020-02-11 00:00:00.0000000,2019-12-11 00:00:00.0000000,,0,0,1
40,433889,0.930775944,815.113129,0,930775944,0,815,113129,6,2019-05-30 00:00:00.0000000,2018-10-03 00:00:00.0000000,2,2020-08-27 00:00:00.0000000,2020-01-29 00:00:00.0000000,,0,0,1
40,527037,0.912077939,1615.188362,0,912077939,0,1615,188362,6,2019-05-21 00:00:00.0000000,2018-10-09 00:00:00.0000000,2,2019-12-10 00:00:00.0000000,2019-10-09 00:00:00.0000000,,0,0,1
40,617585,0.955107016,13173.23253,0,955107016,0,13173,23253,2,2019-09-09 00:00:00.0000000,2019-07-31 00:00:00.0000000,1,2019-10-22 00:00:00.0000000,2019-10-22 00:00:00.0000000,,0,0,1
40,428080,0.997664454,53218.17741,0,997664454,0,53218,17741,53,2019-09-23 00:00:00.0000000,2018-10-10 00:00:00.0000000,45,2020-09-25 00:00:00.0000000,2019-10-03 00:00:00.0000000,,0,0,1
40,599846,0.990862525,15793.62285,0,990862525,0,15793,62285,11,2019-09-05 00:00:00.0000000,2018-10-30 00:00:00.0000000,1,2020-01-17 00:00:00.0000000,2020-01-17 00:00:00.0000000,,0,0,1
40,710916,0.544474286,7826.598319,0,544474286,0,7826,598319,2,2019-07-31 00:00:00.0000000,2019-07-30 00:00:00.0000000,NULL,NULL,NULL,,1,1,1
40,421992,0.997659271,31790.14322,0,997659271,0,31790,14322,66,2019-09-23 00:00:00.0000000,2018-10-01 00:00:00.0000000,55,2020-09-16 00:00:00.0000000,2019-10-02 00:00:00.0000000,,0,0,1
40,747917,0.705740597,0,0,705740597,0,0,1,2019-04-12 00:00:00.0000000,2019-04-12 00:00:00.0000000,1,2020-03-25 00:00:00.0000000,2020-03-25 00:00:00.0000000,NULL,0,,0,1
40,620871,0.803073047,117233.8279,0,803073047,0,117233,8279,42,2019-08-16 00:00:00.0000000,2018-10-05 00:00:00.0000000,21,2020-09-29 00:00:00.0000000,2019-10-01 00:00:00.0000000,,0,0,1
40,688726,0.995510794,14567.92718,0,995510794,0,14567,92718,16,2019-09-19 00:00:00.0000000,2018-10-03 00:00:00.0000000,9,2020-07-30 00:00:00.0000000,2019-10-17 00:00:00.0000000,,0,0,1
40,725529,0.867440872,2132.982004,0,867440872,0,2132,982004,8,2019-05-24 00:00:00.0000000,2018-10-05 00:00:00.0000000,NULL,NULL,NULL,,1,1,1
40,426466,0.967150439,183.0577973,0,967150439,0,183,577973,2,2019-09-24 00:00:00.0000000,2019-08-28 00:00:00.0000000,NULL,NULL,NULL,,1,1,1
40,584899,0.989490777,10537.4095,0,989490777,0,10537,4095,26,2019-09-05 00:00:00.0000000,2018-10-08 00:00:00.0000000,5,2020-09-30 00:00:00.0000000,2019-11-08 00:00:00.0000000,,0,0,1
40,746984,0.68373774,0,0,68373774,0,0,1,2019-03-07 00:00:00.0000000,2019-03-07 00:00:00.0000000,NULL,NULL,NULL,NULL,1,,1,1
40,737622,0.997328572,10512.42705,0,997328572,0,10512,42705,25,2019-09-24 00:00:00.0000000,2018-10-04 00:00:00.0000000,16,2020-08-05 00:00:00.0000000,2019-10-02 00:00:00.0000000,,0,0,1
40,650736,0.869162704,5164.741589,0,869162704,0,5164,741589,17,2019-07-12 00:00:00.0000000,2018-10-02 00:00:00.0000000,13,2020-09-25 00:00:00.0000000,2019-10-11 00:00:00.0000000,,0,0,1
40,672804,0.979062148,12195.45499,0,979062148,0,12195,45499,3,2019-09-25 00:00:00.0000000,2019-08-16 00:00:00.0000000,7,2020-09-03 00:00:00.0000000,2019-11-18 00:00:00.0000000,,0,0,1
40,733967,0.9977611,31604.26292,0,9977611,0,31604,26292,30,2019-09-25 00:00:00.0000000,2018-10-10 00:00:00.0000000,15,2020-09-30 00:00:00.0000000,2019-10-25 00:00:00.0000000,,0,0,1
40,595725,0.584111665,372.5221569,0,584111665,0,372,5221569,5,2019-02-20 00:00:00.0000000,2018-10-09 00:00:00.0000000,3,2020-09-24 00:00:00.0000000,2020-05-11 00:00:00.0000000,,0,0,1
40,510928,0.997354332,11772.47161,0,997354332,0,11772,47161,29,2019-09-23 00:00:00.0000000,2018-10-01 00:00:00.0000000,34,2020-09-24 00:00:00.0000000,2019-10-03 00:00:00.0000000,,0,0,1
40,599536,0.997780277,15601.34785,0,997780277,0,15601,34785,25,2019-09-27 00:00:00.0000000,2018-11-02 00:00:00.0000000,29,2020-09-25 00:00:00.0000000,2019-10-10 00:00:00.0000000,,0,0,1
40,425640,0.930240287,1122.288799,0,930240287,0,1122,288799,2,2019-04-12 00:00:00.0000000,2018-10-22 00:00:00.0000000,NULL,NULL,NULL,,1,1,1
40,424071,0.986770281,41887.71004,0,986770281,0,41887,71004,23,2019-09-02 00:00:00.0000000,2018-10-30 00:00:00.0000000,15,2020-09-29 00:00:00.0000000,2019-10-10 00:00:00.0000000,,0,0,1
40,434121,0.998839648,67880.07405,0,998839648,0,67880,7405,64,2019-09-27 00:00:00.0000000,2018-10-01 00:00:00.0000000,60,2020-09-22 00:00:00.0000000,2019-10-01 00:00:00.0000000,,0,0,1
40,730920,0.874612464,405.8212639,0,874612464,0,405,8212639,5,2019-05-09 00:00:00.0000000,2018-11-20 00:00:00.0000000,1,2020-09-10 00:00:00.0000000,2020-09-10 00:00:00.0000000,,0,0,1
40,423683,0.999841702,4736327.227,0,999841702,0,4736327,227,279,2019-09-30 00:00:00.0000000,2018-10-01 00:00:00.0000000,261,2020-09-30 00:00:00.0000000,2019-10-01 00:00:00.0000000,,0,0,1
40,745990,0.997264629,5019052.163,0,997264629,0,5019052,163,29,2019-09-25 00:00:00.0000000,2019-01-30 00:00:00.0000000,33,2020-08-03 00:00:00.0000000,2019-10-03 00:00:00.0000000,,0,0,1
40,686238,0.729935109,0,0,729935109,0,0,1,2019-05-16 00:00:00.0000000,2019-05-16 00:00:00.0000000,8,2020-08-28 00:00:00.0000000,2019-10-11 00:00:00.0000000,NULL,0,,0,1
40,710432,0.947509054,626.2837157,0,947509054,0,626,2837157,2,2019-05-16 00:00:00.0000000,2018-10-11 00:00:00.0000000,5,2020-07-17 00:00:00.0000000,2020-01-31 00:00:00.0000000,,0,0,1
40,710596,0.999764967,367827.0882,0,999764967,0,367827,882,188,2019-09-30 00:00:00.0000000,2018-10-01 00:00:00.0000000,193,2020-09-29 00:00:00.0000000,2019-10-01 00:00:00.0000000,,0,0,1
40,654628,0.985242142,1247.870205,0,985242142,0,1247,870205,4,2019-09-25 00:00:00.0000000,2019-07-16 00:00:00.0000000,6,2020-09-16 00:00:00.0000000,2019-11-26 00:00:00.0000000,,0,0,1
40,436151,0.999751742,1401277.908,0,999751742,0,1401277,908,178,2019-09-30 00:00:00.0000000,2018-10-01 00:00:00.0000000,286,2020-09-30 00:00:00.0000000,2019-10-01 00:00:00.0000000,,0,0,1
40,659724,0.59758515,11625.40085,0,59758515,0,11625,40085,2,2019-06-21 00:00:00.0000000,2019-06-13 00:00:00.0000000,NULL,NULL,NULL,,1,1,1
40,685331,0.999376152,113894.8176,0,999376152,0,113894,8176,71,2019-09-30 00:00:00.0000000,2018-10-03 00:00:00.0000000,84,2020-09-30 00:00:00.0000000,2019-10-02 00:00:00.0000000,,0,0,1
40,724789,0.992715401,1174.20383,0,992715401,0,1174,20383,10,2019-09-12 00:00:00.0000000,2018-10-01 00:00:00.0000000,NULL,NULL,NULL,,1,1,1
40,446461,0.997888281,17727.92441,0,997888281,0,17727,92441,26,2019-09-27 00:00:00.0000000,2018-10-02 00:00:00.0000000,27,2020-09-29 00:00:00.0000000,2019-10-03 00:00:00.0000000,,0,0,1
40,708247,0.849918695,0,0,849918695,0,0,1,2019-08-29 00:00:00.0000000,2019-08-29 00:00:00.0000000,2,2020-08-31 00:00:00.0000000,2019-10-28 00:00:00.0000000,NULL,0,,0,1
40,638796,0.998258099,43590.22262,0,998258099,0,43590,22262,104,2019-09-25 00:00:00.0000000,2018-10-02 00:00:00.0000000,81,2020-09-25 00:00:00.0000000,2019-10-07 00:00:00.0000000,,0,0,1
40,506674,0.999807098,1632258.122,0,999807098,0,1632258,122,229,2019-09-30 00:00:00.0000000,2018-10-01 00:00:00.0000000,201,2020-09-30 00:00:00.0000000,2019-10-01 00:00:00.0000000,,0,0,1
40,733400,0.393494085,1072.587846,0,393494085,1,1072,587846,5,2019-02-21 00:00:00.0000000,2018-11-12 00:00:00.0000000,NULL,NULL,NULL,,1,1,1
40,426421,0.994274411,10930.7339,0,994274411,0,10930,7339,17,2019-09-13 00:00:00.0000000,2018-10-01 00:00:00.0000000,14,2020-08-28 00:00:00.0000000,2019-10-07 00:00:00.0000000,,0,0,1
40,717824,0.946465022,3041.5107,0,946465022,0,3041,5107,5,2019-06-27 00:00:00.0000000,2018-12-18 00:00:00.0000000,3,2020-08-20 00:00:00.0000000,2019-10-30 00:00:00.0000000,,0,0,1
40,719325,0.884250595,1091.18077,0,884250595,0,1091,18077,6,2019-05-23 00:00:00.0000000,2018-11-14 00:00:00.0000000,4,2020-03-09 00:00:00.0000000,2019-10-10 00:00:00.0000000,,0,0,1
40,748937,0.998916593,284064.2113,0,998916593,0,284064,2113,41,2019-09-30 00:00:00.0000000,2019-05-07 00:00:00.0000000,120,2020-09-21 00:00:00.0000000,2019-10-08 00:00:00.0000000,,0,0,1
40,431019,0.997844569,414068.0172,0,997844569,0,414068,172,144,2019-09-25 00:00:00.0000000,2018-10-01 00:00:00.0000000,134,2020-09-30 00:00:00.0000000,2019-10-01 00:00:00.0000000,,0,0,1
40,672961,0.996884689,7758.505884,0,996884689,0,7758,505884,17,2019-09-27 00:00:00.0000000,2018-12-11 00:00:00.0000000,17,2020-09-10 00:00:00.0000000,2019-10-10 00:00:00.0000000,,0,0,1
40,685860,0.993335957,18211.37501,0,993335957,0,18211,37501,25,2019-09-11 00:00:00.0000000,2018-10-09 00:00:00.0000000,18,2020-09-07 00:00:00.0000000,2019-10-04 00:00:00.0000000,,0,0,1
40,653044,0.961508161,918.3428191,0,961508161,0,918,3428191,2,2019-07-23 00:00:00.0000000,2018-12-19 00:00:00.0000000,NULL,NULL,NULL,,1,1,1
40,748046,0.839270324,973.4824049,0,839270324,0,973,4824049,3,2019-06-04 00:00:00.0000000,2019-03-29 00:00:00.0000000,NULL,NULL,NULL,,1,1,1
40,433236,0.998899491,38705.77693,0,998899491,0,38705,77693,75,2019-09-27 00:00:00.0000000,2018-10-11 00:00:00.0000000,73,2020-09-28 00:00:00.0000000,2019-10-02 00:00:00.0000000,,0,0,1
40,690504,0.999163173,26127.96779,0,999163173,0,26127,96779,53,2019-09-30 00:00:00.0000000,2018-10-02 00:00:00.0000000,25,2020-09-29 00:00:00.0000000,2019-10-02 00:00:00.0000000,,0,0,1
40,751888,0.835866392,0,0,835866392,0,0,1,2019-08-21 00:00:00.0000000,2019-08-21 00:00:00.0000000,5,2020-01-24 00:00:00.0000000,2019-11-22 00:00:00.0000000,NULL,0,,0,1
40,594434,0.999832699,3584389.182,0,999832699,0,3584389,182,264,2019-09-30 00:00:00.0000000,2018-10-01 00:00:00.0000000,258,2020-09-30 00:00:00.0000000,2019-10-01 00:00:00.0000000,,0,0,1
40,580513,0.885912934,1383.653731,0,885912934,0,1383,653731,2,2019-07-01 00:00:00.0000000,2019-05-17 00:00:00.0000000,1,2019-11-26 00:00:00.0000000,2019-11-26 00:00:00.0000000,,0,0,1
40,717842,0.096925238,793.2071516,0,96925238,1,793,2071516,10,2019-03-22 00:00:00.0000000,2018-10-22 00:00:00.0000000,NULL,NULL,NULL,,1,1,1
40,673502,0.868917333,12337.74126,0,868917333,0,12337,74126,13,2019-06-27 00:00:00.0000000,2018-10-05 00:00:00.0000000,10,2020-08-04 00:00:00.0000000,2019-10-08 00:00:00.0000000,,0,0,1
40,435720,0.919005372,2748.964736,0,919005372,0,2748,964736,4,2019-05-16 00:00:00.0000000,2018-11-21 00:00:00.0000000,15,2020-08-27 00:00:00.0000000,2019-10-04 00:00:00.0000000,,0,0,1
40,696100,0.997379996,21423.93874,0,997379996,0,21423,93874,24,2019-09-25 00:00:00.0000000,2018-10-26 00:00:00.0000000,17,2020-09-24 00:00:00.0000000,2019-10-10 00:00:00.0000000,,0,0,1
40,704361,0.220735218,4.282067205,0,220735218,1,4,282067205,2,2018-12-07 00:00:00.0000000,2018-11-30 00:00:00.0000000,NULL,NULL,NULL,,1,1,1
40,724817,0.941381791,299.1320661,0,941381791,0,299,1320661,3,2019-05-09 00:00:00.0000000,2018-10-16 00:00:00.0000000,NULL,NULL,NULL,,1,1,1
40,659830,0.996326056,10971.10397,0,996326056,0,10971,10397,38,2019-09-20 00:00:00.0000000,2018-11-08 00:00:00.0000000,15,2020-09-25 00:00:00.0000000,2019-10-23 00:00:00.0000000,,0,0,1
40,659776,0.099701206,624.883553,0,99701206,1,624,883553,6,2019-03-21 00:00:00.0000000,2019-01-11 00:00:00.0000000,1,2020-03-16 00:00:00.0000000,2020-03-16 00:00:00.0000000,,0,0,1
40,422667,0.998729394,76159.65473,0,998729394,0,76159,65473,35,2019-09-30 00:00:00.0000000,2018-10-02 00:00:00.0000000,21,2020-09-03 00:00:00.0000000,2019-10-03 00:00:00.0000000,,0,0,1
40,697448,0.969652548,54240.50218,0,969652548,0,54240,50218,24,2019-08-21 00:00:00.0000000,2018-10-17 00:00:00.0000000,8,2020-09-28 00:00:00.0000000,2019-12-05 00:00:00.0000000,,0,0,1
40,427445,0.98899489,4192.022174,0,98899489,0,4192,22174,9,2019-08-30 00:00:00.0000000,2018-10-17 00:00:00.0000000,NULL,NULL,NULL,,1,1,1
40,604810,0.989237686,22107.98875,0,989237686,0,22107,98875,48,2019-09-12 00:00:00.0000000,2018-10-15 00:00:00.0000000,57,2020-09-30 00:00:00.0000000,2019-10-08 00:00:00.0000000,,0,0,1
40,686155,0.944513398,773.480619,0,944513398,0,773,480619,2,2019-05-13 00:00:00.0000000,2018-10-24 00:00:00.0000000,1,2019-12-24 00:00:00.0000000,2019-12-24 00:00:00.0000000,,0,0,1
40,660910,0.747973088,0,0,747973088,0,0,1,2019-06-07 00:00:00.0000000,2019-06-07 00:00:00.0000000,3,2020-09-25 00:00:00.0000000,2019-10-15 00:00:00.0000000,NULL,0,,0,1
40,609252,0.972048544,2731.225576,0,972048544,0,2731,225576,7,2019-07-18 00:00:00.0000000,2018-10-03 00:00:00.0000000,1,2019-11-26 00:00:00.0000000,2019-11-26 00:00:00.0000000,,0,0,1
40,424169,0.962267085,2265.662909,0,962267085,0,2265,662909,2,2019-07-16 00:00:00.0000000,2018-11-05 00:00:00.0000000,1,2020-03-13 00:00:00.0000000,2020-03-13 00:00:00.0000000,,0,0,1
40,702888,0.891792343,2054.616007,0,891792343,0,2054,616007,6,2019-05-14 00:00:00.0000000,2018-10-15 00:00:00.0000000,4,2020-01-08 00:00:00.0000000,2019-10-09 00:00:00.0000000,,0,0,1
40,623076,0.999631475,91399.45859,0,999631475,0,91399,45859,120,2019-09-30 00:00:00.0000000,2018-10-03 00:00:00.0000000,157,2020-09-30 00:00:00.0000000,2019-10-01 00:00:00.0000000,,0,0,1
40,425925,0.991943335,4014.972508,0,991943335,0,4014,972508,7,2019-09-19 00:00:00.0000000,2018-10-17 00:00:00.0000000,77,2020-09-30 00:00:00.0000000,2019-10-17 00:00:00.0000000,,0,0,1
40,724776,0.181415245,577.4303534,0,181415245,1,577,4303534,22,2019-06-11 00:00:00.0000000,2018-10-02 00:00:00.0000000,NULL,NULL,NULL,,1,1,1
40,433509,0.964314613,1832.463172,0,964314613,0,1832,463172,5,2019-07-02 00:00:00.0000000,2018-10-24 00:00:00.0000000,12,2020-09-17 00:00:00.0000000,2019-11-07 00:00:00.0000000,,0,0,1
40,422405,0.998392712,40285.56424,0,998392712,0,40285,56424,38,2019-09-27 00:00:00.0000000,2018-10-16 00:00:00.0000000,27,2020-09-02 00:00:00.0000000,2019-10-02 00:00:00.0000000,,0,0,1
40,672836,0.989676982,8501.599533,0,989676982,0,8501,599533,10,2019-09-04 00:00:00.0000000,2018-11-27 00:00:00.0000000,4,2020-02-18 00:00:00.0000000,2019-12-04 00:00:00.0000000,,0,0,1
40,742149,0.979563643,1036.441915,0,979563643,0,1036,441915,3,2019-09-03 00:00:00.0000000,2018-12-05 00:00:00.0000000,3,2020-09-10 00:00:00.0000000,2019-11-05 00:00:00.0000000,,0,0,1
40,659761,0.999730514,149331.9289,0,999730514,0,149331,9289,164,2019-09-30 00:00:00.0000000,2018-10-01 00:00:00.0000000,175,2020-09-30 00:00:00.0000000,2019-10-02 00:00:00.0000000,,0,0,1
40,494932,0.99535929,81766.76208,0,99535929,0,81766,76208,21,2019-09-17 00:00:00.0000000,2018-10-23 00:00:00.0000000,20,2020-06-17 00:00:00.0000000,2019-10-07 00:00:00.0000000,,0,0,1
40,434496,0.996123474,4265.242097,0,996123474,0,4265,242097,14,2019-09-25 00:00:00.0000000,2018-10-08 00:00:00.0000000,13,2020-09-24 00:00:00.0000000,2019-11-07 00:00:00.0000000,,0,0,1
40,431565,0.676511145,0,0,676511145,0,0,1,2019-02-22 00:00:00.0000000,2019-02-22 00:00:00.0000000,NULL,NULL,NULL,NULL,1,,1,1
40,432019,0.122970095,337.9546543,0,122970095,1,337,9546543,10,2019-03-27 00:00:00.0000000,2018-10-23 00:00:00.0000000,20,2020-09-22 00:00:00.0000000,2019-10-01 00:00:00.0000000,,0,0,1
40,725064,0.997377633,41197.73711,0,997377633,0,41197,73711,26,2019-09-24 00:00:00.0000000,2018-10-08 00:00:00.0000000,39,2020-09-25 00:00:00.0000000,2019-10-04 00:00:00.0000000,,0,0,1
40,577786,0.994478826,32932.11838,0,994478826,0,32932,11838,9,2019-09-27 00:00:00.0000000,2018-12-18 00:00:00.0000000,4,2020-09-28 00:00:00.0000000,2019-12-27 00:00:00.0000000,,0,0,1
40,427848,0.816797412,970.6678871,0,816797412,0,970,6678871,2,2019-03-18 00:00:00.0000000,2019-01-17 00:00:00.0000000,NULL,NULL,NULL,,1,1,1
40,715978,0.976144254,8886.85586,0,976144254,0,8886,85586,10,2019-08-06 00:00:00.0000000,2018-10-30 00:00:00.0000000,5,2020-09-04 00:00:00.0000000,2019-10-17 00:00:00.0000000,,0,0,1
40,423780,0.993546008,15532.6471,0,993546008,0,15532,6471,21,2019-09-11 00:00:00.0000000,2018-10-11 00:00:00.0000000,18,2020-09-17 00:00:00.0000000,2019-10-01 00:00:00.0000000,,0,0,1
40,748195,0.696338592,5087.879734,0,696338592,0,5087,879734,7,2019-07-04 00:00:00.0000000,2019-04-03 00:00:00.0000000,3,2020-05-18 00:00:00.0000000,2020-02-03 00:00:00.0000000,,0,0,1
40,584376,0.950687226,1776.907903,0,950687226,0,1776,907903,2,2019-06-19 00:00:00.0000000,2018-12-19 00:00:00.0000000,NULL,NULL,NULL,,1,1,1
40,636211,0.99585621,15114.42295,0,99585621,0,15114,42295,20,2019-09-19 00:00:00.0000000,2018-10-18 00:00:00.0000000,18,2020-09-14 00:00:00.0000000,2019-10-04 00:00:00.0000000,,0,0,1
40,604633,0.986465356,227.1273049,0,986465356,0,227,1273049,4,2019-09-17 00:00:00.0000000,2018-10-22 00:00:00.0000000,9,2020-09-18 00:00:00.0000000,2020-01-28 00:00:00.0000000,,0,0,1
40,608815,0.970406133,3539.570425,0,970406133,0,3539,570425,10,2019-07-29 00:00:00.0000000,2018-10-22 00:00:00.0000000,10,2020-09-30 00:00:00.0000000,2019-10-18 00:00:00.0000000,,0,0,1
40,428656,0.94117301,8284.855438,0,94117301,0,8284,855438,8,2019-08-20 00:00:00.0000000,2019-05-08 00:00:00.0000000,4,2020-06-30 00:00:00.0000000,2019-11-13 00:00:00.0000000,,0,0,1
40,428571,0.982168422,1151.24419,0,982168422,0,1151,24419,3,2019-09-18 00:00:00.0000000,2018-11-21 00:00:00.0000000,7,2020-08-18 00:00:00.0000000,2019-10-18 00:00:00.0000000,,0,0,1
40,688482,0.814002041,618.1035019,0,814002041,0,618,1035019,3,2019-05-07 00:00:00.0000000,2019-02-21 00:00:00.0000000,NULL,NULL,NULL,,1,1,1
40,634009,0.992848808,8470.694036,0,992848808,0,8470,694036,18,2019-09-10 00:00:00.0000000,2018-10-30 00:00:00.0000000,8,2020-09-30 00:00:00.0000000,2019-10-15 00:00:00.0000000,,0,0,1
40,578227,0.614027865,0,0,614027865,0,0,1,2018-10-03 00:00:00.0000000,2018-10-03 00:00:00.0000000,NULL,NULL,NULL,NULL,1,,1,1
40,688681,0.997512784,36238.01083,0,997512784,0,36238,1083,36,2019-09-23 00:00:00.0000000,2018-10-13 00:00:00.0000000,43,2020-09-25 00:00:00.0000000,2019-10-01 00:00:00.0000000,,0,0,1
40,424576,0.956878961,6911.288892,0,956878961,0,6911,288892,8,2019-08-07 00:00:00.0000000,2019-02-22 00:00:00.0000000,3,2020-06-25 00:00:00.0000000,2020-05-18 00:00:00.0000000,,0,0,1
40,423661,0.66909151,0,0,66909151,0,0,1,2019-02-08 00:00:00.0000000,2019-02-08 00:00:00.0000000,NULL,NULL,NULL,NULL,1,,1,1
40,713747,0.988606514,6010.545482,0,988606514,0,6010,545482,40,2019-09-10 00:00:00.0000000,2018-10-23 00:00:00.0000000,42,2020-09-30 00:00:00.0000000,2019-10-02 00:00:00.0000000,,0,0,1
40,433281,0.742421279,665.1496125,0,742421279,0,665,1496125,3,2019-02-26 00:00:00.0000000,2018-11-30 00:00:00.0000000,3,2020-09-15 00:00:00.0000000,2020-06-15 00:00:00.0000000,,0,0,1
40,653854,0.994862359,5543.444258,0,994862359,0,5543,444258,13,2019-09-19 00:00:00.0000000,2018-10-16 00:00:00.0000000,6,2020-09-17 00:00:00.0000000,2019-12-05 00:00:00.0000000,,0,0,1
40,464558,0.996408606,14699.77017,0,996408606,0,14699,77017,14,2019-09-27 00:00:00.0000000,2018-10-04 00:00:00.0000000,31,2020-09-23 00:00:00.0000000,2019-10-07 00:00:00.0000000,,0,0,1
40,609457,0.149281916,630.7428197,0,149281916,1,630,7428197,10,2019-06-14 00:00:00.0000000,2019-03-15 00:00:00.0000000,13,2020-08-05 00:00:00.0000000,2019-10-22 00:00:00.0000000,,0,0,1
40,428060,0.998340617,9504.412812,0,998340617,0,9504,412812,42,2019-09-26 00:00:00.0000000,2018-10-01 00:00:00.0000000,35,2020-09-29 00:00:00.0000000,2019-10-01 00:00:00.0000000,,0,0,1
40,436139,0.998861111,50050.29115,0,998861111,0,50050,29115,67,2019-09-27 00:00:00.0000000,2018-10-03 00:00:00.0000000,55,2020-09-30 00:00:00.0000000,2019-10-04 00:00:00.0000000,,0,0,1
40,697783,0.411390055,2004.888269,0,411390055,1,2004,888269,2,2019-06-21 00:00:00.0000000,2019-06-19 00:00:00.0000000,1,2020-08-05 00:00:00.0000000,2020-08-05 00:00:00.0000000,,0,0,1
40,700303,0.475512966,6843.037658,0,475512966,1,6843,37658,3,2019-02-07 00:00:00.0000000,2018-12-19 00:00:00.0000000,NULL,NULL,NULL,,1,1,1
40,593358,0.952290812,7831.878268,0,952290812,0,7831,878268,2,2019-09-19 00:00:00.0000000,2019-09-04 00:00:00.0000000,1,2019-10-23 00:00:00.0000000,2019-10-23 00:00:00.0000000,,0,0,1
40,707232,0.733055889,0,0,733055889,0,0,1,2019-05-20 00:00:00.0000000,2019-05-20 00:00:00.0000000,NULL,NULL,NULL,NULL,1,,1,1
40,751793,0.807703062,0,0,807703062,0,0,1,2019-08-02 00:00:00.0000000,2019-08-02 00:00:00.0000000,NULL,NULL,NULL,NULL,1,,1,1
40,525288,0.99865174,37470.94516,0,99865174,0,37470,94516,33,2019-09-30 00:00:00.0000000,2018-10-08 00:00:00.0000000,48,2020-09-29 00:00:00.0000000,2019-10-03 00:00:00.0000000,,0,0,1
40,521645,0.998362312,143244.9161,0,998362312,0,143244,9161,79,2019-09-25 00:00:00.0000000,2018-10-03 00:00:00.0000000,117,2020-09-24 00:00:00.0000000,2019-10-01 00:00:00.0000000,,0,0,1
40,713191,0.696802947,0,0,696802947,0,0,1,2019-03-29 00:00:00.0000000,2019-03-29 00:00:00.0000000,NULL,NULL,NULL,NULL,1,,1,1
40,683024,0.927121803,4414.277298,0,927121803,0,4414,277298,5,2019-06-14 00:00:00.0000000,2018-12-20 00:00:00.0000000,8,2020-09-22 00:00:00.0000000,2020-02-24 00:00:00.0000000,,0,0,1
40,428226,0.996357518,13938.13028,0,996357518,0,13938,13028,18,2019-09-23 00:00:00.0000000,2018-11-15 00:00:00.0000000,2,2020-06-22 00:00:00.0000000,2020-06-12 00:00:00.0000000,,0,0,1
40,434915,0.998269375,22419.13409,0,998269375,0,22419,13409,52,2019-09-25 00:00:00.0000000,2018-10-05 00:00:00.0000000,103,2020-09-30 00:00:00.0000000,2019-10-03 00:00:00.0000000,,0,0,1
40,448215,0.968738049,2834.89559,0,968738049,0,2834,89559,3,2019-07-08 00:00:00.0000000,2018-10-08 00:00:00.0000000,3,2020-02-26 00:00:00.0000000,2019-10-09 00:00:00.0000000,,0,0,1
40,432354,0.994524413,53051.52112,0,994524413,0,53051,52112,49,2019-09-17 00:00:00.0000000,2018-10-15 00:00:00.0000000,54,2020-09-22 00:00:00.0000000,2019-10-11 00:00:00.0000000,,0,0,1
40,651436,0.997712683,20843.2607,0,997712683,0,20843,2607,26,2019-09-26 00:00:00.0000000,2018-10-15 00:00:00.0000000,64,2020-09-28 00:00:00.0000000,2019-10-10 00:00:00.0000000,,0,0,1
40,724558,0.910829884,0,0,910829884,0,0,1,2019-09-23 00:00:00.0000000,2019-09-23 00:00:00.0000000,NULL,NULL,NULL,NULL,1,,1,1
40,684842,0.997783511,160036.6053,0,997783511,0,160036,6053,41,2019-09-24 00:00:00.0000000,2018-10-29 00:00:00.0000000,43,2020-09-21 00:00:00.0000000,2019-10-14 00:00:00.0000000,,0,0,1
40,581529,0.916975042,757.7157426,0,916975042,0,757,7157426,2,2019-05-17 00:00:00.0000000,2019-01-31 00:00:00.0000000,2,2020-06-04 00:00:00.0000000,2020-06-01 00:00:00.0000000,,0,0,1
40,471932,0.967856084,49238.90227,0,967856084,0,49238,90227,33,2019-08-29 00:00:00.0000000,2018-10-23 00:00:00.0000000,28,2020-09-14 00:00:00.0000000,2019-10-11 00:00:00.0000000,,0,0,1
40,707567,0.959627061,2135.899601,0,959627061,0,2135,899601,6,2019-06-26 00:00:00.0000000,2018-10-05 00:00:00.0000000,7,2020-08-25 00:00:00.0000000,2020-02-27 00:00:00.0000000,,0,0,1
40,423772,0.992316476,143930.3363,0,992316476,0,143930,3363,22,2019-09-09 00:00:00.0000000,2018-10-22 00:00:00.0000000,17,2020-09-03 00:00:00.0000000,2019-10-22 00:00:00.0000000,,0,0,1
40,466203,0.998154614,11833.875,0,998154614,0,11833,875,31,2019-09-27 00:00:00.0000000,2018-10-05 00:00:00.0000000,42,2020-09-30 00:00:00.0000000,2019-10-04 00:00:00.0000000,,0,0,1
40,672403,0.98173037,520705.8156,0,98173037,0,520705,8156,107,2019-09-17 00:00:00.0000000,2018-10-01 00:00:00.0000000,61,2020-09-28 00:00:00.0000000,2019-10-04 00:00:00.0000000,,0,0,1
40,719497,0.99139533,27004.94466,0,99139533,0,27004,94466,6,2019-09-24 00:00:00.0000000,2018-12-07 00:00:00.0000000,2,2020-02-05 00:00:00.0000000,2019-11-04 00:00:00.0000000,,0,0,1
40,436169,0.989918413,2483.843718,0,989918413,0,2483,843718,7,2019-09-11 00:00:00.0000000,2018-12-13 00:00:00.0000000,4,2020-09-07 00:00:00.0000000,2019-12-09 00:00:00.0000000,,0,0,1
40,435934,0.974728345,3633.850231,0,974728345,0,3633,850231,7,2019-07-24 00:00:00.0000000,2018-10-10 00:00:00.0000000,4,2020-05-04 00:00:00.0000000,2019-11-14 00:00:00.0000000,,0,0,1
40,599754,0.994119593,40140.03589,0,994119593,0,40140,3589,23,2019-09-13 00:00:00.0000000,2018-10-18 00:00:00.0000000,25,2020-09-28 00:00:00.0000000,2019-10-14 00:00:00.0000000,,0,0,1
40,692304,0.849918695,0,0,849918695,0,0,1,2019-08-29 00:00:00.0000000,2019-08-29 00:00:00.0000000,NULL,NULL,NULL,NULL,1,,1,1
40,658048,0.984350132,769.1460833,0,984350132,0,769,1460833,5,2019-08-21 00:00:00.0000000,2018-10-02 00:00:00.0000000,4,2020-07-01 00:00:00.0000000,2019-12-09 00:00:00.0000000,,0,0,1
40,435549,0.938936707,3030.968683,0,938936707,0,3030,968683,4,2019-05-16 00:00:00.0000000,2018-10-09 00:00:00.0000000,NULL,NULL,NULL,,1,1,1
40,583987,0.92999527,1141.608693,0,92999527,0,1141,608693,3,2019-05-23 00:00:00.0000000,2018-12-20 00:00:00.0000000,2,2020-08-12 00:00:00.0000000,2019-12-16 00:00:00.0000000,,0,0,1
40,703135,0.96594474,6600.611284,0,96594474,0,6600,611284,9,2019-07-17 00:00:00.0000000,2018-10-01 00:00:00.0000000,2,2020-02-10 00:00:00.0000000,2019-10-15 00:00:00.0000000,,0,0,1
40,707480,0.980415905,3387.296605,0,980415905,0,3387,296605,4,2019-08-19 00:00:00.0000000,2018-11-26 00:00:00.0000000,NULL,NULL,NULL,,1,1,1
40,552995,4.53E-04,15.4146433,0,453,1,15,4146433,85,2019-07-31 00:00:00.0000000,2018-10-02 00:00:00.0000000,NULL,NULL,NULL,,1,1,1
40,651011,0.968008134,116977.5516,0,968008134,0,116977,5516,12,2019-07-30 00:00:00.0000000,2018-10-09 00:00:00.0000000,1,2020-04-21 00:00:00.0000000,2020-04-21 00:00:00.0000000,,0,0,1
40,559441,0.995948711,33966.44698,0,995948711,0,33966,44698,47,2019-09-19 00:00:00.0000000,2018-10-15 00:00:00.0000000,52,2020-09-25 00:00:00.0000000,2019-10-04 00:00:00.0000000,,0,0,1
40,427530,0.999417344,40044.37153,0,999417344,0,40044,37153,76,2019-09-30 00:00:00.0000000,2018-10-01 00:00:00.0000000,37,2020-09-18 00:00:00.0000000,2019-10-02 00:00:00.0000000,,0,0,1
40,433359,0.997740861,107899.926,0,997740861,0,107899,926,39,2019-09-24 00:00:00.0000000,2018-10-31 00:00:00.0000000,83,2020-09-29 00:00:00.0000000,2019-10-02 00:00:00.0000000,,0,0,1
40,464374,0.982293442,3911.476612,0,982293442,0,3911,476612,4,2019-08-30 00:00:00.0000000,2018-12-24 00:00:00.0000000,7,2020-06-24 00:00:00.0000000,2019-11-13 00:00:00.0000000,,0,0,1
40,427614,0.997643685,2014.663037,0,997643685,0,2014,663037,19,2019-09-30 00:00:00.0000000,2018-10-02 00:00:00.0000000,19,2020-09-23 00:00:00.0000000,2019-10-25 00:00:00.0000000,,0,0,1
40,682672,0.993574442,521.2710108,0,993574442,0,521,2710108,9,2019-09-20 00:00:00.0000000,2018-10-11 00:00:00.0000000,10,2020-09-22 00:00:00.0000000,2019-10-08 00:00:00.0000000,,0,0,1
40,678199,0.960499136,6413.611603,0,960499136,0,6413,611603,9,2019-07-23 00:00:00.0000000,2018-11-22 00:00:00.0000000,1,2019-11-19 00:00:00.0000000,2019-11-19 00:00:00.0000000,,0,0,1
40,639822,0.943931018,231558.8405,0,943931018,0,231558,8405,2,2019-06-07 00:00:00.0000000,2018-12-28 00:00:00.0000000,2,2019-12-13 00:00:00.0000000,2019-11-29 00:00:00.0000000,,0,0,1
40,721690,0.99313447,18534.37404,0,99313447,0,18534,37404,22,2019-09-12 00:00:00.0000000,2018-11-14 00:00:00.0000000,32,2020-09-28 00:00:00.0000000,2019-10-31 00:00:00.0000000,,0,0,1
40,428826,0.995764373,7114.15361,0,995764373,0,7114,15361,14,2019-09-23 00:00:00.0000000,2018-10-25 00:00:00.0000000,18,2020-09-23 00:00:00.0000000,2019-10-07 00:00:00.0000000,,0,0,1
40,724753,0.678739874,1372.514608,0,678739874,0,1372,514608,13,2019-06-05 00:00:00.0000000,2018-10-10 00:00:00.0000000,NULL,NULL,NULL,,1,1,1
40,692025,0.996604655,9877.209776,0,996604655,0,9877,209776,18,2019-09-24 00:00:00.0000000,2018-10-30 00:00:00.0000000,29,2020-09-29 00:00:00.0000000,2019-10-15 00:00:00.0000000,,0,0,1
40,551515,0.638255662,0,0,638255662,0,0,1,2018-12-04 00:00:00.0000000,2018-12-04 00:00:00.0000000,1,2020-01-09 00:00:00.0000000,2020-01-09 00:00:00.0000000,NULL,0,,0,1
40,597320,0.09289971,344.5146497,0,9289971,1,344,5146497,15,2019-04-26 00:00:00.0000000,2018-10-03 00:00:00.0000000,1,2020-01-16 00:00:00.0000000,2020-01-16 00:00:00.0000000,,0,0,1
40,612230,0.972316166,2147.377326,0,972316166,0,2147,377326,4,2019-07-16 00:00:00.0000000,2018-10-19 00:00:00.0000000,5,2020-09-21 00:00:00.0000000,2019-10-31 00:00:00.0000000,,0,0,1
40,576037,0.894365023,1070.965576,0,894365023,0,1070,965576,3,2019-03-27 00:00:00.0000000,2018-10-23 00:00:00.0000000,3,2020-07-21 00:00:00.0000000,2020-03-13 00:00:00.0000000,,0,0,1
40,609456,0.993437461,7542.848979,0,993437461,0,7542,848979,10,2019-09-17 00:00:00.0000000,2018-10-30 00:00:00.0000000,13,2020-09-25 00:00:00.0000000,2019-10-25 00:00:00.0000000,,0,0,1
40,576178,0.993552102,1124.933383,0,993552102,0,1124,933383,8,2019-09-25 00:00:00.0000000,2018-11-28 00:00:00.0000000,14,2020-06-22 00:00:00.0000000,2019-11-04 00:00:00.0000000,,0,0,1
40,464216,0.88450623,40144.12981,0,88450623,0,40144,12981,4,2019-06-27 00:00:00.0000000,2019-03-26 00:00:00.0000000,NULL,NULL,NULL,,1,1,1
40,707771,0.994302525,14573.5346,0,994302525,0,14573,5346,33,2019-09-14 00:00:00.0000000,2018-10-03 00:00:00.0000000,38,2020-09-30 00:00:00.0000000,2019-10-02 00:00:00.0000000,,0,0,1
40,434210,0.998993478,1516756.485,0,998993478,0,1516756,485,139,2019-09-27 00:00:00.0000000,2018-10-09 00:00:00.0000000,110,2020-09-30 00:00:00.0000000,2019-10-01 00:00:00.0000000,,0,0,1
40,735017,2.04E-05,0.712332785,2,4.00E-05,1,0,712332785,31,2019-04-23 00:00:00.0000000,2018-10-02 00:00:00.0000000,NULL,NULL,NULL,,1,1,1
40,713087,0.989514386,22477.87618,0,989514386,0,22477,87618,13,2019-09-04 00:00:00.0000000,2018-12-04 00:00:00.0000000,13,2020-09-30 00:00:00.0000000,2019-10-01 00:00:00.0000000,,0,0,1
40,614148,0.993927898,11962.03104,0,993927898,0,11962,3104,14,2019-09-13 00:00:00.0000000,2018-10-02 00:00:00.0000000,15,2020-09-24 00:00:00.0000000,2019-10-09 00:00:00.0000000,,0,0,1
40,667499,0.86198099,434.1090629,0,86198099,0,434,1090629,2,2019-01-21 00:00:00.0000000,2018-10-04 00:00:00.0000000,2,2020-04-28 00:00:00.0000000,2019-12-19 00:00:00.0000000,,0,0,1
40,634713,0.935878027,542.3463461,0,935878027,0,542,3463461,2,2019-04-24 00:00:00.0000000,2018-10-25 00:00:00.0000000,NULL,NULL,NULL,,1,1,1
40,466514,0.616211902,0,0,616211902,0,0,1,2018-10-09 00:00:00.0000000,2018-10-09 00:00:00.0000000,1,2020-08-12 00:00:00.0000000,2020-08-12 00:00:00.0000000,NULL,0,,0,1
40,615893,0.21567424,3123.46556,0,21567424,1,3123,46556,22,2019-06-18 00:00:00.0000000,2018-10-17 00:00:00.0000000,12,2020-09-04 00:00:00.0000000,2020-02-18 00:00:00.0000000,,0,0,1
40,425253,0.998830437,24582.03629,0,998830437,0,24582,3629,38,2019-09-30 00:00:00.0000000,2018-10-22 00:00:00.0000000,48,2020-09-30 00:00:00.0000000,2019-10-07 00:00:00.0000000,,0,0,1
40,708891,0.995272379,4674.843479,0,995272379,0,4674,843479,15,2019-09-19 00:00:00.0000000,2018-10-16 00:00:00.0000000,4,2020-03-19 00:00:00.0000000,2020-02-10 00:00:00.0000000,,0,0,1
40,426306,0.997630228,34248.26062,0,997630228,0,34248,26062,42,2019-09-23 00:00:00.0000000,2018-10-08 00:00:00.0000000,41,2020-09-29 00:00:00.0000000,2019-10-01 00:00:00.0000000,,0,0,1
40,572567,0.973317722,574.4962853,0,973317722,0,574,4962853,2,2019-09-24 00:00:00.0000000,2019-03-01 00:00:00.0000000,1,2020-02-18 00:00:00.0000000,2020-02-18 00:00:00.0000000,,0,0,1
40,431464,0.651050331,0,0,651050331,0,0,1,2019-01-02 00:00:00.0000000,2019-01-02 00:00:00.0000000,1,2020-06-23 00:00:00.0000000,2020-06-23 00:00:00.0000000,NULL,0,,0,1
40,608998,0.998412033,14364.55365,0,998412033,0,14364,55365,38,2019-09-27 00:00:00.0000000,2018-10-02 00:00:00.0000000,46,2020-09-29 00:00:00.0000000,2019-10-02 00:00:00.0000000,,0,0,1
40,429607,0.998661163,467726.4095,0,998661163,0,467726,4095,105,2019-09-26 00:00:00.0000000,2018-10-08 00:00:00.0000000,92,2020-09-29 00:00:00.0000000,2019-10-01 00:00:00.0000000,,0,0,1
40,725617,0.999543845,80356.67479,0,999543845,0,80356,67479,97,2019-09-30 00:00:00.0000000,2018-10-02 00:00:00.0000000,82,2020-09-30 00:00:00.0000000,2019-10-02 00:00:00.0000000,,0,0,1
40,708537,0.7920427,26710.2761,0,7920427,0,26710,2761,12,2019-06-11 00:00:00.0000000,2018-10-10 00:00:00.0000000,7,2020-06-26 00:00:00.0000000,2019-10-14 00:00:00.0000000,,0,0,1
40,740030,0.86986609,22448.94176,0,86986609,0,22448,94176,5,2019-04-16 00:00:00.0000000,2018-10-04 00:00:00.0000000,NULL,NULL,NULL,,1,1,1
40,606228,0.935771113,36652.03555,0,935771113,0,36652,3555,4,2019-05-13 00:00:00.0000000,2018-10-10 00:00:00.0000000,1,2020-06-04 00:00:00.0000000,2020-06-04 00:00:00.0000000,,0,0,1
40,589930,0.9997385,861989.1752,0,9997385,0,861989,1752,169,2019-09-30 00:00:00.0000000,2018-10-03 00:00:00.0000000,138,2020-09-30 00:00:00.0000000,2019-10-08 00:00:00.0000000,,0,0,1
40,430054,0.993457948,5925.419288,0,993457948,0,5925,419288,18,2019-09-11 00:00:00.0000000,2018-10-18 00:00:00.0000000,15,2020-08-24 00:00:00.0000000,2019-10-17 00:00:00.0000000,,0,0,1
40,699031,0.995475436,14273.71624,0,995475436,0,14273,71624,75,2019-09-20 00:00:00.0000000,2018-10-01 00:00:00.0000000,33,2020-09-22 00:00:00.0000000,2019-10-02 00:00:00.0000000,,0,0,1
40,679206,0.705084472,0,0,705084472,0,0,1,2019-04-11 00:00:00.0000000,2019-04-11 00:00:00.0000000,NULL,NULL,NULL,NULL,1,,1,1
40,734394,0.96168883,867.9721953,0,96168883,0,867,9721953,3,2019-07-23 00:00:00.0000000,2019-02-12 00:00:00.0000000,1,2020-04-22 00:00:00.0000000,2020-04-22 00:00:00.0000000,,0,0,1
40,694613,0.992265175,7477.630761,0,992265175,0,7477,630761,10,2019-09-13 00:00:00.0000000,2018-11-29 00:00:00.0000000,9,2020-09-08 00:00:00.0000000,2019-10-28 00:00:00.0000000,,0,0,1
40,511922,0.999707271,4665794.639,0,999707271,0,4665794,639,151,2019-09-30 00:00:00.0000000,2018-10-01 00:00:00.0000000,152,2020-09-30 00:00:00.0000000,2019-10-01 00:00:00.0000000,,0,0,1
40,724746,0.908922473,623.4289834,0,908922473,0,623,4289834,8,2019-06-06 00:00:00.0000000,2018-10-03 00:00:00.0000000,NULL,NULL,NULL,,1,1,1
40,433178,0.980924262,21434.64865,0,980924262,0,21434,64865,18,2019-08-22 00:00:00.0000000,2018-10-18 00:00:00.0000000,3,2020-09-29 00:00:00.0000000,2020-01-07 00:00:00.0000000,,0,0,1
40,575874,0.997863539,8723.38931,0,997863539,0,8723,38931,32,2019-09-25 00:00:00.0000000,2018-10-02 00:00:00.0000000,29,2020-09-24 00:00:00.0000000,2019-10-18 00:00:00.0000000,,0,0,1
40,429475,0.997532099,19061.4548,0,997532099,0,19061,4548,36,2019-09-23 00:00:00.0000000,2018-10-09 00:00:00.0000000,33,2020-09-23 00:00:00.0000000,2019-10-07 00:00:00.0000000,,0,0,1
40,742425,0.954095088,3049.500125,0,954095088,0,3049,500125,3,2019-05-29 00:00:00.0000000,2018-10-09 00:00:00.0000000,NULL,NULL,NULL,,1,1,1
40,433957,0.999741563,246790.6757,0,999741563,0,246790,6757,171,2019-09-30 00:00:00.0000000,2018-10-01 00:00:00.0000000,175,2020-09-30 00:00:00.0000000,2019-10-01 00:00:00.0000000,,0,0,1
40,689456,0.998916593,58577.49659,0,998916593,0,58577,49659,41,2019-09-30 00:00:00.0000000,2018-10-03 00:00:00.0000000,73,2020-09-30 00:00:00.0000000,2019-10-09 00:00:00.0000000,,0,0,1
40,737760,0.970637654,483.9826092,0,970637654,0,483,9826092,9,2019-08-06 00:00:00.0000000,2018-12-18 00:00:00.0000000,24,2020-09-21 00:00:00.0000000,2019-10-02 00:00:00.0000000,,0,0,1
40,653160,0.996940197,11980.15579,0,996940197,0,11980,15579,18,2019-09-26 00:00:00.0000000,2018-10-30 00:00:00.0000000,14,2020-09-21 00:00:00.0000000,2019-10-30 00:00:00.0000000,,0,0,1
40,425519,0.970550562,5710.428127,0,970550562,0,5710,428127,8,2019-08-05 00:00:00.0000000,2018-12-27 00:00:00.0000000,8,2020-04-28 00:00:00.0000000,2020-01-27 00:00:00.0000000,,0,0,1
40,426462,0.951696772,8184.623349,0,951696772,0,8184,623349,7,2019-07-08 00:00:00.0000000,2018-11-26 00:00:00.0000000,2,2019-11-28 00:00:00.0000000,2019-10-08 00:00:00.0000000,,0,0,1
40,435574,0.977803875,1160.509504,0,977803875,0,1160,509504,3,2019-09-04 00:00:00.0000000,2019-02-28 00:00:00.0000000,6,2020-09-15 00:00:00.0000000,2019-11-19 00:00:00.0000000,,0,0,1
40,427087,0.728748208,80.31364052,0,728748208,0,80,31364052,2,2018-12-03 00:00:00.0000000,2018-10-03 00:00:00.0000000,7,2020-07-16 00:00:00.0000000,2019-11-20 00:00:00.0000000,,0,0,1
40,493063,0.998684396,330292.8981,0,998684396,0,330292,8981,83,2019-09-26 00:00:00.0000000,2018-10-04 00:00:00.0000000,84,2020-09-30 00:00:00.0000000,2019-10-02 00:00:00.0000000,,0,0,1
40,653958,0.219962875,1918.297509,0,219962875,1,1918,297509,22,2019-06-18 00:00:00.0000000,2018-10-16 00:00:00.0000000,1,2019-10-31 00:00:00.0000000,2019-10-31 00:00:00.0000000,,0,0,1
40,706317,0.904815709,10662.07772,0,904815709,0,10662,7772,10,2019-07-04 00:00:00.0000000,2018-11-26 00:00:00.0000000,1,2020-07-30 00:00:00.0000000,2020-07-30 00:00:00.0000000,,0,0,1
40,436515,0.996619551,94175.08589,0,996619551,0,94175,8589,113,2019-09-23 00:00:00.0000000,2018-10-03 00:00:00.0000000,127,2020-09-30 00:00:00.0000000,2019-10-01 00:00:00.0000000,,0,0,1
40,497934,0.996706412,9947.247319,0,996706412,0,9947,247319,20,2019-09-23 00:00:00.0000000,2018-10-15 00:00:00.0000000,18,2020-09-16 00:00:00.0000000,2019-11-04 00:00:00.0000000,,0,0,1
40,752005,0.835866392,0,0,835866392,0,0,1,2019-08-21 00:00:00.0000000,2019-08-21 00:00:00.0000000,3,2020-02-25 00:00:00.0000000,2020-01-30 00:00:00.0000000,NULL,0,,0,1
40,746908,0.914289906,0,0,914289906,0,0,1,2019-09-24 00:00:00.0000000,2019-09-24 00:00:00.0000000,1,2019-10-08 00:00:00.0000000,2019-10-08 00:00:00.0000000,NULL,0,,0,1
40,718854,0.988370154,3513.422521,0,988370154,0,3513,422521,10,2019-08-28 00:00:00.0000000,2018-10-22 00:00:00.0000000,6,2020-08-13 00:00:00.0000000,2019-10-14 00:00:00.0000000,,0,0,1
40,747158,0.902460499,56415.7483,0,902460499,0,56415,7483,2,2019-06-24 00:00:00.0000000,2019-04-25 00:00:00.0000000,NULL,NULL,NULL,,1,1,1
40,602666,0.989864169,4704.872623,0,989864169,0,4704,872623,9,2019-09-02 00:00:00.0000000,2018-10-15 00:00:00.0000000,6,2020-05-08 00:00:00.0000000,2019-10-25 00:00:00.0000000,,0,0,1
40,669309,0.902601088,450.7676396,0,902601088,0,450,7676396,2,2019-07-03 00:00:00.0000000,2019-05-10 00:00:00.0000000,NULL,NULL,NULL,,1,1,1
40,647030,0.999703334,54144.9222,0,999703334,0,54144,9222,149,2019-09-30 00:00:00.0000000,2018-10-01 00:00:00.0000000,54,2020-09-01 00:00:00.0000000,2019-10-01 00:00:00.0000000,,0,0,1
40,427103,0.403586972,2593.895389,0,403586972,1,2593,895389,7,2019-03-20 00:00:00.0000000,2018-10-26 00:00:00.0000000,5,2020-09-21 00:00:00.0000000,2020-03-05 00:00:00.0000000,,0,0,1
40,726114,0.996677921,8548.911751,0,996677921,0,8548,911751,16,2019-09-26 00:00:00.0000000,2018-10-02 00:00:00.0000000,5,2020-09-28 00:00:00.0000000,2019-10-01 00:00:00.0000000,,0,0,1
40,623981,0.999013488,201884.5515,0,999013488,0,201884,5515,45,2019-09-30 00:00:00.0000000,2018-10-02 00:00:00.0000000,54,2020-09-30 00:00:00.0000000,2019-10-01 00:00:00.0000000,,0,0,1
40,714448,0.996769584,4953.399154,0,996769584,0,4953,399154,18,2019-09-25 00:00:00.0000000,2018-11-02 00:00:00.0000000,10,2020-09-29 00:00:00.0000000,2019-10-15 00:00:00.0000000,,0,0,1
40,525837,0.99066172,806.2735968,0,99066172,0,806,2735968,5,2019-09-30 00:00:00.0000000,2019-01-30 00:00:00.0000000,6,2020-06-12 00:00:00.0000000,2019-10-01 00:00:00.0000000,,0,0,1
40,426232,0.998852632,307223.4736,0,998852632,0,307223,4736,208,2019-09-27 00:00:00.0000000,2018-10-01 00:00:00.0000000,157,2020-09-30 00:00:00.0000000,2019-10-01 00:00:00.0000000,,0,0,1
40,605757,0.688360532,0,0,688360532,0,0,1,2019-03-15 00:00:00.0000000,2019-03-15 00:00:00.0000000,1,2020-03-30 00:00:00.0000000,2020-03-30 00:00:00.0000000,NULL,0,,0,1
40,688197,0.161356597,10.97691754,0,161356597,1,10,97691754,2,2019-03-01 00:00:00.0000000,2019-02-28 00:00:00.0000000,1,2020-01-20 00:00:00.0000000,2020-01-20 00:00:00.0000000,,0,0,1
40,505976,0.981974304,3017.849968,0,981974304,0,3017,849968,7,2019-08-09 00:00:00.0000000,2018-10-11 00:00:00.0000000,14,2020-09-28 00:00:00.0000000,2019-10-10 00:00:00.0000000,,0,0,1
40,608819,0.987807012,1303.953531,0,987807012,0,1303,953531,4,2019-09-27 00:00:00.0000000,2018-10-05 00:00:00.0000000,1,2020-01-20 00:00:00.0000000,2020-01-20 00:00:00.0000000,,0,0,1
40,430220,0.997819522,14147.77142,0,997819522,0,14147,77142,25,2019-09-27 00:00:00.0000000,2018-10-03 00:00:00.0000000,24,2020-09-22 00:00:00.0000000,2019-10-11 00:00:00.0000000,,0,0,1
40,495282,3.57E-06,0.027327293,3,5.70E-05,1,0,27327293,24,2019-03-14 00:00:00.0000000,2018-10-08 00:00:00.0000000,NULL,NULL,NULL,,1,1,1
40,702151,0.690725404,0,0,690725404,0,0,1,2019-03-19 00:00:00.0000000,2019-03-19 00:00:00.0000000,NULL,NULL,NULL,NULL,1,,1,1
40,728989,0.502592714,860.1237248,0,502592714,0,860,1237248,2,2019-03-07 00:00:00.0000000,2019-02-19 00:00:00.0000000,16,2020-06-17 00:00:00.0000000,2020-01-09 00:00:00.0000000,,0,0,1
40,434991,0.985583423,5810.223598,0,985583423,0,5810,223598,6,2019-08-29 00:00:00.0000000,2018-12-13 00:00:00.0000000,5,2020-08-27 00:00:00.0000000,2019-10-04 00:00:00.0000000,,0,0,1
40,725631,0.863727048,567.7692477,0,863727048,0,567,7692477,2,2019-05-25 00:00:00.0000000,2019-04-02 00:00:00.0000000,NULL,NULL,NULL,,1,1,1
40,709626,0.363062429,283379.4086,0,363062429,1,283379,4086,2,2019-05-23 00:00:00.0000000,2019-05-20 00:00:00.0000000,16,2020-09-18 00:00:00.0000000,2019-12-24 00:00:00.0000000,,0,0,1
40,425659,0.972822903,8268.081179,0,972822903,0,8268,81179,24,2019-08-21 00:00:00.0000000,2018-10-03 00:00:00.0000000,14,2020-09-29 00:00:00.0000000,2019-11-07 00:00:00.0000000,,0,0,1
40,581787,0.988063835,7362.411003,0,988063835,0,7362,411003,6,2019-09-05 00:00:00.0000000,2018-11-13 00:00:00.0000000,1,2019-10-01 00:00:00.0000000,2019-10-01 00:00:00.0000000,,0,0,1
40,700066,0.963599092,129.8119654,0,963599092,0,129,8119654,2,2019-07-15 00:00:00.0000000,2018-10-01 00:00:00.0000000,NULL,NULL,NULL,,1,1,1
40,423337,0.875706297,1706.426051,0,875706297,0,1706,426051,2,2019-04-05 00:00:00.0000000,2019-01-10 00:00:00.0000000,7,2020-07-30 00:00:00.0000000,2019-11-29 00:00:00.0000000,,0,0,1
40,681471,0.428194631,1385.10126,0,428194631,1,1385,10126,4,2019-02-01 00:00:00.0000000,2018-11-12 00:00:00.0000000,3,2020-09-30 00:00:00.0000000,2020-05-19 00:00:00.0000000,,0,0,1
40,422618,0.998515411,38191.87105,0,998515411,0,38191,87105,54,2019-09-26 00:00:00.0000000,2018-10-08 00:00:00.0000000,48,2020-09-25 00:00:00.0000000,2019-10-09 00:00:00.0000000,,0,0,1
40,705487,0.98134235,3112.120551,0,98134235,0,3112,120551,4,2019-08-29 00:00:00.0000000,2019-01-16 00:00:00.0000000,9,2020-09-03 00:00:00.0000000,2019-11-11 00:00:00.0000000,,0,0,1
40,724595,0.995003639,1522.095267,0,995003639,0,1522,95267,15,2019-09-18 00:00:00.0000000,2018-10-25 00:00:00.0000000,32,2020-09-02 00:00:00.0000000,2019-10-03 00:00:00.0000000,,0,0,1
40,424827,0.988953685,53788.62504,0,988953685,0,53788,62504,8,2019-09-09 00:00:00.0000000,2019-01-30 00:00:00.0000000,2,2020-07-07 00:00:00.0000000,2020-02-10 00:00:00.0000000,,0,0,1
40,435554,0.625273959,0,0,625273959,0,0,1,2018-11-02 00:00:00.0000000,2018-11-02 00:00:00.0000000,1,2019-10-28 00:00:00.0000000,2019-10-28 00:00:00.0000000,NULL,0,,0,1
40,704562,0.703780667,0,0,703780667,0,0,1,2019-04-09 00:00:00.0000000,2019-04-09 00:00:00.0000000,NULL,NULL,NULL,NULL,1,,1,1
40,431047,0.733055889,0,0,733055889,0,0,1,2019-05-20 00:00:00.0000000,2019-05-20 00:00:00.0000000,2,2019-12-11 00:00:00.0000000,2019-10-28 00:00:00.0000000,NULL,0,,0,1
40,714852,0.95631737,484.0988018,0,95631737,0,484,988018,2,2019-07-22 00:00:00.0000000,2019-02-14 00:00:00.0000000,4,2020-08-25 00:00:00.0000000,2020-03-09 00:00:00.0000000,,0,0,1
40,433546,0.999011833,119228.4233,0,999011833,0,119228,4233,146,2019-09-27 00:00:00.0000000,2018-10-01 00:00:00.0000000,101,2020-09-30 00:00:00.0000000,2019-10-01 00:00:00.0000000,,0,0,1
40,724912,0.682603531,0,0,682603531,0,0,1,2019-03-05 00:00:00.0000000,2019-03-05 00:00:00.0000000,NULL,NULL,NULL,NULL,1,,1,1
40,700255,0.994306083,3070.29185,0,994306083,0,3070,29185,9,2019-09-25 00:00:00.0000000,2018-10-10 00:00:00.0000000,15,2020-06-10 00:00:00.0000000,2019-10-07 00:00:00.0000000,,0,0,1
40,426331,0.997919039,121359.456,0,997919039,0,121359,456,83,2019-09-24 00:00:00.0000000,2018-10-05 00:00:00.0000000,68,2020-09-22 00:00:00.0000000,2019-10-01 00:00:00.0000000,,0,0,1
40,430178,0.999409546,1584387.662,0,999409546,0,1584387,662,75,2019-09-30 00:00:00.0000000,2018-10-01 00:00:00.0000000,111,2020-09-30 00:00:00.0000000,2019-10-02 00:00:00.0000000,,0,0,1
40,748622,0.646851353,419.0994489,0,646851353,0,419,994489,5,2019-07-11 00:00:00.0000000,2019-05-22 00:00:00.0000000,5,2020-05-14 00:00:00.0000000,2019-10-28 00:00:00.0000000,,0,0,1
40,615890,0.999285189,30455.74529,0,999285189,0,30455,74529,62,2019-09-30 00:00:00.0000000,2018-10-15 00:00:00.0000000,88,2020-09-22 00:00:00.0000000,2019-10-01 00:00:00.0000000,,0,0,1
40,425722,0.985389843,7248.901269,0,985389843,0,7248,901269,4,2019-09-09 00:00:00.0000000,2018-10-09 00:00:00.0000000,9,2020-09-10 00:00:00.0000000,2019-10-01 00:00:00.0000000,,0,0,1
40,421904,0.994132001,4177.669843,0,994132001,0,4177,669843,28,2019-09-13 00:00:00.0000000,2018-10-05 00:00:00.0000000,18,2020-08-04 00:00:00.0000000,2019-10-03 00:00:00.0000000,,0,0,1
40,717770,0.592207566,3772.835594,0,592207566,0,3772,835594,16,2019-06-12 00:00:00.0000000,2018-10-02 00:00:00.0000000,NULL,NULL,NULL,,1,1,1
40,750125,0.789053147,0,0,789053147,0,0,1,2019-07-18 00:00:00.0000000,2019-07-18 00:00:00.0000000,NULL,NULL,NULL,NULL,1,,1,1
40,742614,0.052352917,35.19941237,0,52352917,1,35,19941237,3,2018-12-24 00:00:00.0000000,2018-12-11 00:00:00.0000000,NULL,NULL,NULL,,1,1,1
40,733597,0.999730514,506569.862,0,999730514,0,506569,862,164,2019-09-30 00:00:00.0000000,2018-10-02 00:00:00.0000000,137,2020-09-29 00:00:00.0000000,2019-10-02 00:00:00.0000000,,0,0,1
40,707305,0.67596911,0,0,67596911,0,0,1,2019-02-21 00:00:00.0000000,2019-02-21 00:00:00.0000000,14,2020-09-21 00:00:00.0000000,2019-10-08 00:00:00.0000000,NULL,0,,0,1
40,721057,0.998948266,34575.34777,0,998948266,0,34575,34777,81,2019-09-27 00:00:00.0000000,2018-10-01 00:00:00.0000000,54,2020-09-25 00:00:00.0000000,2019-10-02 00:00:00.0000000,,0,0,1
40,422566,0.999615414,43759.48502,0,999615414,0,43759,48502,115,2019-09-30 00:00:00.0000000,2018-10-01 00:00:00.0000000,77,2020-09-29 00:00:00.0000000,2019-10-08 00:00:00.0000000,,0,0,1
40,731027,0.970057647,4561.588064,0,970057647,0,4561,588064,2,2019-09-27 00:00:00.0000000,2019-09-06 00:00:00.0000000,18,2020-09-28 00:00:00.0000000,2019-10-09 00:00:00.0000000,,0,0,1
40,593623,0.99668929,14208.55653,0,99668929,0,14208,55653,42,2019-09-20 00:00:00.0000000,2018-10-03 00:00:00.0000000,54,2020-09-10 00:00:00.0000000,2019-10-09 00:00:00.0000000,,0,0,1
40,625674,0.995980662,49217.08022,0,995980662,0,49217,8022,31,2019-09-18 00:00:00.0000000,2018-10-10 00:00:00.0000000,30,2020-09-23 00:00:00.0000000,2019-10-02 00:00:00.0000000,,0,0,1
40,669526,0.945920122,22292.89171,0,945920122,0,22292,89171,7,2019-07-26 00:00:00.0000000,2019-02-13 00:00:00.0000000,3,2020-05-13 00:00:00.0000000,2020-01-27 00:00:00.0000000,,0,0,1
40,624022,0.992775209,59498.59105,0,992775209,0,59498,59105,21,2019-09-13 00:00:00.0000000,2018-12-17 00:00:00.0000000,30,2020-09-28 00:00:00.0000000,2019-10-25 00:00:00.0000000,,0,0,1
40,685717,0.999771065,6627519.421,0,999771065,0,6627519,421,193,2019-09-30 00:00:00.0000000,2018-10-01 00:00:00.0000000,214,2020-09-30 00:00:00.0000000,2019-10-01 00:00:00.0000000,,0,0,1
40,594701,0.688915136,543.7546252,0,688915136,0,543,7546252,2,2019-02-22 00:00:00.0000000,2019-01-17 00:00:00.0000000,1,2020-03-10 00:00:00.0000000,2020-03-10 00:00:00.0000000,,0,0,1
40,565119,0.994572952,6702.960629,0,994572952,0,6702,960629,13,2019-09-17 00:00:00.0000000,2018-10-02 00:00:00.0000000,5,2020-06-27 00:00:00.0000000,2019-10-08 00:00:00.0000000,,0,0,1
40,429974,0.474298556,1292.961705,0,474298556,1,1292,961705,6,2019-03-06 00:00:00.0000000,2018-10-19 00:00:00.0000000,NULL,NULL,NULL,,1,1,1
40,707529,0.981073204,729.3508622,0,981073204,0,729,3508622,6,2019-08-14 00:00:00.0000000,2018-11-29 00:00:00.0000000,2,2020-02-26 00:00:00.0000000,2019-12-16 00:00:00.0000000,,0,0,1
40,702494,0.083610399,11.42664829,0,83610399,1,11,42664829,2,2018-10-17 00:00:00.0000000,2018-10-16 00:00:00.0000000,NULL,NULL,NULL,,1,1,1
40,707650,0.633257947,0,0,633257947,0,0,1,2018-11-22 00:00:00.0000000,2018-11-22 00:00:00.0000000,NULL,NULL,NULL,NULL,1,,1,1
40,712793,0.309552948,612.3143752,0,309552948,1,612,3143752,5,2019-02-28 00:00:00.0000000,2018-12-04 00:00:00.0000000,8,2020-07-17 00:00:00.0000000,2019-10-17 00:00:00.0000000,,0,0,1
40,610582,0.997731974,47765.14472,0,997731974,0,47765,14472,36,2019-09-24 00:00:00.0000000,2018-10-18 00:00:00.0000000,42,2020-09-21 00:00:00.0000000,2019-10-18 00:00:00.0000000,,0,0,1
40,710812,0.969103855,225.0968274,0,969103855,0,225,968274,2,2019-08-22 00:00:00.0000000,2018-11-07 00:00:00.0000000,4,2020-07-27 00:00:00.0000000,2019-12-03 00:00:00.0000000,,0,0,1
40,423007,0.969947077,4202.788637,0,969947077,0,4202,788637,6,2019-07-19 00:00:00.0000000,2018-11-09 00:00:00.0000000,4,2020-08-05 00:00:00.0000000,2019-12-30 00:00:00.0000000,,0,0,1
40,748207,0.745379919,0,0,745379919,0,0,1,2019-06-04 00:00:00.0000000,2019-06-04 00:00:00.0000000,NULL,NULL,NULL,NULL,1,,1,1
40,693915,0.998009894,50182.39525,0,998009894,0,50182,39525,58,2019-09-24 00:00:00.0000000,2018-10-08 00:00:00.0000000,65,2020-09-22 00:00:00.0000000,2019-10-07 00:00:00.0000000,,0,0,1
40,553506,0.996721427,43721.86309,0,996721427,0,43721,86309,37,2019-09-20 00:00:00.0000000,2018-10-03 00:00:00.0000000,23,2020-08-18 00:00:00.0000000,2019-10-08 00:00:00.0000000,,0,0,1
40,738649,0.984418315,1070.239216,0,984418315,0,1070,239216,4,2019-09-13 00:00:00.0000000,2019-02-22 00:00:00.0000000,5,2020-09-04 00:00:00.0000000,2019-11-15 00:00:00.0000000,,0,0,1
40,705323,0.9905164,12153.2369,0,9905164,0,12153,2369,13,2019-09-12 00:00:00.0000000,2019-02-15 00:00:00.0000000,50,2020-09-21 00:00:00.0000000,2019-10-09 00:00:00.0000000,,0,0,1
40,750817,0.917901707,0,0,917901707,0,0,1,2019-09-25 00:00:00.0000000,2019-09-25 00:00:00.0000000,11,2020-09-07 00:00:00.0000000,2019-12-20 00:00:00.0000000,NULL,0,,0,1
40,649678,0.950166795,9614.082356,0,950166795,0,9614,82356,14,2019-07-25 00:00:00.0000000,2018-10-11 00:00:00.0000000,8,2020-09-15 00:00:00.0000000,2019-10-07 00:00:00.0000000,,0,0,1
40,626018,0.686031679,0,0,686031679,0,0,1,2019-03-11 00:00:00.0000000,2019-03-11 00:00:00.0000000,4,2020-09-30 00:00:00.0000000,2020-04-22 00:00:00.0000000,NULL,0,,0,1
40,648861,0.892476278,41266.55456,0,892476278,0,41266,55456,32,2019-08-16 00:00:00.0000000,2018-10-30 00:00:00.0000000,26,2020-09-14 00:00:00.0000000,2019-10-08 00:00:00.0000000,,0,0,1
40,422051,0.97247316,1861.474932,0,97247316,0,1861,474932,5,2019-08-02 00:00:00.0000000,2019-01-04 00:00:00.0000000,4,2020-08-25 00:00:00.0000000,2019-10-24 00:00:00.0000000,,0,0,1
40,694052,0.9690715,2439.318215,0,9690715,0,2439,318215,9,2019-07-22 00:00:00.0000000,2018-10-09 00:00:00.0000000,5,2020-09-07 00:00:00.0000000,2020-01-14 00:00:00.0000000,,0,0,1
40,702498,0.991379539,3456.69348,0,991379539,0,3456,69348,10,2019-09-09 00:00:00.0000000,2018-11-19 00:00:00.0000000,6,2020-09-01 00:00:00.0000000,2019-11-26 00:00:00.0000000,,0,0,1
40,546283,0.999826105,1052663.706,0,999826105,0,1052663,706,254,2019-09-30 00:00:00.0000000,2018-10-01 00:00:00.0000000,254,2020-09-30 00:00:00.0000000,2019-10-01 00:00:00.0000000,,0,0,1
40,428795,3.06E-14,8.09E-10,3,6.00E-14,1,8,9.00E-10,14,2018-10-19 00:00:00.0000000,2018-10-01 00:00:00.0000000,NULL,NULL,NULL,,1,1,1
40,431120,0.998918047,71625.65355,0,998918047,0,71625,65355,76,2019-09-27 00:00:00.0000000,2018-10-04 00:00:00.0000000,59,2020-09-28 00:00:00.0000000,2019-10-01 00:00:00.0000000,,0,0,1
40,713892,0.995570184,6056.934041,0,995570184,0,6056,934041,12,2019-09-25 00:00:00.0000000,2018-10-16 00:00:00.0000000,11,2020-08-18 00:00:00.0000000,2019-10-10 00:00:00.0000000,,0,0,1
40,651954,0.658593607,0,0,658593607,0,0,1,2019-01-18 00:00:00.0000000,2019-01-18 00:00:00.0000000,1,2020-01-10 00:00:00.0000000,2020-01-10 00:00:00.0000000,NULL,0,,0,1
40,612201,0.944624626,7963.176158,0,944624626,0,7963,176158,16,2019-08-01 00:00:00.0000000,2018-11-02 00:00:00.0000000,16,2020-09-28 00:00:00.0000000,2019-10-03 00:00:00.0000000,,0,0,1
40,733368,0.688360532,0,0,688360532,0,0,1,2019-03-15 00:00:00.0000000,2019-03-15 00:00:00.0000000,1,2019-10-22 00:00:00.0000000,2019-10-22 00:00:00.0000000,NULL,0,,0,1
40,705937,0.985824491,806.5121784,0,985824491,0,806,5121784,4,2019-09-12 00:00:00.0000000,2018-10-10 00:00:00.0000000,1,2019-11-08 00:00:00.0000000,2019-11-08 00:00:00.0000000,,0,0,1
40,716794,0.840110223,2530.426311,0,840110223,0,2530,426311,2,2019-01-24 00:00:00.0000000,2018-10-25 00:00:00.0000000,2,2020-01-20 00:00:00.0000000,2019-12-27 00:00:00.0000000,,0,0,1
40,748045,0.30653416,915.5349388,0,30653416,1,915,5349388,2,2019-04-12 00:00:00.0000000,2019-04-08 00:00:00.0000000,NULL,NULL,NULL,,1,1,1
40,632653,0.7338464,0,0,7338464,0,0,1,2019-05-21 00:00:00.0000000,2019-05-21 00:00:00.0000000,NULL,NULL,NULL,NULL,1,,1,1
40,428399,0.992457547,64302.99357,0,992457547,0,64302,99357,59,2019-09-16 00:00:00.0000000,2018-10-10 00:00:00.0000000,40,2020-09-21 00:00:00.0000000,2019-10-07 00:00:00.0000000,,0,0,1
40,587002,0.983237121,2499.735012,0,983237121,0,2499,735012,3,2019-09-25 00:00:00.0000000,2018-10-05 00:00:00.0000000,7,2020-09-22 00:00:00.0000000,2019-12-10 00:00:00.0000000,,0,0,1
40,428007,0.975697621,2743.201791,0,975697621,0,2743,201791,3,2019-08-13 00:00:00.0000000,2018-11-19 00:00:00.0000000,1,2020-05-11 00:00:00.0000000,2020-05-11 00:00:00.0000000,,0,0,1
40,580453,0.996594609,30882.1109,0,996594609,0,30882,1109,28,2019-09-20 00:00:00.0000000,2018-10-05 00:00:00.0000000,41,2020-09-30 00:00:00.0000000,2019-10-01 00:00:00.0000000,,0,0,1
40,660226,0.357823372,1118.20534,0,357823372,1,1118,20534,3,2019-05-30 00:00:00.0000000,2019-05-13 00:00:00.0000000,20,2020-09-29 00:00:00.0000000,2019-10-09 00:00:00.0000000,,0,0,1
40,584210,0.228973076,63.38290599,0,228973076,1,63,38290599,2,2019-01-28 00:00:00.0000000,2019-01-23 00:00:00.0000000,2,2020-09-03 00:00:00.0000000,2020-07-23 00:00:00.0000000,,0,0,1
40,517290,0.838225696,1706.934387,0,838225696,0,1706,934387,4,2019-04-30 00:00:00.0000000,2018-12-28 00:00:00.0000000,NULL,NULL,NULL,,1,1,1
40,730856,0.671175069,0,0,671175069,0,0,1,2019-02-12 00:00:00.0000000,2019-02-12 00:00:00.0000000,22,2020-09-23 00:00:00.0000000,2019-10-30 00:00:00.0000000,NULL,0,,0,1
40,674909,0.782433585,1591.472776,0,782433585,0,1591,472776,4,2019-03-22 00:00:00.0000000,2018-11-13 00:00:00.0000000,3,2020-03-25 00:00:00.0000000,2019-10-01 00:00:00.0000000,,0,0,1
40,653500,0.936020711,7253.034196,0,936020711,0,7253,34196,7,2019-06-11 00:00:00.0000000,2018-10-01 00:00:00.0000000,6,2020-09-22 00:00:00.0000000,2020-02-21 00:00:00.0000000,,0,0,1
40,432827,0.999453433,121813.4407,0,999453433,0,121813,4407,81,2019-09-30 00:00:00.0000000,2018-10-27 00:00:00.0000000,120,2020-09-30 00:00:00.0000000,2019-10-01 00:00:00.0000000,,0,0,1
40,737188,0.62449796,0,0,62449796,0,0,1,2018-10-31 00:00:00.0000000,2018-10-31 00:00:00.0000000,NULL,NULL,NULL,NULL,1,,1,1
40,667068,0.994582483,193330.0125,0,994582483,0,193330,125,11,2019-09-25 00:00:00.0000000,2019-03-27 00:00:00.0000000,15,2020-09-15 00:00:00.0000000,2019-10-16 00:00:00.0000000,,0,0,1
40,710888,0.977460601,1287.786362,0,977460601,0,1287,786362,3,2019-08-20 00:00:00.0000000,2018-11-08 00:00:00.0000000,3,2020-07-14 00:00:00.0000000,2019-10-08 00:00:00.0000000,,0,0,1
40,611166,0.998916593,46671.24316,0,998916593,0,46671,24316,41,2019-09-30 00:00:00.0000000,2018-10-05 00:00:00.0000000,30,2020-09-25 00:00:00.0000000,2019-10-11 00:00:00.0000000,,0,0,1
40,584446,0.983192435,181.8530973,0,983192435,0,181,8530973,3,2019-09-25 00:00:00.0000000,2018-10-31 00:00:00.0000000,1,2019-12-17 00:00:00.0000000,2019-12-17 00:00:00.0000000,,0,0,1
40,704568,0.993416944,17900.32746,0,993416944,0,17900,32746,9,2019-09-23 00:00:00.0000000,2019-02-19 00:00:00.0000000,15,2020-09-21 00:00:00.0000000,2019-10-22 00:00:00.0000000,,0,0,1
40,583328,0.99840859,12061.83609,0,99840859,0,12061,83609,28,2019-09-30 00:00:00.0000000,2018-10-30 00:00:00.0000000,19,2020-09-30 00:00:00.0000000,2019-10-22 00:00:00.0000000,,0,0,1
40,422939,0.994127863,11312.79038,0,994127863,0,11312,79038,11,2019-09-18 00:00:00.0000000,2018-10-11 00:00:00.0000000,7,2020-06-15 00:00:00.0000000,2019-10-09 00:00:00.0000000,,0,0,1
40,428699,0.972763145,2849.125918,0,972763145,0,2849,125918,7,2019-07-19 00:00:00.0000000,2018-10-02 00:00:00.0000000,11,2020-03-05 00:00:00.0000000,2019-10-31 00:00:00.0000000,,0,0,1
40,426909,0.996131075,16500.34162,0,996131075,0,16500,34162,16,2019-09-23 00:00:00.0000000,2018-10-30 00:00:00.0000000,12,2020-09-21 00:00:00.0000000,2019-10-30 00:00:00.0000000,,0,0,1
40,746846,0.67596911,0,0,67596911,0,0,1,2019-02-21 00:00:00.0000000,2019-02-21 00:00:00.0000000,NULL,NULL,NULL,NULL,1,,1,1
40,578207,0.968843883,4675.42713,0,968843883,0,4675,42713,8,2019-07-31 00:00:00.0000000,2018-12-11 00:00:00.0000000,7,2020-08-05 00:00:00.0000000,2019-10-10 00:00:00.0000000,,0,0,1
40,596861,0.99825783,93646.83179,0,99825783,0,93646,83179,105,2019-09-25 00:00:00.0000000,2018-10-01 00:00:00.0000000,43,2020-09-29 00:00:00.0000000,2019-10-02 00:00:00.0000000,,0,0,1
40,572060,0.996744367,18793.76214,0,996744367,0,18793,76214,21,2019-09-23 00:00:00.0000000,2018-10-30 00:00:00.0000000,36,2020-09-29 00:00:00.0000000,2019-10-01 00:00:00.0000000,,0,0,1
40,732355,0.995484731,17239.80909,0,995484731,0,17239,80909,11,2019-09-27 00:00:00.0000000,2018-10-31 00:00:00.0000000,9,2020-08-03 00:00:00.0000000,2019-10-17 00:00:00.0000000,,0,0,1
40,734712,0.985989299,3945.430481,0,985989299,0,3945,430481,4,2019-09-20 00:00:00.0000000,2019-03-06 00:00:00.0000000,7,2020-05-12 00:00:00.0000000,2019-12-31 00:00:00.0000000,,0,0,1
40,429635,0.083262701,32130.2595,0,83262701,1,32130,2595,83,2019-08-19 00:00:00.0000000,2018-10-01 00:00:00.0000000,87,2020-09-21 00:00:00.0000000,2019-10-04 00:00:00.0000000,,0,0,1
40,525234,0.999681949,218991.2294,0,999681949,0,218991,2294,139,2019-09-30 00:00:00.0000000,2018-10-01 00:00:00.0000000,117,2020-09-30 00:00:00.0000000,2019-10-03 00:00:00.0000000,,0,0,1
40,435491,0.998182118,173061.1723,0,998182118,0,173061,1723,188,2019-09-26 00:00:00.0000000,2018-10-03 00:00:00.0000000,163,2020-09-30 00:00:00.0000000,2019-10-01 00:00:00.0000000,,0,0,1
40,611739,0.703780667,0,0,703780667,0,0,1,2019-04-09 00:00:00.0000000,2019-04-09 00:00:00.0000000,NULL,NULL,NULL,NULL,1,,1,1
40,597528,0.992094226,4493.803153,0,992094226,0,4493,803153,14,2019-09-09 00:00:00.0000000,2018-11-15 00:00:00.0000000,21,2020-09-23 00:00:00.0000000,2019-10-15 00:00:00.0000000,,0,0,1
40,623726,0.973935991,3235.397912,0,973935991,0,3235,397912,4,2019-08-06 00:00:00.0000000,2019-01-07 00:00:00.0000000,NULL,NULL,NULL,,1,1,1
40,599524,0.980620731,1590.319266,0,980620731,0,1590,319266,4,2019-08-21 00:00:00.0000000,2018-12-05 00:00:00.0000000,1,2020-07-24 00:00:00.0000000,2020-07-24 00:00:00.0000000,,0,0,1
40,464918,0.997394129,11436.86796,0,997394129,0,11436,86796,30,2019-09-23 00:00:00.0000000,2018-10-01 00:00:00.0000000,29,2020-09-30 00:00:00.0000000,2019-10-28 00:00:00.0000000,,0,0,1
40,690325,0.911640334,1804.223634,0,911640334,0,1804,223634,2,2019-03-12 00:00:00.0000000,2018-10-15 00:00:00.0000000,NULL,NULL,NULL,,1,1,1
40,748939,0.982990548,13453.36438,0,982990548,0,13453,36438,6,2019-09-18 00:00:00.0000000,2019-07-09 00:00:00.0000000,22,2020-09-28 00:00:00.0000000,2019-10-07 00:00:00.0000000,,0,0,1
40,623077,0.694954133,0,0,694954133,0,0,1,2019-03-26 00:00:00.0000000,2019-03-26 00:00:00.0000000,NULL,NULL,NULL,NULL,1,,1,1
40,672262,0.998720403,33757.90333,0,998720403,0,33757,90333,54,2019-09-27 00:00:00.0000000,2018-10-08 00:00:00.0000000,37,2020-09-29 00:00:00.0000000,2019-10-01 00:00:00.0000000,,0,0,1
40,718587,0.641247908,0,0,641247908,0,0,1,2018-12-11 00:00:00.0000000,2018-12-11 00:00:00.0000000,NULL,NULL,NULL,NULL,1,,1,1
40,653383,0.66201385,0,0,66201385,0,0,1,2019-01-25 00:00:00.0000000,2019-01-25 00:00:00.0000000,1,2019-12-31 00:00:00.0000000,2019-12-31 00:00:00.0000000,NULL,0,,0,1
40,713467,0.99827804,176470.7046,0,99827804,0,176470,7046,102,2019-09-25 00:00:00.0000000,2018-10-01 00:00:00.0000000,87,2020-09-30 00:00:00.0000000,2019-10-15 00:00:00.0000000,,0,0,1
40,722496,0.994506601,6776.934699,0,994506601,0,6776,934699,16,2019-09-17 00:00:00.0000000,2018-12-04 00:00:00.0000000,11,2020-09-29 00:00:00.0000000,2019-11-22 00:00:00.0000000,,0,0,1
40,430739,0.872252324,8569.917611,0,872252324,0,8569,917611,2,2019-09-05 00:00:00.0000000,2019-08-30 00:00:00.0000000,8,2020-06-30 00:00:00.0000000,2020-02-05 00:00:00.0000000,,0,0,1
40,469833,0.954125113,9327.131179,0,954125113,0,9327,131179,2,2019-06-12 00:00:00.0000000,2018-10-29 00:00:00.0000000,5,2020-06-03 00:00:00.0000000,2019-10-16 00:00:00.0000000,,0,0,1
40,431177,0.993395665,9353.922277,0,993395665,0,9353,922277,16,2019-09-11 00:00:00.0000000,2018-10-18 00:00:00.0000000,16,2020-08-25 00:00:00.0000000,2019-10-14 00:00:00.0000000,,0,0,1
40,430372,0.999774574,892112.5399,0,999774574,0,892112,5399,196,2019-09-30 00:00:00.0000000,2018-10-01 00:00:00.0000000,196,2020-09-30 00:00:00.0000000,2019-10-01 00:00:00.0000000,,0,0,1
40,588186,0.628274759,834.0407352,0,628274759,0,834,407352,2,2019-04-15 00:00:00.0000000,2019-03-26 00:00:00.0000000,NULL,NULL,NULL,,1,1,1
40,724633,0.38545575,328.5942529,0,38545575,1,328,5942529,3,2018-12-14 00:00:00.0000000,2018-10-23 00:00:00.0000000,NULL,NULL,NULL,,1,1,1
40,730561,0.865371746,11622.61347,0,865371746,0,11622,61347,5,2019-07-22 00:00:00.0000000,2019-05-07 00:00:00.0000000,NULL,NULL,NULL,,1,1,1
40,737090,0.874094198,2650.877399,0,874094198,0,2650,877399,7,2019-06-12 00:00:00.0000000,2018-12-17 00:00:00.0000000,9,2020-09-25 00:00:00.0000000,2019-10-10 00:00:00.0000000,,0,0,1
40,423023,0.999659884,1.65E+07,0,999659884,0,16500000,130,2019-09-30 00:00:00.0000000,2018-10-01 00:00:00.0000000,131,2020-09-30 00:00:00.0000000,2019-10-01 00:00:00.0000000,NULL,0,,0,1
40,617048,0.962041128,4214.601749,0,962041128,0,4214,601749,3,2019-09-05 00:00:00.0000000,2019-07-12 00:00:00.0000000,NULL,NULL,NULL,,1,1,1
40,464295,0.996131075,2228.831763,0,996131075,0,2228,831763,16,2019-09-23 00:00:00.0000000,2018-10-30 00:00:00.0000000,15,2020-09-23 00:00:00.0000000,2019-10-30 00:00:00.0000000,,0,0,1
40,655825,0.994501866,4504.382279,0,994501866,0,4504,382279,11,2019-09-20 00:00:00.0000000,2018-10-04 00:00:00.0000000,3,2020-01-03 00:00:00.0000000,2019-12-04 00:00:00.0000000,,0,0,1
40,689447,0.994963902,16448.42099,0,994963902,0,16448,42099,32,2019-09-16 00:00:00.0000000,2018-10-22 00:00:00.0000000,7,2020-05-13 00:00:00.0000000,2019-10-25 00:00:00.0000000,,0,0,1
40,435908,0.994300003,7961.388445,0,994300003,0,7961,388445,23,2019-09-13 00:00:00.0000000,2018-10-08 00:00:00.0000000,32,2020-09-28 00:00:00.0000000,2019-10-02 00:00:00.0000000,,0,0,1
40,745086,0.655247799,0,0,655247799,0,0,1,2019-01-11 00:00:00.0000000,2019-01-11 00:00:00.0000000,NULL,NULL,NULL,NULL,1,,1,1
40,666456,0.839821757,1780.815029,0,839821757,0,1780,815029,4,2019-03-22 00:00:00.0000000,2018-10-16 00:00:00.0000000,4,2020-09-25 00:00:00.0000000,2020-07-30 00:00:00.0000000,,0,0,1
40,425368,0.98858699,1447.389475,0,98858699,0,1447,389475,6,2019-09-05 00:00:00.0000000,2018-10-08 00:00:00.0000000,4,2020-06-03 00:00:00.0000000,2019-10-29 00:00:00.0000000,,0,0,1
40,740190,0.675428983,0,0,675428983,0,0,1,2019-02-20 00:00:00.0000000,2019-02-20 00:00:00.0000000,4,2019-10-28 00:00:00.0000000,2019-10-15 00:00:00.0000000,NULL,0,,0,1
40,735552,0.895589743,2881.587231,0,895589743,0,2881,587231,2,2019-03-04 00:00:00.0000000,2018-10-30 00:00:00.0000000,NULL,NULL,NULL,,1,1,1
40,674478,0.931540868,967.7179029,0,931540868,0,967,7179029,2,2019-07-02 00:00:00.0000000,2019-04-03 00:00:00.0000000,5,2020-06-30 00:00:00.0000000,2019-11-22 00:00:00.0000000,,0,0,1
40,435983,0.998505714,40977.82891,0,998505714,0,40977,82891,52,2019-09-26 00:00:00.0000000,2018-10-02 00:00:00.0000000,23,2020-09-03 00:00:00.0000000,2019-11-07 00:00:00.0000000,,0,0,1
40,621652,0.674890751,0,0,674890751,0,0,1,2019-02-19 00:00:00.0000000,2019-02-19 00:00:00.0000000,2,2020-03-11 00:00:00.0000000,2019-12-30 00:00:00.0000000,NULL,0,,0,1
40,621714,0.997151993,2160.327003,0,997151993,0,2160,327003,25,2019-09-23 00:00:00.0000000,2018-10-01 00:00:00.0000000,23,2020-09-21 00:00:00.0000000,2019-10-21 00:00:00.0000000,,0,0,1
40,427233,0.994288329,3179.02555,0,994288329,0,3179,2555,8,2019-09-30 00:00:00.0000000,2018-10-24 00:00:00.0000000,1,2020-01-31 00:00:00.0000000,2020-01-31 00:00:00.0000000,,0,0,1
40,423927,0.999328693,19991.20778,0,999328693,0,19991,20778,66,2019-09-30 00:00:00.0000000,2018-10-11 00:00:00.0000000,64,2020-09-29 00:00:00.0000000,2019-10-01 00:00:00.0000000,,0,0,1
40,464256,0.895235901,5921.199804,0,895235901,0,5921,199804,5,2019-05-20 00:00:00.0000000,2018-11-27 00:00:00.0000000,4,2020-04-20 00:00:00.0000000,2020-01-31 00:00:00.0000000,,0,0,1
40,682983,0.996288966,16725.59637,0,996288966,0,16725,59637,33,2019-09-19 00:00:00.0000000,2018-10-13 00:00:00.0000000,26,2020-09-24 00:00:00.0000000,2019-10-01 00:00:00.0000000,,0,0,1
40,608799,0.745379919,0,0,745379919,0,0,1,2019-06-04 00:00:00.0000000,2019-06-04 00:00:00.0000000,NULL,NULL,NULL,NULL,1,,1,1
40,547584,0.99840859,1339713.945,0,99840859,0,1339713,945,28,2019-09-30 00:00:00.0000000,2019-04-12 00:00:00.0000000,47,2020-09-30 00:00:00.0000000,2019-10-01 00:00:00.0000000,,0,0,1
40,679320,0.422874652,1354.482683,0,422874652,1,1354,482683,6,2019-05-22 00:00:00.0000000,2019-03-04 00:00:00.0000000,5,2020-01-23 00:00:00.0000000,2019-10-01 00:00:00.0000000,,0,0,1
40,742712,0.619547605,0,0,619547605,0,0,1,2018-10-18 00:00:00.0000000,2018-10-18 00:00:00.0000000,NULL,NULL,NULL,NULL,1,,1,1
40,424172,0.616946906,0,0,616946906,0,0,1,2018-10-11 00:00:00.0000000,2018-10-11 00:00:00.0000000,NULL,NULL,NULL,NULL,1,,1,1
40,605107,0.971760071,991.1419395,0,971760071,0,991,1419395,2,2019-09-10 00:00:00.0000000,2018-11-23 00:00:00.0000000,4,2020-05-07 00:00:00.0000000,2019-12-20 00:00:00.0000000,,0,0,1
40,429784,0.996448761,4726.159874,0,996448761,0,4726,159874,18,2019-09-23 00:00:00.0000000,2018-10-23 00:00:00.0000000,9,2020-09-15 00:00:00.0000000,2019-11-06 00:00:00.0000000,,0,0,1
40,636407,0.703132936,0,0,703132936,0,0,1,2019-04-08 00:00:00.0000000,2019-04-08 00:00:00.0000000,1,2020-09-02 00:00:00.0000000,2020-09-02 00:00:00.0000000,NULL,0,,0,1
40,575966,0.997900423,12894.98581,0,997900423,0,12894,98581,33,2019-09-25 00:00:00.0000000,2018-10-02 00:00:00.0000000,25,2020-09-28 00:00:00.0000000,2019-10-16 00:00:00.0000000,,0,0,1
40,710428,0.996392038,262412.2335,0,996392038,0,262412,2335,37,2019-09-19 00:00:00.0000000,2018-10-01 00:00:00.0000000,66,2020-09-25 00:00:00.0000000,2019-10-01 00:00:00.0000000,,0,0,1
40,656883,0.895763621,1694.795072,0,895763621,0,1694,795072,3,2019-03-21 00:00:00.0000000,2018-10-10 00:00:00.0000000,1,2020-04-01 00:00:00.0000000,2020-04-01 00:00:00.0000000,,0,0,1
40,599450,0.751503482,0,0,751503482,0,0,1,2019-06-11 00:00:00.0000000,2019-06-11 00:00:00.0000000,NULL,NULL,NULL,NULL,1,,1,1
40,630349,0.752778694,835.7555901,0,752778694,0,835,7555901,6,2019-05-20 00:00:00.0000000,2019-01-08 00:00:00.0000000,4,2020-07-22 00:00:00.0000000,2019-12-20 00:00:00.0000000,,0,0,1
40,674735,0.998888323,146857.702,0,998888323,0,146857,702,97,2019-09-27 00:00:00.0000000,2018-11-14 00:00:00.0000000,148,2020-09-30 00:00:00.0000000,2019-10-01 00:00:00.0000000,,0,0,1
40,501762,0.852194548,57.55010628,0,852194548,0,57,55010628,2,2019-02-13 00:00:00.0000000,2018-11-14 00:00:00.0000000,NULL,NULL,NULL,,1,1,1
40,427757,0.997336823,5270.16617,0,997336823,0,5270,16617,21,2019-09-26 00:00:00.0000000,2018-10-03 00:00:00.0000000,13,2020-09-22 00:00:00.0000000,2019-11-11 00:00:00.0000000,,0,0,1
40,623986,0.103690225,267.5865471,0,103690225,1,267,5865471,4,2019-01-14 00:00:00.0000000,2018-12-03 00:00:00.0000000,8,2020-09-23 00:00:00.0000000,2019-10-04 00:00:00.0000000,,0,0,1
40,559730,0.994121316,8135.730584,0,994121316,0,8135,730584,11,2019-09-20 00:00:00.0000000,2018-12-11 00:00:00.0000000,5,2020-09-11 00:00:00.0000000,2019-10-04 00:00:00.0000000,,0,0,1
40,494903,0.969866415,44931.1797,0,969866415,0,44931,1797,3,2019-07-17 00:00:00.0000000,2018-10-30 00:00:00.0000000,NULL,NULL,NULL,,1,1,1
40,674939,0.990836466,8906.575815,0,990836466,0,8906,575815,15,2019-09-03 00:00:00.0000000,2018-10-08 00:00:00.0000000,5,2020-07-15 00:00:00.0000000,2019-12-23 00:00:00.0000000,,0,0,1
40,559442,0.920951774,7261.974677,0,920951774,0,7261,974677,11,2019-07-03 00:00:00.0000000,2018-10-15 00:00:00.0000000,24,2020-08-18 00:00:00.0000000,2019-10-08 00:00:00.0000000,,0,0,1
40,698894,0.648143975,861.7475899,0,648143975,0,861,7475899,3,2019-02-25 00:00:00.0000000,2018-12-19 00:00:00.0000000,1,2020-03-10 00:00:00.0000000,2020-03-10 00:00:00.0000000,,0,0,1
40,465473,0.044370479,1841.265408,0,44370479,1,1841,265408,16,2019-04-25 00:00:00.0000000,2018-10-10 00:00:00.0000000,1,2019-10-29 00:00:00.0000000,2019-10-29 00:00:00.0000000,,0,0,1
40,632053,0.921684789,0,0,921684789,0,0,1,2019-09-26 00:00:00.0000000,2019-09-26 00:00:00.0000000,NULL,NULL,NULL,NULL,1,,1,1
40,600960,0.828475483,769.8282723,0,828475483,0,769,8282723,3,2019-02-27 00:00:00.0000000,2018-10-29 00:00:00.0000000,NULL,NULL,NULL,,1,1,1
40,659527,0.905121776,576.8210732,0,905121776,0,576,8210732,2,2019-04-24 00:00:00.0000000,2019-01-09 00:00:00.0000000,NULL,NULL,NULL,,1,1,1
40,658007,0.997561867,92889.31805,0,997561867,0,92889,31805,64,2019-09-23 00:00:00.0000000,2018-10-15 00:00:00.0000000,72,2020-09-22 00:00:00.0000000,2019-10-18 00:00:00.0000000,,0,0,1
40,593624,0.996236906,49024.17839,0,996236906,0,49024,17839,12,2019-09-30 00:00:00.0000000,2019-04-15 00:00:00.0000000,62,2020-09-29 00:00:00.0000000,2019-10-09 00:00:00.0000000,,0,0,1
40,557725,0.418023637,470.2513397,0,418023637,1,470,2513397,3,2018-12-18 00:00:00.0000000,2018-10-24 00:00:00.0000000,1,2020-08-27 00:00:00.0000000,2020-08-27 00:00:00.0000000,,0,0,1
40,425936,0.995200199,54850.57338,0,995200199,0,54850,57338,27,2019-09-16 00:00:00.0000000,2018-10-17 00:00:00.0000000,27,2020-08-26 00:00:00.0000000,2019-10-03 00:00:00.0000000,,0,0,1
40,433626,0.994794108,5507.183216,0,994794108,0,5507,183216,10,2019-09-25 00:00:00.0000000,2018-10-23 00:00:00.0000000,7,2020-09-08 00:00:00.0000000,2019-11-28 00:00:00.0000000,,0,0,1
40,431783,0.998617492,306681.8342,0,998617492,0,306681,8342,129,2019-09-26 00:00:00.0000000,2018-10-01 00:00:00.0000000,161,2020-09-30 00:00:00.0000000,2019-10-04 00:00:00.0000000,,0,0,1
40,427122,0.709064473,0,0,709064473,0,0,1,2019-04-17 00:00:00.0000000,2019-04-17 00:00:00.0000000,1,2020-03-20 00:00:00.0000000,2020-03-20 00:00:00.0000000,NULL,0,,0,1
40,633438,0.995506822,590.4789783,0,995506822,0,590,4789783,13,2019-09-23 00:00:00.0000000,2018-10-30 00:00:00.0000000,16,2020-09-21 00:00:00.0000000,2019-10-30 00:00:00.0000000,,0,0,1
40,708982,0.135254431,78.05728078,0,135254431,1,78,5728078,5,2019-01-08 00:00:00.0000000,2018-10-23 00:00:00.0000000,NULL,NULL,NULL,,1,1,1
40,735531,0.99746864,14981.62915,0,99746864,0,14981,62915,23,2019-09-26 00:00:00.0000000,2018-10-30 00:00:00.0000000,35,2020-09-21 00:00:00.0000000,2019-10-15 00:00:00.0000000,,0,0,1
40,686416,0.489284859,967.7427865,0,489284859,1,967,7427865,5,2019-02-19 00:00:00.0000000,2018-10-25 00:00:00.0000000,1,2020-05-04 00:00:00.0000000,2020-05-04 00:00:00.0000000,,0,0,1
40,596347,0.989963448,36354.65819,0,989963448,0,36354,65819,44,2019-09-11 00:00:00.0000000,2018-10-03 00:00:00.0000000,63,2020-09-24 00:00:00.0000000,2019-10-01 00:00:00.0000000,,0,0,1
40,725803,0.996928528,9094.394398,0,996928528,0,9094,394398,22,2019-09-23 00:00:00.0000000,2018-10-04 00:00:00.0000000,17,2020-09-25 00:00:00.0000000,2019-10-30 00:00:00.0000000,,0,0,1
40,667925,0.641196349,2438.831188,0,641196349,0,2438,831188,2,2019-02-26 00:00:00.0000000,2019-01-28 00:00:00.0000000,1,2020-05-21 00:00:00.0000000,2020-05-21 00:00:00.0000000,,0,0,1
40,741423,0.674890751,0,0,674890751,0,0,1,2019-02-19 00:00:00.0000000,2019-02-19 00:00:00.0000000,1,2020-03-09 00:00:00.0000000,2020-03-09 00:00:00.0000000,NULL,0,,0,1
40,652565,0.999754505,863624.7939,0,999754505,0,863624,7939,180,2019-09-30 00:00:00.0000000,2018-10-01 00:00:00.0000000,182,2020-09-30 00:00:00.0000000,2019-10-01 00:00:00.0000000,,0,0,1
40,688115,0.555631906,1516.581036,0,555631906,0,1516,581036,2,2019-04-29 00:00:00.0000000,2019-04-16 00:00:00.0000000,1,2020-01-29 00:00:00.0000000,2020-01-29 00:00:00.0000000,,0,0,1
40,731857,0.881908504,3831.393246,0,881908504,0,3831,393246,14,2019-07-03 00:00:00.0000000,2018-10-01 00:00:00.0000000,NULL,NULL,NULL,,1,1,1
40,593708,0.687774986,0,0,687774986,0,0,1,2019-03-14 00:00:00.0000000,2019-03-14 00:00:00.0000000,NULL,NULL,NULL,NULL,1,,1,1
40,661145,0.975227564,234.3488413,0,975227564,0,234,3488413,4,2019-07-25 00:00:00.0000000,2018-10-19 00:00:00.0000000,NULL,NULL,NULL,,1,1,1
40,527953,0.999651832,36118.16707,0,999651832,0,36118,16707,127,2019-09-30 00:00:00.0000000,2018-10-01 00:00:00.0000000,137,2020-09-30 00:00:00.0000000,2019-10-02 00:00:00.0000000,,0,0,1
40,610893,0.708393843,0,0,708393843,0,0,1,2019-04-16 00:00:00.0000000,2019-04-16 00:00:00.0000000,NULL,NULL,NULL,NULL,1,,1,1
40,429228,0.998592958,110968.5024,0,998592958,0,110968,5024,46,2019-09-27 00:00:00.0000000,2018-10-08 00:00:00.0000000,46,2020-09-28 00:00:00.0000000,2019-10-02 00:00:00.0000000,,0,0,1
40,431152,0.998013496,108258.9845,0,998013496,0,108258,9845,74,2019-09-24 00:00:00.0000000,2018-10-01 00:00:00.0000000,78,2020-09-23 00:00:00.0000000,2019-10-08 00:00:00.0000000,,0,0,1
40,431962,0.997693386,88911.36196,0,997693386,0,88911,36196,59,2019-09-23 00:00:00.0000000,2018-10-03 00:00:00.0000000,47,2020-09-21 00:00:00.0000000,2019-10-25 00:00:00.0000000,,0,0,1
40,743150,0.971552596,3450.437728,0,971552596,0,3450,437728,10,2019-08-07 00:00:00.0000000,2018-12-05 00:00:00.0000000,1,2020-02-24 00:00:00.0000000,2020-02-24 00:00:00.0000000,,0,0,1
40,425064,0.99920171,156444.434,0,99920171,0,156444,434,90,2019-09-28 00:00:00.0000000,2018-10-01 00:00:00.0000000,75,2020-09-28 00:00:00.0000000,2019-10-01 00:00:00.0000000,,0,0,1
40,425013,0.971428205,596.1567068,0,971428205,0,596,1567068,2,2019-09-12 00:00:00.0000000,2019-01-23 00:00:00.0000000,3,2020-01-28 00:00:00.0000000,2019-12-30 00:00:00.0000000,,0,0,1
40,427753,0.998881784,1915106.373,0,998881784,0,1915106,373,200,2019-09-27 00:00:00.0000000,2018-10-01 00:00:00.0000000,182,2020-09-30 00:00:00.0000000,2019-10-01 00:00:00.0000000,,0,0,1
40,710943,0.953169428,158.6271809,0,953169428,0,158,6271809,3,2019-06-11 00:00:00.0000000,2018-11-21 00:00:00.0000000,NULL,NULL,NULL,,1,1,1
40,435952,0.999701326,71759.17264,0,999701326,0,71759,17264,148,2019-09-30 00:00:00.0000000,2018-10-01 00:00:00.0000000,162,2020-09-30 00:00:00.0000000,2019-10-01 00:00:00.0000000,,0,0,1
40,510872,0.055301732,183.1388785,0,55301732,1,183,1388785,6,2019-06-10 00:00:00.0000000,2019-05-10 00:00:00.0000000,NULL,NULL,NULL,,1,1,1
40,492789,0.999809595,1869562.186,0,999809595,0,1869562,186,232,2019-09-30 00:00:00.0000000,2018-10-02 00:00:00.0000000,203,2020-09-30 00:00:00.0000000,2019-10-01 00:00:00.0000000,,0,0,1
40,730547,0.707726167,0,0,707726167,0,0,1,2019-04-15 00:00:00.0000000,2019-04-15 00:00:00.0000000,NULL,NULL,NULL,NULL,1,,1,1
40,426717,0.999821171,1.46E+07,0,999821171,0,14600000,247,2019-09-30 00:00:00.0000000,2018-10-01 00:00:00.0000000,251,2020-09-30 00:00:00.0000000,2019-10-01 00:00:00.0000000,NULL,0,,0,1
40,564128,0.782777748,1586.471019,0,782777748,0,1586,471019,6,2019-05-29 00:00:00.0000000,2019-01-18 00:00:00.0000000,4,2020-09-07 00:00:00.0000000,2019-10-21 00:00:00.0000000,,0,0,1
40,739564,0.983829469,501.3294352,0,983829469,0,501,3294352,4,2019-09-13 00:00:00.0000000,2019-03-20 00:00:00.0000000,NULL,NULL,NULL,,1,1,1
40,694355,0.992813722,2484.679935,0,992813722,0,2484,679935,7,2019-09-25 00:00:00.0000000,2018-10-11 00:00:00.0000000,5,2020-09-29 00:00:00.0000000,2019-12-31 00:00:00.0000000,,0,0,1
40,707801,0.979691611,1911.207062,0,979691611,0,1911,207062,10,2019-08-12 00:00:00.0000000,2018-11-06 00:00:00.0000000,NULL,NULL,NULL,,1,1,1
40,527412,0.999807937,1218554.26,0,999807937,0,1218554,26,230,2019-09-30 00:00:00.0000000,2018-10-02 00:00:00.0000000,194,2020-09-30 00:00:00.0000000,2019-10-01 00:00:00.0000000,,0,0,1
40,464319,0.993012891,9857.325321,0,993012891,0,9857,325321,15,2019-09-10 00:00:00.0000000,2018-10-19 00:00:00.0000000,13,2020-09-30 00:00:00.0000000,2019-12-09 00:00:00.0000000,,0,0,1
40,430413,0.998756611,24519.50744,0,998756611,0,24519,50744,56,2019-09-27 00:00:00.0000000,2018-10-01 00:00:00.0000000,46,2020-09-25 00:00:00.0000000,2019-10-11 00:00:00.0000000,,0,0,1
40,586218,0.993266024,14203.76806,0,993266024,0,14203,76806,9,2019-09-19 00:00:00.0000000,2018-11-08 00:00:00.0000000,18,2020-09-30 00:00:00.0000000,2019-11-04 00:00:00.0000000,,0,0,1
40,616007,0.592546271,573.0355517,0,592546271,0,573,355517,5,2019-03-01 00:00:00.0000000,2018-10-22 00:00:00.0000000,4,2020-08-06 00:00:00.0000000,2020-06-12 00:00:00.0000000,,0,0,1
40,673838,0.96098095,2944.897819,0,96098095,0,2944,897819,4,2019-06-25 00:00:00.0000000,2018-11-06 00:00:00.0000000,7,2020-06-08 00:00:00.0000000,2019-12-31 00:00:00.0000000,,0,0,1
40,513385,0.992829647,14926.7342,0,992829647,0,14926,7342,27,2019-09-10 00:00:00.0000000,2018-10-01 00:00:00.0000000,13,2020-09-15 00:00:00.0000000,2019-11-27 00:00:00.0000000,,0,0,1
40,424880,0.998864461,28338.77925,0,998864461,0,28338,77925,67,2019-09-27 00:00:00.0000000,2018-10-01 00:00:00.0000000,59,2020-09-29 00:00:00.0000000,2019-10-04 00:00:00.0000000,,0,0,1
40,423348,0.069101009,179.1860695,0,69101009,1,179,1860695,4,2019-03-07 00:00:00.0000000,2019-02-08 00:00:00.0000000,NULL,NULL,NULL,,1,1,1
40,435139,0.884247778,634.2165702,0,884247778,0,634,2165702,3,2019-06-03 00:00:00.0000000,2019-03-06 00:00:00.0000000,1,2020-01-30 00:00:00.0000000,2020-01-30 00:00:00.0000000,,0,0,1
40,601503,0.985154568,204.6580961,0,985154568,0,204,6580961,4,2019-09-10 00:00:00.0000000,2018-11-19 00:00:00.0000000,1,2020-06-30 00:00:00.0000000,2020-06-30 00:00:00.0000000,,0,0,1
40,578734,0.998140278,8639.140599,0,998140278,0,8639,140599,24,2019-09-30 00:00:00.0000000,2018-10-10 00:00:00.0000000,15,2020-09-22 00:00:00.0000000,2019-10-30 00:00:00.0000000,,0,0,1
40,750709,0.790220413,0,0,790220413,0,0,1,2019-07-19 00:00:00.0000000,2019-07-19 00:00:00.0000000,5,2020-02-11 00:00:00.0000000,2020-01-15 00:00:00.0000000,NULL,0,,0,1
40,654063,0.991215737,176.9456035,0,991215737,0,176,9456035,7,2019-09-16 00:00:00.0000000,2018-11-21 00:00:00.0000000,11,2020-09-15 00:00:00.0000000,2020-01-02 00:00:00.0000000,,0,0,1
40,724375,0.666337708,189.0516828,0,666337708,0,189,516828,2,2018-12-10 00:00:00.0000000,2018-10-25 00:00:00.0000000,NULL,NULL,NULL,,1,1,1
40,493235,0.990671571,5537.799367,0,990671571,0,5537,799367,10,2019-09-03 00:00:00.0000000,2018-10-02 00:00:00.0000000,7,2020-09-17 00:00:00.0000000,2019-11-19 00:00:00.0000000,,0,0,1
40,686154,0.970868589,2493.576628,0,970868589,0,2493,576628,2,2019-09-02 00:00:00.0000000,2018-10-30 00:00:00.0000000,NULL,NULL,NULL,,1,1,1
40,432708,0.979727221,11532.53544,0,979727221,0,11532,53544,17,2019-08-21 00:00:00.0000000,2018-10-29 00:00:00.0000000,9,2020-08-25 00:00:00.0000000,2019-10-15 00:00:00.0000000,,0,0,1
40,693224,0.988285988,9486.546165,0,988285988,0,9486,546165,13,2019-08-30 00:00:00.0000000,2018-11-07 00:00:00.0000000,10,2020-09-26 00:00:00.0000000,2019-10-25 00:00:00.0000000,,0,0,1
40,672623,0.993721955,20820.37347,0,993721955,0,20820,37347,27,2019-09-13 00:00:00.0000000,2018-10-26 00:00:00.0000000,11,2020-02-20 00:00:00.0000000,2019-10-29 00:00:00.0000000,,0,0,1
40,426482,0.98878688,3028.5236,0,98878688,0,3028,5236,7,2019-09-06 00:00:00.0000000,2018-12-07 00:00:00.0000000,NULL,NULL,NULL,,1,1,1
40,594134,0.995018562,3979.575429,0,995018562,0,3979,575429,17,2019-09-16 00:00:00.0000000,2018-10-01 00:00:00.0000000,18,2020-09-03 00:00:00.0000000,2019-10-21 00:00:00.0000000,,0,0,1
40,651435,0.945917838,91.8310129,0,945917838,0,91,8310129,2,2019-05-08 00:00:00.0000000,2018-10-02 00:00:00.0000000,1,2020-03-16 00:00:00.0000000,2020-03-16 00:00:00.0000000,,0,0,1
40,546601,1.04E-04,0.502515392,0,104,1,0,502515392,11,2018-12-26 00:00:00.0000000,2018-10-01 00:00:00.0000000,NULL,NULL,NULL,,1,1,1
40,697723,0.898223619,0,0,898223619,0,0,1,2019-09-19 00:00:00.0000000,2019-09-19 00:00:00.0000000,3,2020-05-29 00:00:00.0000000,2020-01-13 00:00:00.0000000,NULL,0,,0,1
40,433758,0.998573145,93326.83617,0,998573145,0,93326,83617,66,2019-09-26 00:00:00.0000000,2018-10-22 00:00:00.0000000,95,2020-09-29 00:00:00.0000000,2019-10-02 00:00:00.0000000,,0,0,1
40,576060,0.707726167,0,0,707726167,0,0,1,2019-04-15 00:00:00.0000000,2019-04-15 00:00:00.0000000,1,2020-09-03 00:00:00.0000000,2020-09-03 00:00:00.0000000,NULL,0,,0,1
40,695612,0.877431872,304.0266041,0,877431872,0,304,266041,2,2019-02-15 00:00:00.0000000,2018-10-26 00:00:00.0000000,4,2020-04-30 00:00:00.0000000,2019-11-08 00:00:00.0000000,,0,0,1
40,682137,0.733055889,0,0,733055889,0,0,1,2019-05-20 00:00:00.0000000,2019-05-20 00:00:00.0000000,NULL,NULL,NULL,NULL,1,,1,1
40,652792,0.997414583,749508.6861,0,997414583,0,749508,6861,29,2019-09-24 00:00:00.0000000,2018-11-09 00:00:00.0000000,38,2020-09-30 00:00:00.0000000,2019-10-22 00:00:00.0000000,,0,0,1
40,693989,0.621432692,0,0,621432692,0,0,1,2018-10-23 00:00:00.0000000,2018-10-23 00:00:00.0000000,1,2020-09-23 00:00:00.0000000,2020-09-23 00:00:00.0000000,NULL,0,,0,1
40,435374,0.99902327,121795.895,0,99902327,0,121795,895,128,2019-09-27 00:00:00.0000000,2018-10-02 00:00:00.0000000,91,2020-09-30 00:00:00.0000000,2019-10-03 00:00:00.0000000,,0,0,1
40,724871,0.345769809,52.28350783,0,345769809,1,52,28350783,2,2018-11-09 00:00:00.0000000,2018-10-24 00:00:00.0000000,NULL,NULL,NULL,,1,1,1
40,434927,0.012902731,22.92037603,0,12902731,1,22,92037603,4,2018-11-08 00:00:00.0000000,2018-10-15 00:00:00.0000000,NULL,NULL,NULL,,1,1,1
40,709224,0.654775715,0,0,654775715,0,0,1,2019-01-10 00:00:00.0000000,2019-01-10 00:00:00.0000000,NULL,NULL,NULL,NULL,1,,1,1
40,431726,0.971227616,868.8630219,0,971227616,0,868,8630219,3,2019-07-22 00:00:00.0000000,2018-10-30 00:00:00.0000000,1,2020-05-07 00:00:00.0000000,2020-05-07 00:00:00.0000000,,0,0,1
40,475631,0.998497985,41644.8378,0,998497985,0,41644,8378,58,2019-09-26 00:00:00.0000000,2018-10-29 00:00:00.0000000,47,2020-09-25 00:00:00.0000000,2019-10-03 00:00:00.0000000,,0,0,1
40,748565,0.457368059,2141.065141,0,457368059,1,2141,65141,4,2019-06-26 00:00:00.0000000,2019-05-27 00:00:00.0000000,NULL,NULL,NULL,,1,1,1
40,745366,0.65013292,0,0,65013292,0,0,1,2018-12-31 00:00:00.0000000,2018-12-31 00:00:00.0000000,1,2020-03-03 00:00:00.0000000,2020-03-03 00:00:00.0000000,NULL,0,,0,1
40,719435,0.941366502,932.4185284,0,941366502,0,932,4185284,2,2019-04-29 00:00:00.0000000,2018-10-09 00:00:00.0000000,NULL,NULL,NULL,,1,1,1
40,435164,0.998050053,97707.76292,0,998050053,0,97707,76292,127,2019-09-25 00:00:00.0000000,2018-10-02 00:00:00.0000000,101,2020-09-30 00:00:00.0000000,2019-10-01 00:00:00.0000000,,0,0,1
40,721175,0.835656951,2657.883289,0,835656951,0,2657,883289,13,2019-06-26 00:00:00.0000000,2018-10-22 00:00:00.0000000,7,2020-07-30 00:00:00.0000000,2019-12-13 00:00:00.0000000,,0,0,1
40,681329,0.990917593,11745.67279,0,990917593,0,11745,67279,16,2019-09-03 00:00:00.0000000,2018-10-02 00:00:00.0000000,9,2020-04-20 00:00:00.0000000,2019-10-10 00:00:00.0000000,,0,0,1
40,429391,4.85E-05,0.929834854,4,8.50E-04,1,0,929834854,36,2019-05-15 00:00:00.0000000,2018-10-02 00:00:00.0000000,NULL,NULL,NULL,,1,1,1
40,739736,0.99086288,6533.359822,0,99086288,0,6533,359822,9,2019-09-09 00:00:00.0000000,2018-11-28 00:00:00.0000000,14,2020-08-28 00:00:00.0000000,2019-10-04 00:00:00.0000000,,0,0,1
40,430775,0.987799992,5019.154427,0,987799992,0,5019,154427,6,2019-09-11 00:00:00.0000000,2019-02-11 00:00:00.0000000,4,2020-06-16 00:00:00.0000000,2019-10-30 00:00:00.0000000,,0,0,1
40,692173,0.989556619,15167.6632,0,989556619,0,15167,6632,19,2019-09-03 00:00:00.0000000,2018-10-23 00:00:00.0000000,9,2020-09-21 00:00:00.0000000,2019-10-03 00:00:00.0000000,,0,0,1
40,719081,0.638255662,0,0,638255662,0,0,1,2018-12-04 00:00:00.0000000,2018-12-04 00:00:00.0000000,3,2020-09-02 00:00:00.0000000,2020-01-20 00:00:00.0000000,NULL,0,,0,1
40,677878,0.001018739,9334.724806,0,1018739,1,9334,724806,27,2019-07-30 00:00:00.0000000,2019-05-02 00:00:00.0000000,NULL,NULL,NULL,,1,1,1
40,608890,0.050450149,1707.597006,0,50450149,1,1707,597006,9,2019-02-27 00:00:00.0000000,2018-10-23 00:00:00.0000000,1,2019-12-20 00:00:00.0000000,2019-12-20 00:00:00.0000000,,0,0,1
40,708549,0.550650864,2454.687434,0,550650864,0,2454,687434,2,2019-07-08 00:00:00.0000000,2019-07-04 00:00:00.0000000,NULL,NULL,NULL,,1,1,1
40,655437,0.999432336,27185.03706,0,999432336,0,27185,3706,78,2019-09-30 00:00:00.0000000,2018-10-03 00:00:00.0000000,25,2020-09-30 00:00:00.0000000,2019-10-24 00:00:00.0000000,,0,0,1
40,424921,0.251936,25.01002645,0,251936,1,25,1002645,2,2018-10-22 00:00:00.0000000,2018-10-11 00:00:00.0000000,NULL,NULL,NULL,,1,1,1
40,731696,0.658593607,0,0,658593607,0,0,1,2019-01-18 00:00:00.0000000,2019-01-18 00:00:00.0000000,NULL,NULL,NULL,NULL,1,,1,1
40,710102,0.997017138,4677.436949,0,997017138,0,4677,436949,20,2019-09-25 00:00:00.0000000,2018-10-30 00:00:00.0000000,70,2020-09-30 00:00:00.0000000,2019-10-04 00:00:00.0000000,,0,0,1
40,718999,0.718271326,8897.311442,0,718271326,0,8897,311442,2,2019-05-30 00:00:00.0000000,2019-05-10 00:00:00.0000000,NULL,NULL,NULL,,1,1,1
40,720558,0.663503291,0,0,663503291,0,0,1,2019-01-28 00:00:00.0000000,2019-01-28 00:00:00.0000000,NULL,NULL,NULL,NULL,1,,1,1
40,721400,0.988182569,5130.573229,0,988182569,0,5130,573229,10,2019-08-29 00:00:00.0000000,2018-11-07 00:00:00.0000000,3,2020-08-12 00:00:00.0000000,2019-12-05 00:00:00.0000000,,0,0,1
40,639235,0.934006762,3883.651735,0,934006762,0,3883,651735,6,2019-06-17 00:00:00.0000000,2018-11-20 00:00:00.0000000,3,2019-12-04 00:00:00.0000000,2019-10-25 00:00:00.0000000,,0,0,1
40,433310,0.996690138,9538.935524,0,996690138,0,9538,935524,17,2019-09-25 00:00:00.0000000,2018-10-05 00:00:00.0000000,19,2020-08-24 00:00:00.0000000,2019-11-07 00:00:00.0000000,,0,0,1
40,435316,0.997939575,62718.26708,0,997939575,0,62718,26708,137,2019-09-25 00:00:00.0000000,2018-10-01 00:00:00.0000000,124,2020-09-30 00:00:00.0000000,2019-10-01 00:00:00.0000000,,0,0,1
40,424420,0.86534706,25555.51046,0,86534706,0,25555,51046,7,2019-06-11 00:00:00.0000000,2018-12-20 00:00:00.0000000,17,2020-04-16 00:00:00.0000000,2019-11-18 00:00:00.0000000,,0,0,1
40,704215,0.618427601,0,0,618427601,0,0,1,2018-10-15 00:00:00.0000000,2018-10-15 00:00:00.0000000,1,2019-11-21 00:00:00.0000000,2019-11-21 00:00:00.0000000,NULL,0,,0,1
40,498398,0.998616417,126772.1464,0,998616417,0,126772,1464,68,2019-09-26 00:00:00.0000000,2018-10-11 00:00:00.0000000,56,2020-09-21 00:00:00.0000000,2019-10-02 00:00:00.0000000,,0,0,1
40,582966,0.995768991,21275.61117,0,995768991,0,21275,61117,56,2019-09-19 00:00:00.0000000,2018-10-02 00:00:00.0000000,34,2020-09-16 00:00:00.0000000,2019-10-02 00:00:00.0000000,,0,0,1
40,625343,0.694763398,8009.044845,0,694763398,0,8009,44845,29,2019-07-26 00:00:00.0000000,2018-10-04 00:00:00.0000000,NULL,NULL,NULL,,1,1,1
40,708930,0.878455854,3071.681197,0,878455854,0,3071,681197,7,2019-06-25 00:00:00.0000000,2019-01-18 00:00:00.0000000,NULL,NULL,NULL,,1,1,1
40,640789,0.996934513,8913.80584,0,996934513,0,8913,80584,23,2019-09-23 00:00:00.0000000,2018-10-23 00:00:00.0000000,28,2020-09-21 00:00:00.0000000,2019-10-02 00:00:00.0000000,,0,0,1
40,433573,0.674890751,0,0,674890751,0,0,1,2019-02-19 00:00:00.0000000,2019-02-19 00:00:00.0000000,NULL,NULL,NULL,NULL,1,,1,1
40,710948,0.971233151,799.1786796,0,971233151,0,799,1786796,2,2019-09-09 00:00:00.0000000,2018-12-28 00:00:00.0000000,2,2020-06-18 00:00:00.0000000,2020-02-12 00:00:00.0000000,,0,0,1
40,421735,0.99522351,761.7680744,0,99522351,0,761,7680744,12,2019-09-23 00:00:00.0000000,2018-10-30 00:00:00.0000000,12,2020-09-21 00:00:00.0000000,2019-10-30 00:00:00.0000000,,0,0,1
40,684948,0.985531886,12135.32236,0,985531886,0,12135,32236,9,2019-08-19 00:00:00.0000000,2018-10-11 00:00:00.0000000,3,2020-08-27 00:00:00.0000000,2019-11-06 00:00:00.0000000,,0,0,1
40,742807,0.346662545,6237.617809,0,346662545,1,6237,617809,9,2019-06-18 00:00:00.0000000,2019-03-12 00:00:00.0000000,NULL,NULL,NULL,,1,1,1
40,430981,0.99779483,16554.81923,0,99779483,0,16554,81923,36,2019-09-24 00:00:00.0000000,2018-10-01 00:00:00.0000000,38,2020-09-25 00:00:00.0000000,2019-10-30 00:00:00.0000000,,0,0,1
40,432168,1.54E-06,0.055681295,1,5.40E-05,1,0,55681295,103,2019-07-23 00:00:00.0000000,2018-10-01 00:00:00.0000000,NULL,NULL,NULL,,1,1,1
40,602987,0.992863595,22180.43802,0,992863595,0,22180,43802,31,2019-09-11 00:00:00.0000000,2018-10-01 00:00:00.0000000,21,2020-09-28 00:00:00.0000000,2019-10-28 00:00:00.0000000,,0,0,1
40,711105,0.2276986,2551.504686,0,2276986,1,2551,504686,8,2019-03-04 00:00:00.0000000,2018-10-03 00:00:00.0000000,1,2020-04-30 00:00:00.0000000,2020-04-30 00:00:00.0000000,,0,0,1
40,429737,0.002613432,13.84510335,0,2613432,1,13,84510335,10,2019-01-22 00:00:00.0000000,2018-10-10 00:00:00.0000000,NULL,NULL,NULL,,1,1,1
40,586607,0.864968823,14021.46325,0,864968823,0,14021,46325,13,2019-06-26 00:00:00.0000000,2018-10-04 00:00:00.0000000,15,2020-09-28 00:00:00.0000000,2019-11-06 00:00:00.0000000,,0,0,1
40,676657,0.986435057,2753.209013,0,986435057,0,2753,209013,4,2019-09-20 00:00:00.0000000,2019-01-15 00:00:00.0000000,10,2020-09-07 00:00:00.0000000,2019-10-19 00:00:00.0000000,,0,0,1
40,426783,0.987357373,15475.32111,0,987357373,0,15475,32111,24,2019-09-02 00:00:00.0000000,2018-10-15 00:00:00.0000000,24,2020-08-21 00:00:00.0000000,2019-10-18 00:00:00.0000000,,0,0,1
40,704094,0.665511934,0,0,665511934,0,0,1,2019-02-01 00:00:00.0000000,2019-02-01 00:00:00.0000000,NULL,NULL,NULL,NULL,1,,1,1
40,749122,0.989137214,222127.8927,0,989137214,0,222127,8927,5,2019-09-26 00:00:00.0000000,2019-06-07 00:00:00.0000000,19,2020-09-30 00:00:00.0000000,2019-10-29 00:00:00.0000000,,0,0,1
40,738691,0.863814473,2191.056761,0,863814473,0,2191,56761,3,2019-06-18 00:00:00.0000000,2019-04-12 00:00:00.0000000,6,2020-09-28 00:00:00.0000000,2019-11-07 00:00:00.0000000,,0,0,1
40,435046,0.957165065,815.4233658,0,957165065,0,815,4233658,3,2019-06-21 00:00:00.0000000,2018-11-28 00:00:00.0000000,2,2020-06-03 00:00:00.0000000,2019-12-11 00:00:00.0000000,,0,0,1
40,737070,0.342514814,108.5396117,0,342514814,1,108,5396117,2,2018-12-05 00:00:00.0000000,2018-11-21 00:00:00.0000000,NULL,NULL,NULL,,1,1,1
40,742010,0.840591211,3009.729597,0,840591211,0,3009,729597,3,2019-05-07 00:00:00.0000000,2019-02-11 00:00:00.0000000,2,2020-07-13 00:00:00.0000000,2020-02-14 00:00:00.0000000,,0,0,1
40,429476,0.968856421,426.5330709,0,968856421,0,426,5330709,2,2019-09-19 00:00:00.0000000,2019-07-08 00:00:00.0000000,NULL,NULL,NULL,,1,1,1
40,577938,0.859851837,3954.944819,0,859851837,0,3954,944819,8,2019-06-06 00:00:00.0000000,2018-11-16 00:00:00.0000000,12,2020-09-14 00:00:00.0000000,2019-10-30 00:00:00.0000000,,0,0,1
40,524272,0.984132559,8236.666598,0,984132559,0,8236,666598,23,2019-08-30 00:00:00.0000000,2018-10-25 00:00:00.0000000,12,2020-05-27 00:00:00.0000000,2019-10-09 00:00:00.0000000,,0,0,1
40,426978,0.819123814,1670.062601,0,819123814,0,1670,62601,2,2019-07-15 00:00:00.0000000,2019-06-25 00:00:00.0000000,7,2020-09-17 00:00:00.0000000,2019-11-11 00:00:00.0000000,,0,0,1
40,658004,0.998658373,63613.61955,0,998658373,0,63613,61955,118,2019-09-26 00:00:00.0000000,2018-10-01 00:00:00.0000000,113,2020-09-29 00:00:00.0000000,2019-10-01 00:00:00.0000000,,0,0,1
40,655856,0.997988663,17048.30326,0,997988663,0,17048,30326,78,2019-09-24 00:00:00.0000000,2018-10-01 00:00:00.0000000,12,2020-03-25 00:00:00.0000000,2019-10-09 00:00:00.0000000,,0,0,1
40,668602,0.974524664,2756.062034,0,974524664,0,2756,62034,4,2019-07-29 00:00:00.0000000,2018-11-20 00:00:00.0000000,18,2020-09-10 00:00:00.0000000,2019-10-03 00:00:00.0000000,,0,0,1
40,615410,0.617685461,0,0,617685461,0,0,1,2018-10-13 00:00:00.0000000,2018-10-13 00:00:00.0000000,NULL,NULL,NULL,NULL,1,,1,1
40,737758,0.02418158,92.94490138,0,2418158,1,92,94490138,7,2019-02-27 00:00:00.0000000,2018-12-18 00:00:00.0000000,NULL,NULL,NULL,,1,1,1
40,565916,0.947631545,1183.643096,0,947631545,0,1183,643096,13,2019-07-19 00:00:00.0000000,2018-10-02 00:00:00.0000000,16,2020-09-11 00:00:00.0000000,2019-11-06 00:00:00.0000000,,0,0,1
40,726875,0.14057921,515.7191305,0,14057921,1,515,7191305,7,2019-02-14 00:00:00.0000000,2018-10-19 00:00:00.0000000,NULL,NULL,NULL,,1,1,1
40,746803,0.274726238,32.50086294,0,274726238,1,32,50086294,2,2019-03-06 00:00:00.0000000,2019-03-01 00:00:00.0000000,2,2020-07-23 00:00:00.0000000,2020-05-26 00:00:00.0000000,,0,0,1
40,597209,0.997003591,2230.784651,0,997003591,0,2230,784651,15,2019-09-30 00:00:00.0000000,2018-10-22 00:00:00.0000000,NULL,NULL,NULL,,1,1,1
40,687141,0.995197967,5254.130811,0,995197967,0,5254,130811,11,2019-09-25 00:00:00.0000000,2018-10-29 00:00:00.0000000,6,2020-09-17 00:00:00.0000000,2020-04-13 00:00:00.0000000,,0,0,1
40,653488,0.995492514,12806.97287,0,995492514,0,12806,97287,12,2019-09-25 00:00:00.0000000,2018-11-19 00:00:00.0000000,10,2020-09-22 00:00:00.0000000,2020-01-21 00:00:00.0000000,,0,0,1
40,731967,0.99868098,35873.43616,0,99868098,0,35873,43616,81,2019-09-26 00:00:00.0000000,2018-10-04 00:00:00.0000000,112,2020-09-30 00:00:00.0000000,2019-10-01 00:00:00.0000000,,0,0,1
40,596992,0.229216423,2546.277976,0,229216423,1,2546,277976,8,2019-03-15 00:00:00.0000000,2018-10-22 00:00:00.0000000,3,2020-06-30 00:00:00.0000000,2020-01-17 00:00:00.0000000,,0,0,1
40,692816,0.08327482,43.89313061,0,8327482,1,43,89313061,2,2018-10-16 00:00:00.0000000,2018-10-15 00:00:00.0000000,4,2020-08-25 00:00:00.0000000,2020-03-16 00:00:00.0000000,,0,0,1
40,667835,0.662284351,12662.80867,0,662284351,0,12662,80867,32,2019-07-30 00:00:00.0000000,2018-10-08 00:00:00.0000000,21,2020-09-03 00:00:00.0000000,2019-10-16 00:00:00.0000000,,0,0,1
40,451067,0.998240177,41579.27675,0,998240177,0,41579,27675,49,2019-09-25 00:00:00.0000000,2018-10-04 00:00:00.0000000,44,2020-09-23 00:00:00.0000000,2019-10-01 00:00:00.0000000,,0,0,1
40,750146,0.834772521,509196.8121,0,834772521,0,509196,8121,3,2019-07-24 00:00:00.0000000,2019-06-19 00:00:00.0000000,NULL,NULL,NULL,,1,1,1
40,433961,0.9997385,295449.3247,0,9997385,0,295449,3247,169,2019-09-30 00:00:00.0000000,2018-10-01 00:00:00.0000000,176,2020-09-30 00:00:00.0000000,2019-10-01 00:00:00.0000000,,0,0,1
40,431309,0.996059556,36414.4805,0,996059556,0,36414,4805,50,2019-09-19 00:00:00.0000000,2018-10-01 00:00:00.0000000,37,2020-09-01 00:00:00.0000000,2019-10-10 00:00:00.0000000,,0,0,1
40,433643,0.635320595,0,0,635320595,0,0,1,2018-11-27 00:00:00.0000000,2018-11-27 00:00:00.0000000,1,2020-01-31 00:00:00.0000000,2020-01-31 00:00:00.0000000,NULL,0,,0,1
40,724718,0.861547654,1285.43675,0,861547654,0,1285,43675,8,2019-05-21 00:00:00.0000000,2018-10-01 00:00:00.0000000,NULL,NULL,NULL,,1,1,1
40,432360,0.996604719,405654.8007,0,996604719,0,405654,8007,114,2019-09-23 00:00:00.0000000,2018-10-02 00:00:00.0000000,97,2020-09-30 00:00:00.0000000,2019-10-01 00:00:00.0000000,,0,0,1
40,745077,0.643859903,0,0,643859903,0,0,1,2018-12-17 00:00:00.0000000,2018-12-17 00:00:00.0000000,NULL,NULL,NULL,NULL,1,,1,1
40,739293,0.024844411,14.77328892,0,24844411,1,14,77328892,3,2018-10-19 00:00:00.0000000,2018-10-08 00:00:00.0000000,2,2020-07-03 00:00:00.0000000,2020-02-18 00:00:00.0000000,,0,0,1
40,451068,0.99616362,9230.962889,0,99616362,0,9230,962889,28,2019-09-20 00:00:00.0000000,2018-11-23 00:00:00.0000000,19,2020-09-25 00:00:00.0000000,2019-10-14 00:00:00.0000000,,0,0,1
40,424974,0.469586101,3228.221215,0,469586101,1,3228,221215,4,2019-01-29 00:00:00.0000000,2018-11-02 00:00:00.0000000,3,2020-07-01 00:00:00.0000000,2019-11-08 00:00:00.0000000,,0,0,1
40,716266,0.744669722,1417.81263,0,744669722,0,1417,81263,4,2019-04-04 00:00:00.0000000,2018-12-17 00:00:00.0000000,2,2020-07-14 00:00:00.0000000,2020-05-18 00:00:00.0000000,,0,0,1
40,427659,0.996038907,10394.10006,0,996038907,0,10394,10006,15,2019-09-23 00:00:00.0000000,2018-10-04 00:00:00.0000000,18,2020-09-25 00:00:00.0000000,2019-10-09 00:00:00.0000000,,0,0,1
40,748980,0.718064524,0,0,718064524,0,0,1,2019-04-30 00:00:00.0000000,2019-04-30 00:00:00.0000000,NULL,NULL,NULL,NULL,1,,1,1
40,428380,0.998964497,383722.4743,0,998964497,0,383722,4743,89,2019-09-27 00:00:00.0000000,2018-10-08 00:00:00.0000000,120,2020-09-23 00:00:00.0000000,2019-10-02 00:00:00.0000000,,0,0,1
40,424308,0.744525586,0,0,744525586,0,0,1,2019-06-03 00:00:00.0000000,2019-06-03 00:00:00.0000000,NULL,NULL,NULL,NULL,1,,1,1
40,701942,0.98623011,2939.916022,0,98623011,0,2939,916022,4,2019-09-19 00:00:00.0000000,2019-01-17 00:00:00.0000000,10,2020-09-30 00:00:00.0000000,2019-10-29 00:00:00.0000000,,0,0,1
40,657457,0.979989487,10735.88223,0,979989487,0,10735,88223,12,2019-08-13 00:00:00.0000000,2018-10-18 00:00:00.0000000,11,2020-09-08 00:00:00.0000000,2019-12-16 00:00:00.0000000,,0,0,1
40,718632,0.989066303,9564.972951,0,989066303,0,9564,972951,5,2019-09-19 00:00:00.0000000,2018-11-20 00:00:00.0000000,13,2020-08-20 00:00:00.0000000,2019-11-08 00:00:00.0000000,,0,0,1
40,653165,0.712462908,0,0,712462908,0,0,1,2019-04-22 00:00:00.0000000,2019-04-22 00:00:00.0000000,NULL,NULL,NULL,NULL,1,,1,1
40,662792,0.997888446,10988.42506,0,997888446,0,10988,42506,34,2019-09-25 00:00:00.0000000,2018-10-19 00:00:00.0000000,16,2020-07-09 00:00:00.0000000,2019-10-01 00:00:00.0000000,,0,0,1
40,579280,0.964911003,2245.153242,0,964911003,0,2245,153242,4,2019-07-03 00:00:00.0000000,2018-11-08 00:00:00.0000000,NULL,NULL,NULL,,1,1,1
40,689788,0.943304289,10007.32556,0,943304289,0,10007,32556,9,2019-08-07 00:00:00.0000000,2019-03-05 00:00:00.0000000,7,2020-07-15 00:00:00.0000000,2019-10-29 00:00:00.0000000,,0,0,1
40,696296,0.707726167,0,0,707726167,0,0,1,2019-04-15 00:00:00.0000000,2019-04-15 00:00:00.0000000,NULL,NULL,NULL,NULL,1,,1,1
40,604818,0.033772697,421.2264174,0,33772697,1,421,2264174,21,2019-05-17 00:00:00.0000000,2018-10-04 00:00:00.0000000,9,2020-07-01 00:00:00.0000000,2019-10-02 00:00:00.0000000,,0,0,1
40,722310,0.990262269,4802.57141,0,990262269,0,4802,57141,8,2019-09-10 00:00:00.0000000,2018-12-19 00:00:00.0000000,3,2020-07-09 00:00:00.0000000,2020-02-19 00:00:00.0000000,,0,0,1
40,427331,0.547635027,4655.008368,0,547635027,0,4655,8368,5,2019-02-13 00:00:00.0000000,2018-10-05 00:00:00.0000000,NULL,NULL,NULL,,1,1,1
40,733277,0.955653293,7667.962178,0,955653293,0,7667,962178,6,2019-06-21 00:00:00.0000000,2018-10-04 00:00:00.0000000,1,2020-03-26 00:00:00.0000000,2020-03-26 00:00:00.0000000,,0,0,1
40,676444,0.969643034,21.43425353,0,969643034,0,21,43425353,2,2019-09-05 00:00:00.0000000,2019-02-14 00:00:00.0000000,1,2020-07-23 00:00:00.0000000,2020-07-23 00:00:00.0000000,,0,0,1
40,700218,0.947425326,3106.294894,0,947425326,0,3106,294894,12,2019-07-16 00:00:00.0000000,2018-10-05 00:00:00.0000000,11,2020-09-30 00:00:00.0000000,2019-10-29 00:00:00.0000000,,0,0,1
40,423403,0.938680043,807.9849852,0,938680043,0,807,9849852,2,2019-05-06 00:00:00.0000000,2018-11-08 00:00:00.0000000,1,2019-10-29 00:00:00.0000000,2019-10-29 00:00:00.0000000,,0,0,1
40,717088,0.991549552,5307.82929,0,991549552,0,5307,82929,8,2019-09-13 00:00:00.0000000,2018-11-06 00:00:00.0000000,17,2020-09-23 00:00:00.0000000,2019-10-09 00:00:00.0000000,,0,0,1
40,538533,0.999608591,99961.36013,0,999608591,0,99961,36013,113,2019-09-30 00:00:00.0000000,2018-10-01 00:00:00.0000000,130,2020-09-30 00:00:00.0000000,2019-10-01 00:00:00.0000000,,0,0,1
40,429368,0.998242516,45013.57879,0,998242516,0,45013,57879,33,2019-09-27 00:00:00.0000000,2018-10-02 00:00:00.0000000,48,2020-09-25 00:00:00.0000000,2019-10-04 00:00:00.0000000,,0,0,1
40,627506,0.997670452,13317.0823,0,997670452,0,13317,823,32,2019-09-24 00:00:00.0000000,2018-10-02 00:00:00.0000000,5,2019-12-23 00:00:00.0000000,2019-10-02 00:00:00.0000000,,0,0,1
40,434183,0.998284864,12446.16296,0,998284864,0,12446,16296,26,2019-09-30 00:00:00.0000000,2018-10-15 00:00:00.0000000,5,2020-02-03 00:00:00.0000000,2019-10-24 00:00:00.0000000,,0,0,1
40,422261,0.614752414,0,0,614752414,0,0,1,2018-10-05 00:00:00.0000000,2018-10-05 00:00:00.0000000,NULL,NULL,NULL,NULL,1,,1,1
40,712682,0.964402798,11781.78774,0,964402798,0,11781,78774,11,2019-07-23 00:00:00.0000000,2018-10-03 00:00:00.0000000,3,2020-02-18 00:00:00.0000000,2019-10-07 00:00:00.0000000,,0,0,1
40,463690,0.977547674,9849.221663,0,977547674,0,9849,221663,9,2019-08-22 00:00:00.0000000,2019-02-07 00:00:00.0000000,5,2020-05-29 00:00:00.0000000,2019-11-22 00:00:00.0000000,,0,0,1
40,430631,0.908156016,3651.344717,0,908156016,0,3651,344717,5,2019-05-21 00:00:00.0000000,2018-11-15 00:00:00.0000000,4,2020-06-03 00:00:00.0000000,2019-11-22 00:00:00.0000000,,0,0,1
40,717195,0.999075501,97162.56326,0,999075501,0,97162,56326,48,2019-09-30 00:00:00.0000000,2018-11-07 00:00:00.0000000,4,2019-12-03 00:00:00.0000000,2019-10-03 00:00:00.0000000,,0,0,1
40,654557,0.993634413,121131.4114,0,993634413,0,121131,4114,25,2019-09-12 00:00:00.0000000,2018-10-16 00:00:00.0000000,23,2020-09-29 00:00:00.0000000,2019-10-01 00:00:00.0000000,,0,0,1
40,669523,0.979675205,826.1289993,0,979675205,0,826,1289993,3,2019-09-17 00:00:00.0000000,2019-05-09 00:00:00.0000000,3,2020-07-30 00:00:00.0000000,2020-03-03 00:00:00.0000000,,0,0,1
40,654497,0.995741824,20321.81698,0,995741824,0,20321,81698,13,2019-09-24 00:00:00.0000000,2018-10-03 00:00:00.0000000,38,2020-09-28 00:00:00.0000000,2019-10-04 00:00:00.0000000,,0,0,1
40,712759,0.99522351,571.232683,0,99522351,0,571,232683,12,2019-09-23 00:00:00.0000000,2018-10-30 00:00:00.0000000,13,2020-09-21 00:00:00.0000000,2019-10-30 00:00:00.0000000,,0,0,1
40,538988,0.993667723,5984.046124,0,993667723,0,5984,46124,13,2019-09-13 00:00:00.0000000,2018-10-10 00:00:00.0000000,15,2020-09-07 00:00:00.0000000,2019-10-03 00:00:00.0000000,,0,0,1
40,701800,0.962818076,8696.540731,0,962818076,0,8696,540731,6,2019-07-26 00:00:00.0000000,2019-01-16 00:00:00.0000000,22,2020-09-28 00:00:00.0000000,2020-01-23 00:00:00.0000000,,0,0,1
40,702837,0.999557567,311039.9668,0,999557567,0,311039,9668,100,2019-09-30 00:00:00.0000000,2018-10-01 00:00:00.0000000,70,2020-09-30 00:00:00.0000000,2019-10-02 00:00:00.0000000,,0,0,1
40,522754,0.018141418,64.62047906,0,18141418,1,64,62047906,3,2019-01-14 00:00:00.0000000,2019-01-09 00:00:00.0000000,NULL,NULL,NULL,,1,1,1
40,579877,0.456767147,7435.657737,0,456767147,1,7435,657737,22,2019-06-28 00:00:00.0000000,2018-10-04 00:00:00.0000000,19,2020-09-25 00:00:00.0000000,2019-11-26 00:00:00.0000000,,0,0,1
40,746073,6.39E-07,0.139477093,6,3.90E-06,1,0,139477093,13,2019-05-23 00:00:00.0000000,2019-04-26 00:00:00.0000000,NULL,NULL,NULL,,1,1,1
40,748220,0.995754883,679793.5944,0,995754883,0,679793,5944,33,2019-09-27 00:00:00.0000000,2019-07-12 00:00:00.0000000,186,2020-09-30 00:00:00.0000000,2019-10-02 00:00:00.0000000,,0,0,1
40,468311,0.995869252,164152.5945,0,995869252,0,164152,5945,34,2019-09-18 00:00:00.0000000,2018-10-16 00:00:00.0000000,35,2020-09-21 00:00:00.0000000,2019-10-02 00:00:00.0000000,,0,0,1
40,523905,0.982827321,47915.44657,0,982827321,0,47915,44657,34,2019-09-03 00:00:00.0000000,2018-10-08 00:00:00.0000000,28,2020-09-11 00:00:00.0000000,2019-10-29 00:00:00.0000000,,0,0,1
40,427988,0.99893216,69446.02357,0,99893216,0,69446,2357,78,2019-09-27 00:00:00.0000000,2018-10-02 00:00:00.0000000,72,2020-09-30 00:00:00.0000000,2019-10-09 00:00:00.0000000,,0,0,1
40,432529,0.998374894,60632.62898,0,998374894,0,60632,62898,76,2019-09-25 00:00:00.0000000,2018-10-01 00:00:00.0000000,85,2020-09-23 00:00:00.0000000,2019-10-01 00:00:00.0000000,,0,0,1
40,743623,0.992292916,3191.784322,0,992292916,0,3191,784322,6,2019-09-30 00:00:00.0000000,2018-11-26 00:00:00.0000000,13,2020-09-17 00:00:00.0000000,2019-10-08 00:00:00.0000000,,0,0,1
40,429072,0.999824024,1211245.245,0,999824024,0,1211245,245,251,2019-09-30 00:00:00.0000000,2018-10-01 00:00:00.0000000,249,2020-09-30 00:00:00.0000000,2019-10-01 00:00:00.0000000,,0,0,1
40,714967,0.979338515,415.296731,0,979338515,0,415,296731,3,2019-08-29 00:00:00.0000000,2018-10-25 00:00:00.0000000,7,2020-09-14 00:00:00.0000000,2019-11-30 00:00:00.0000000,,0,0,1
40,697938,0.043748152,135.7421326,0,43748152,1,135,7421326,3,2018-10-31 00:00:00.0000000,2018-10-16 00:00:00.0000000,NULL,NULL,NULL,,1,1,1
40,739387,0.995628231,29781.50636,0,995628231,0,29781,50636,15,2019-09-24 00:00:00.0000000,2019-02-15 00:00:00.0000000,37,2020-09-21 00:00:00.0000000,2019-10-18 00:00:00.0000000,,0,0,1
40,433030,0.998764961,18575.78683,0,998764961,0,18575,78683,36,2019-09-30 00:00:00.0000000,2018-10-02 00:00:00.0000000,43,2020-09-21 00:00:00.0000000,2019-10-21 00:00:00.0000000,,0,0,1
40,422543,0.985233599,5093.899696,0,985233599,0,5093,899696,4,2019-09-09 00:00:00.0000000,2018-10-26 00:00:00.0000000,15,2020-09-30 00:00:00.0000000,2019-12-05 00:00:00.0000000,,0,0,1
40,680782,0.976068106,2595.94975,0,976068106,0,2595,94975,6,2019-07-26 00:00:00.0000000,2018-10-18 00:00:00.0000000,NULL,NULL,NULL,,1,1,1
40,745074,0.56954671,764.6495625,0,56954671,0,764,6495625,2,2019-03-13 00:00:00.0000000,2019-02-21 00:00:00.0000000,NULL,NULL,NULL,,1,1,1
40,607077,0.997003591,6769.082173,0,997003591,0,6769,82173,15,2019-09-30 00:00:00.0000000,2018-10-03 00:00:00.0000000,30,2020-09-15 00:00:00.0000000,2019-10-04 00:00:00.0000000,,0,0,1
40,738541,0.62411143,0,0,62411143,0,0,1,2018-10-30 00:00:00.0000000,2018-10-30 00:00:00.0000000,3,2020-01-15 00:00:00.0000000,2019-11-19 00:00:00.0000000,NULL,0,,0,1
40,435381,0.615845721,0,0,615845721,0,0,1,2018-10-08 00:00:00.0000000,2018-10-08 00:00:00.0000000,5,2020-08-31 00:00:00.0000000,2019-10-15 00:00:00.0000000,NULL,0,,0,1
40,675903,0.997510746,9607.634787,0,997510746,0,9607,634787,18,2019-09-30 00:00:00.0000000,2018-10-08 00:00:00.0000000,11,2020-07-29 00:00:00.0000000,2019-10-28 00:00:00.0000000,,0,0,1
40,738496,0.99702789,6601.681707,0,99702789,0,6601,681707,23,2019-09-23 00:00:00.0000000,2018-10-17 00:00:00.0000000,18,2020-09-29 00:00:00.0000000,2019-12-05 00:00:00.0000000,,0,0,1
40,435928,0.986897151,10015.62932,0,986897151,0,10015,62932,16,2019-09-05 00:00:00.0000000,2019-01-16 00:00:00.0000000,8,2020-09-15 00:00:00.0000000,2019-10-02 00:00:00.0000000,,0,0,1
40,745649,0.68036,0,0,68036,0,0,1,2019-03-01 00:00:00.0000000,2019-03-01 00:00:00.0000000,NULL,NULL,NULL,NULL,1,,1,1
40,576254,0.980820807,2525.117238,0,980820807,0,2525,117238,3,2019-09-10 00:00:00.0000000,2018-12-03 00:00:00.0000000,3,2020-09-18 00:00:00.0000000,2019-10-04 00:00:00.0000000,,0,0,1
40,721372,0.207996396,182.5562921,0,207996396,1,182,5562921,2,2019-01-07 00:00:00.0000000,2019-01-02 00:00:00.0000000,NULL,NULL,NULL,,1,1,1
40,747117,0.463848685,154.1867236,0,463848685,1,154,1867236,2,2019-04-24 00:00:00.0000000,2019-04-15 00:00:00.0000000,NULL,NULL,NULL,,1,1,1
40,422703,0.995913183,9488.578711,0,995913183,0,9488,578711,20,2019-09-19 00:00:00.0000000,2018-10-10 00:00:00.0000000,27,2020-09-24 00:00:00.0000000,2019-10-21 00:00:00.0000000,,0,0,1
40,648795,0.861854454,956.9181626,0,861854454,0,956,9181626,4,2019-04-24 00:00:00.0000000,2018-12-03 00:00:00.0000000,2,2020-01-07 00:00:00.0000000,2019-12-26 00:00:00.0000000,,0,0,1
40,599275,0.738679811,0,0,738679811,0,0,1,2019-05-27 00:00:00.0000000,2019-05-27 00:00:00.0000000,4,2020-05-07 00:00:00.0000000,2020-01-16 00:00:00.0000000,X,0,,0,1
40,708346,0.99519932,89670.66783,0,99519932,0,89670,66783,16,2019-09-18 00:00:00.0000000,2018-10-19 00:00:00.0000000,10,2020-09-30 00:00:00.0000000,2019-11-13 00:00:00.0000000,,0,0,1
40,730834,0.861521147,1845.343141,0,861521147,0,1845,343141,6,2019-05-31 00:00:00.0000000,2018-12-20 00:00:00.0000000,5,2020-08-11 00:00:00.0000000,2019-10-31 00:00:00.0000000,,0,0,1
40,525038,0.508575119,5131.791552,0,508575119,0,5131,791552,8,2019-06-12 00:00:00.0000000,2019-02-25 00:00:00.0000000,1,2020-03-18 00:00:00.0000000,2020-03-18 00:00:00.0000000,,0,0,1
40,702205,0.955596551,1923.105744,0,955596551,0,1923,105744,4,2019-06-07 00:00:00.0000000,2018-10-08 00:00:00.0000000,2,2020-09-07 00:00:00.0000000,2020-05-13 00:00:00.0000000,,0,0,1
40,428069,0.996386555,33939.28688,0,996386555,0,33939,28688,35,2019-09-19 00:00:00.0000000,2018-10-03 00:00:00.0000000,32,2020-09-29 00:00:00.0000000,2019-10-23 00:00:00.0000000,,0,0,1
40,747042,0.985517441,20243.59582,0,985517441,0,20243,59582,8,2019-09-06 00:00:00.0000000,2019-03-15 00:00:00.0000000,7,2020-07-24 00:00:00.0000000,2019-11-14 00:00:00.0000000,,0,0,1
40,433024,0.999814401,2051729.263,0,999814401,0,2051729,263,238,2019-09-30 00:00:00.0000000,2018-10-01 00:00:00.0000000,203,2020-09-30 00:00:00.0000000,2019-10-01 00:00:00.0000000,,0,0,1
40,693817,0.678698647,0,0,678698647,0,0,1,2019-02-26 00:00:00.0000000,2019-02-26 00:00:00.0000000,NULL,NULL,NULL,NULL,1,,1,1
40,434461,0.995730854,85875.33099,0,995730854,0,85875,33099,26,2019-09-18 00:00:00.0000000,2018-10-30 00:00:00.0000000,41,2020-09-29 00:00:00.0000000,2019-10-15 00:00:00.0000000,,0,0,1
40,696651,0.994862359,6515.464566,0,994862359,0,6515,464566,13,2019-09-19 00:00:00.0000000,2018-10-16 00:00:00.0000000,12,2020-09-28 00:00:00.0000000,2019-10-17 00:00:00.0000000,,0,0,1
40,432223,0.99511087,19326.01522,0,99511087,0,19326,1522,11,2019-09-24 00:00:00.0000000,2018-10-03 00:00:00.0000000,7,2020-07-17 00:00:00.0000000,2019-10-07 00:00:00.0000000,,0,0,1
40,688488,0.997959517,134095.3751,0,997959517,0,134095,3751,61,2019-09-24 00:00:00.0000000,2018-10-17 00:00:00.0000000,45,2020-09-28 00:00:00.0000000,2019-11-13 00:00:00.0000000,,0,0,1
40,433810,0.994729576,968315.4403,0,994729576,0,968315,4403,71,2019-09-19 00:00:00.0000000,2018-10-03 00:00:00.0000000,59,2020-09-07 00:00:00.0000000,2019-10-18 00:00:00.0000000,,0,0,1
40,737887,0.127509881,178.0826195,0,127509881,1,178,826195,13,2019-04-16 00:00:00.0000000,2018-10-03 00:00:00.0000000,NULL,NULL,NULL,,1,1,1
40,425807,0.834218251,0,0,834218251,0,0,1,2019-08-20 00:00:00.0000000,2019-08-20 00:00:00.0000000,12,2020-09-21 00:00:00.0000000,2019-10-31 00:00:00.0000000,NULL,0,,0,1
40,733286,0.613666875,0,0,613666875,0,0,1,2018-10-02 00:00:00.0000000,2018-10-02 00:00:00.0000000,NULL,NULL,NULL,NULL,1,,1,1
40,724486,0.988144197,3823.934731,0,988144197,0,3823,934731,5,2019-09-12 00:00:00.0000000,2018-10-22 00:00:00.0000000,3,2020-09-09 00:00:00.0000000,2020-04-21 00:00:00.0000000,,0,0,1
40,463269,0.998329699,45021.70788,0,998329699,0,45021,70788,70,2019-09-25 00:00:00.0000000,2018-10-11 00:00:00.0000000,67,2020-09-28 00:00:00.0000000,2019-10-02 00:00:00.0000000,,0,0,1
40,725559,0.88002268,1771.746448,0,88002268,0,1771,746448,7,2019-05-22 00:00:00.0000000,2018-10-17 00:00:00.0000000,2,2020-09-30 00:00:00.0000000,2019-10-02 00:00:00.0000000,,0,0,1
40,741745,0.613306736,0,0,613306736,0,0,1,2018-10-01 00:00:00.0000000,2018-10-01 00:00:00.0000000,1,2020-02-07 00:00:00.0000000,2020-02-07 00:00:00.0000000,NULL,0,,0,1
40,426060,0.991668217,5551.597304,0,991668217,0,5551,597304,6,2019-09-25 00:00:00.0000000,2018-10-15 00:00:00.0000000,9,2020-08-31 00:00:00.0000000,2019-11-27 00:00:00.0000000,,0,0,1
40,592336,0.997195025,5089.424321,0,997195025,0,5089,424321,26,2019-09-23 00:00:00.0000000,2018-10-05 00:00:00.0000000,32,2020-09-28 00:00:00.0000000,2019-10-04 00:00:00.0000000,,0,0,1
40,731142,0.970702979,1037.900513,0,970702979,0,1037,900513,4,2019-07-09 00:00:00.0000000,2018-10-08 00:00:00.0000000,4,2020-07-09 00:00:00.0000000,2019-10-28 00:00:00.0000000,,0,0,1
40,687175,0.991611431,4775.301068,0,991611431,0,4775,301068,6,2019-09-26 00:00:00.0000000,2019-01-17 00:00:00.0000000,7,2020-07-09 00:00:00.0000000,2019-10-30 00:00:00.0000000,,0,0,1
40,429505,0.999816714,5402862.689,0,999816714,0,5402862,689,241,2019-09-30 00:00:00.0000000,2018-10-01 00:00:00.0000000,227,2020-09-30 00:00:00.0000000,2019-10-01 00:00:00.0000000,,0,0,1
40,612845,0.686031679,0,0,686031679,0,0,1,2019-03-11 00:00:00.0000000,2019-03-11 00:00:00.0000000,4,2020-08-10 00:00:00.0000000,2020-06-15 00:00:00.0000000,NULL,0,,0,1
40,434517,0.870329492,1406.636467,0,870329492,0,1406,636467,3,2019-04-12 00:00:00.0000000,2018-12-14 00:00:00.0000000,NULL,NULL,NULL,,1,1,1
40,705301,0.636571618,0,0,636571618,0,0,1,2018-11-30 00:00:00.0000000,2018-11-30 00:00:00.0000000,NULL,NULL,NULL,NULL,1,,1,1
40,432571,0.99971667,178778.7712,0,99971667,0,178778,7712,156,2019-09-30 00:00:00.0000000,2018-10-01 00:00:00.0000000,175,2020-09-30 00:00:00.0000000,2019-10-01 00:00:00.0000000,,0,0,1
40,422733,0.998336963,53309.95868,0,998336963,0,53309,95868,66,2019-09-25 00:00:00.0000000,2018-10-08 00:00:00.0000000,66,2020-09-24 00:00:00.0000000,2019-10-03 00:00:00.0000000,,0,0,1
40,431693,0.998951122,42506.78591,0,998951122,0,42506,78591,83,2019-09-27 00:00:00.0000000,2018-10-04 00:00:00.0000000,109,2020-09-30 00:00:00.0000000,2019-10-01 00:00:00.0000000,,0,0,1
40,442269,0.750612877,0,0,750612877,0,0,1,2019-06-10 00:00:00.0000000,2019-06-10 00:00:00.0000000,2,2020-06-09 00:00:00.0000000,2020-02-26 00:00:00.0000000,NULL,0,,0,1
40,428991,0.997857953,139859.0198,0,997857953,0,139859,198,89,2019-09-24 00:00:00.0000000,2018-10-05 00:00:00.0000000,84,2020-09-30 00:00:00.0000000,2019-10-07 00:00:00.0000000,,0,0,1
40,572878,0.999651832,128144.3133,0,999651832,0,128144,3133,127,2019-09-30 00:00:00.0000000,2018-10-02 00:00:00.0000000,107,2020-09-22 00:00:00.0000000,2019-10-02 00:00:00.0000000,,0,0,1
40,707160,0.984545133,3121.835034,0,984545133,0,3121,835034,11,2019-08-22 00:00:00.0000000,2018-11-12 00:00:00.0000000,10,2020-06-11 00:00:00.0000000,2019-10-11 00:00:00.0000000,,0,0,1
40,423937,0.99522351,108.8506886,0,99522351,0,108,8506886,12,2019-09-23 00:00:00.0000000,2018-10-30 00:00:00.0000000,14,2020-09-21 00:00:00.0000000,2019-10-30 00:00:00.0000000,,0,0,1
40,592671,0.989637198,2026.079641,0,989637198,0,2026,79641,5,2019-09-25 00:00:00.0000000,2019-03-01 00:00:00.0000000,3,2020-09-29 00:00:00.0000000,2020-05-04 00:00:00.0000000,,0,0,1
40,625072,0.991167628,25733.49236,0,991167628,0,25733,49236,8,2019-09-17 00:00:00.0000000,2019-02-18 00:00:00.0000000,7,2020-07-23 00:00:00.0000000,2019-12-05 00:00:00.0000000,,0,0,1
40,435250,0.421853914,600.3707644,0,421853914,1,600,3707644,4,2019-05-07 00:00:00.0000000,2019-03-22 00:00:00.0000000,14,2020-07-14 00:00:00.0000000,2020-01-03 00:00:00.0000000,,0,0,1
40,587165,0.944262434,2244.825194,0,944262434,0,2244,825194,7,2019-06-18 00:00:00.0000000,2018-10-05 00:00:00.0000000,6,2020-06-10 00:00:00.0000000,2019-10-25 00:00:00.0000000,,0,0,1
40,622697,0.633668265,0,0,633668265,0,0,1,2018-11-23 00:00:00.0000000,2018-11-23 00:00:00.0000000,NULL,NULL,NULL,NULL,1,,1,1
40,435150,0.999741563,160655.5855,0,999741563,0,160655,5855,171,2019-09-30 00:00:00.0000000,2018-10-01 00:00:00.0000000,164,2020-09-30 00:00:00.0000000,2019-10-02 00:00:00.0000000,,0,0,1
40,425310,0.989166349,1270.378804,0,989166349,0,1270,378804,9,2019-08-30 00:00:00.0000000,2018-10-10 00:00:00.0000000,4,2020-05-19 00:00:00.0000000,2019-11-05 00:00:00.0000000,,0,0,1
40,741489,6.95E-04,131.7588312,0,695,1,131,7588312,7,2018-11-23 00:00:00.0000000,2018-10-04 00:00:00.0000000,2,2020-09-14 00:00:00.0000000,2020-08-31 00:00:00.0000000,,0,0,1
40,582492,0.99120751,9084.370686,0,99120751,0,9084,370686,7,2019-09-16 00:00:00.0000000,2018-11-22 00:00:00.0000000,19,2020-09-25 00:00:00.0000000,2019-10-18 00:00:00.0000000,,0,0,1
40,679238,0.831996968,751.0554626,0,831996968,0,751,554626,2,2019-01-16 00:00:00.0000000,2018-10-19 00:00:00.0000000,1,2020-03-04 00:00:00.0000000,2020-03-04 00:00:00.0000000,,0,0,1
40,655192,0.988948416,5597.757445,0,988948416,0,5597,757445,28,2019-09-05 00:00:00.0000000,2018-10-05 00:00:00.0000000,10,2020-09-23 00:00:00.0000000,2019-10-01 00:00:00.0000000,,0,0,1
40,661451,0.979255356,275.0135652,0,979255356,0,275,135652,3,2019-09-02 00:00:00.0000000,2018-12-12 00:00:00.0000000,3,2020-09-15 00:00:00.0000000,2019-12-23 00:00:00.0000000,,0,0,1
40,655519,0.723142786,0,0,723142786,0,0,1,2019-05-07 00:00:00.0000000,2019-05-07 00:00:00.0000000,NULL,NULL,NULL,NULL,1,,1,1
40,556858,0.922286412,1370.486604,0,922286412,0,1370,486604,2,2019-04-16 00:00:00.0000000,2018-11-23 00:00:00.0000000,NULL,NULL,NULL,,1,1,1
40,427465,0.998692328,39634.51908,0,998692328,0,39634,51908,84,2019-09-26 00:00:00.0000000,2018-10-02 00:00:00.0000000,92,2020-09-24 00:00:00.0000000,2019-10-01 00:00:00.0000000,,0,0,1
40,731859,0.060506983,339.3462083,0,60506983,1,339,3462083,19,2019-05-14 00:00:00.0000000,2018-10-03 00:00:00.0000000,1,2020-01-14 00:00:00.0000000,2020-01-14 00:00:00.0000000,,0,0,1
40,616425,0.998788626,46272.1023,0,998788626,0,46272,1023,60,2019-09-27 00:00:00.0000000,2018-10-09 00:00:00.0000000,59,2020-09-28 00:00:00.0000000,2019-10-02 00:00:00.0000000,,0,0,1
40,610763,0.719498051,0,0,719498051,0,0,1,2019-05-02 00:00:00.0000000,2019-05-02 00:00:00.0000000,NULL,NULL,NULL,NULL,1,,1,1
40,547011,0.62257499,0,0,62257499,0,0,1,2018-10-26 00:00:00.0000000,2018-10-26 00:00:00.0000000,3,2020-08-27 00:00:00.0000000,2019-12-19 00:00:00.0000000,NULL,0,,0,1
40,713824,0.996835775,14427.64023,0,996835775,0,14427,64023,18,2019-09-25 00:00:00.0000000,2018-10-04 00:00:00.0000000,20,2020-09-16 00:00:00.0000000,2019-10-03 00:00:00.0000000,,0,0,1
40,612300,0.997625376,8981.556238,0,997625376,0,8981,556238,39,2019-09-23 00:00:00.0000000,2018-10-01 00:00:00.0000000,50,2020-09-22 00:00:00.0000000,2019-10-09 00:00:00.0000000,,0,0,1
40,589397,0.998856516,148636.0424,0,998856516,0,148636,424,68,2019-09-27 00:00:00.0000000,2018-10-10 00:00:00.0000000,45,2020-09-23 00:00:00.0000000,2019-10-01 00:00:00.0000000,,0,0,1
40,429789,0.988140545,1700.788021,0,988140545,0,1700,788021,5,2019-09-16 00:00:00.0000000,2019-01-08 00:00:00.0000000,11,2020-09-30 00:00:00.0000000,2019-10-03 00:00:00.0000000,,0,0,1
40,593677,0.999508257,274250.8023,0,999508257,0,274250,8023,90,2019-09-30 00:00:00.0000000,2018-10-02 00:00:00.0000000,67,2020-09-28 00:00:00.0000000,2019-10-01 00:00:00.0000000,,0,0,1
40,430936,0.613666875,0,0,613666875,0,0,1,2018-10-02 00:00:00.0000000,2018-10-02 00:00:00.0000000,3,2020-01-16 00:00:00.0000000,2020-01-13 00:00:00.0000000,X,0,,0,1
40,435954,0.998403479,108288.5457,0,998403479,0,108288,5457,166,2019-09-26 00:00:00.0000000,2018-10-01 00:00:00.0000000,177,2020-09-30 00:00:00.0000000,2019-10-01 00:00:00.0000000,,0,0,1
40,632769,0.636571618,0,0,636571618,0,0,1,2018-11-30 00:00:00.0000000,2018-11-30 00:00:00.0000000,NULL,NULL,NULL,NULL,1,,1,1
40,694281,0.980707496,10202.22193,0,980707496,0,10202,22193,10,2019-08-13 00:00:00.0000000,2018-11-02 00:00:00.0000000,15,2020-09-22 00:00:00.0000000,2019-10-01 00:00:00.0000000,,0,0,1
40,724773,0.919622327,409.5526574,0,919622327,0,409,5526574,8,2019-06-10 00:00:00.0000000,2018-10-01 00:00:00.0000000,NULL,NULL,NULL,,1,1,1
40,604493,0.827818392,8611.442096,0,827818392,0,8611,442096,5,2019-04-04 00:00:00.0000000,2018-10-08 00:00:00.0000000,6,2020-07-27 00:00:00.0000000,2019-10-18 00:00:00.0000000,,0,0,1
40,564216,0.998699076,115842.4546,0,998699076,0,115842,4546,98,2019-09-26 00:00:00.0000000,2018-10-01 00:00:00.0000000,77,2020-09-28 00:00:00.0000000,2019-10-01 00:00:00.0000000,,0,0,1
40,433960,0.979635336,1028.851988,0,979635336,0,1028,851988,3,2019-09-04 00:00:00.0000000,2018-12-12 00:00:00.0000000,4,2020-07-30 00:00:00.0000000,2019-10-24 00:00:00.0000000,,0,0,1
40,637174,0.638679574,0,0,638679574,0,0,1,2018-12-05 00:00:00.0000000,2018-12-05 00:00:00.0000000,NULL,NULL,NULL,NULL,1,,1,1
40,422573,0.999730514,1014405.894,0,999730514,0,1014405,894,164,2019-09-30 00:00:00.0000000,2018-10-01 00:00:00.0000000,153,2020-09-29 00:00:00.0000000,2019-10-01 00:00:00.0000000,,0,0,1
40,631466,0.617540095,3312.181961,0,617540095,0,3312,181961,4,2019-04-26 00:00:00.0000000,2019-02-14 00:00:00.0000000,1,2020-07-21 00:00:00.0000000,2020-07-21 00:00:00.0000000,,0,0,1
40,426017,0.993054636,8883.072419,0,993054636,0,8883,72419,18,2019-09-09 00:00:00.0000000,2018-10-03 00:00:00.0000000,33,2020-09-16 00:00:00.0000000,2019-10-01 00:00:00.0000000,,0,0,1
40,588576,0.625273959,0,0,625273959,0,0,1,2018-11-02 00:00:00.0000000,2018-11-02 00:00:00.0000000,NULL,NULL,NULL,NULL,1,,1,1
40,624155,0.999566266,95386.56855,0,999566266,0,95386,56855,102,2019-09-30 00:00:00.0000000,2018-10-02 00:00:00.0000000,128,2020-09-30 00:00:00.0000000,2019-10-01 00:00:00.0000000,,0,0,1
40,583590,0.695567917,0,0,695567917,0,0,1,2019-03-27 00:00:00.0000000,2019-03-27 00:00:00.0000000,NULL,NULL,NULL,NULL,1,,1,1
40,644387,0.625635192,1054.359615,0,625635192,0,1054,359615,2,2019-05-22 00:00:00.0000000,2019-05-08 00:00:00.0000000,NULL,NULL,NULL,,1,1,1
40,655103,0.989834445,4323.664514,0,989834445,0,4323,664514,6,2019-09-12 00:00:00.0000000,2018-10-04 00:00:00.0000000,4,2019-12-18 00:00:00.0000000,2019-10-30 00:00:00.0000000,,0,0,1
40,429492,0.958924619,1167.575839,0,958924619,0,1167,575839,6,2019-07-02 00:00:00.0000000,2018-10-31 00:00:00.0000000,33,2020-09-23 00:00:00.0000000,2019-11-14 00:00:00.0000000,,0,0,1
40,428509,0.998731747,55417.69218,0,998731747,0,55417,69218,55,2019-09-27 00:00:00.0000000,2018-10-09 00:00:00.0000000,63,2020-09-21 00:00:00.0000000,2019-10-03 00:00:00.0000000,,0,0,1
40,741762,0.995791689,7729.691018,0,995791689,0,7729,691018,19,2019-09-19 00:00:00.0000000,2018-10-15 00:00:00.0000000,20,2020-09-25 00:00:00.0000000,2019-10-15 00:00:00.0000000,,0,0,1
40,730538,0.651511098,0,0,651511098,0,0,1,2019-01-03 00:00:00.0000000,2019-01-03 00:00:00.0000000,NULL,NULL,NULL,NULL,1,,1,1
40,680970,0.005233951,27.66562665,0,5233951,1,27,66562665,24,2019-05-10 00:00:00.0000000,2018-10-02 00:00:00.0000000,2,2020-08-26 00:00:00.0000000,2020-08-25 00:00:00.0000000,,0,0,1
40,699033,0.996050126,8696.031977,0,996050126,0,8696,31977,27,2019-09-18 00:00:00.0000000,2018-10-01 00:00:00.0000000,24,2020-09-10 00:00:00.0000000,2019-10-10 00:00:00.0000000,,0,0,1
40,639590,0.671175069,0,0,671175069,0,0,1,2019-02-12 00:00:00.0000000,2019-02-12 00:00:00.0000000,1,2020-07-31 00:00:00.0000000,2020-07-31 00:00:00.0000000,NULL,0,,0,1
40,428581,0.998916593,16075.12635,0,998916593,0,16075,12635,41,2019-09-30 00:00:00.0000000,2018-10-08 00:00:00.0000000,40,2020-09-30 00:00:00.0000000,2019-10-14 00:00:00.0000000,,0,0,1
40,644819,0.933841182,937.5915954,0,933841182,0,937,5915954,4,2019-05-24 00:00:00.0000000,2018-11-12 00:00:00.0000000,4,2020-05-21 00:00:00.0000000,2019-12-12 00:00:00.0000000,,0,0,1
40,431077,0.999618737,61133.56765,0,999618737,0,61133,56765,116,2019-09-30 00:00:00.0000000,2018-10-03 00:00:00.0000000,87,2020-09-24 00:00:00.0000000,2019-10-01 00:00:00.0000000,,0,0,1
40,423521,0.762143471,413.8453243,0,762143471,0,413,8453243,6,2019-04-11 00:00:00.0000000,2018-10-17 00:00:00.0000000,NULL,NULL,NULL,,1,1,1
40,580517,0.084509397,744.1035856,0,84509397,1,744,1035856,20,2019-05-23 00:00:00.0000000,2018-10-02 00:00:00.0000000,11,2020-07-06 00:00:00.0000000,2019-11-20 00:00:00.0000000,,0,0,1
40,433639,0.466082249,61.80367292,0,466082249,1,61,80367292,2,2019-04-25 00:00:00.0000000,2019-04-16 00:00:00.0000000,NULL,NULL,NULL,,1,1,1
40,662407,0.996899256,10821.04524,0,996899256,0,10821,4524,20,2019-09-24 00:00:00.0000000,2018-10-10 00:00:00.0000000,10,2020-09-28 00:00:00.0000000,2019-11-04 00:00:00.0000000,,0,0,1
40,557197,0.999453433,99124.45787,0,999453433,0,99124,45787,81,2019-09-30 00:00:00.0000000,2018-10-02 00:00:00.0000000,72,2020-09-29 00:00:00.0000000,2019-10-01 00:00:00.0000000,,0,0,1
40,735046,0.645626226,0,0,645626226,0,0,1,2018-12-21 00:00:00.0000000,2018-12-21 00:00:00.0000000,NULL,NULL,NULL,NULL,1,,1,1
40,624353,0.998838147,54853.10698,0,998838147,0,54853,10698,67,2019-09-27 00:00:00.0000000,2018-10-16 00:00:00.0000000,99,2020-09-25 00:00:00.0000000,2019-10-01 00:00:00.0000000,,0,0,1
40,627380,0.997671954,36134.9424,0,997671954,0,36134,9424,48,2019-09-23 00:00:00.0000000,2018-10-08 00:00:00.0000000,52,2020-09-21 00:00:00.0000000,2019-10-03 00:00:00.0000000,,0,0,1
40,733842,0.998385109,201099.224,0,998385109,0,201099,224,46,2019-09-26 00:00:00.0000000,2018-10-16 00:00:00.0000000,51,2020-09-21 00:00:00.0000000,2019-10-14 00:00:00.0000000,,0,0,1
40,422133,0.999772246,315757.3711,0,999772246,0,315757,3711,194,2019-09-30 00:00:00.0000000,2018-10-01 00:00:00.0000000,185,2020-09-30 00:00:00.0000000,2019-10-01 00:00:00.0000000,,0,0,1
40,432879,0.998026022,144515.8815,0,998026022,0,144515,8815,56,2019-09-24 00:00:00.0000000,2018-10-04 00:00:00.0000000,56,2020-09-28 00:00:00.0000000,2019-10-01 00:00:00.0000000,,0,0,1
40,588319,0.993720707,182477.7241,0,993720707,0,182477,7241,13,2019-09-13 00:00:00.0000000,2018-10-05 00:00:00.0000000,16,2020-09-22 00:00:00.0000000,2019-10-26 00:00:00.0000000,,0,0,1
40,747576,0.814542131,0,0,814542131,0,0,1,2019-08-07 00:00:00.0000000,2019-08-07 00:00:00.0000000,NULL,NULL,NULL,NULL,1,,1,1
40,737485,0.334984006,2043.925536,0,334984006,1,2043,925536,2,2018-12-13 00:00:00.0000000,2018-11-30 00:00:00.0000000,13,2020-08-05 00:00:00.0000000,2019-11-07 00:00:00.0000000,,0,0,1
40,423953,0.998355417,42673.01027,0,998355417,0,42673,1027,64,2019-09-25 00:00:00.0000000,2018-10-02 00:00:00.0000000,38,2020-09-30 00:00:00.0000000,2019-10-01 00:00:00.0000000,,0,0,1
40,726036,0.630416033,0,0,630416033,0,0,1,2018-11-15 00:00:00.0000000,2018-11-15 00:00:00.0000000,NULL,NULL,NULL,NULL,1,,1,1
40,588225,0.997236935,14185.80032,0,997236935,0,14185,80032,28,2019-09-23 00:00:00.0000000,2018-10-19 00:00:00.0000000,50,2020-09-10 00:00:00.0000000,2019-10-08 00:00:00.0000000,,0,0,1
40,674491,0.982653925,7354.737076,0,982653925,0,7354,737076,16,2019-08-27 00:00:00.0000000,2018-12-05 00:00:00.0000000,12,2020-08-21 00:00:00.0000000,2019-12-16 00:00:00.0000000,,0,0,1
40,677987,0.989209096,2587.854216,0,989209096,0,2587,854216,6,2019-09-09 00:00:00.0000000,2018-10-17 00:00:00.0000000,6,2020-08-04 00:00:00.0000000,2019-11-18 00:00:00.0000000,,0,0,1
40,433739,0.982999846,6155.834627,0,982999846,0,6155,834627,22,2019-08-26 00:00:00.0000000,2018-10-01 00:00:00.0000000,16,2020-07-09 00:00:00.0000000,2019-10-01 00:00:00.0000000,,0,0,1
40,746072,0.672227546,0,0,672227546,0,0,1,2019-02-14 00:00:00.0000000,2019-02-14 00:00:00.0000000,NULL,NULL,NULL,NULL,1,,1,1
40,526546,0.671700406,0,0,671700406,0,0,1,2019-02-13 00:00:00.0000000,2019-02-13 00:00:00.0000000,NULL,NULL,NULL,NULL,1,,1,1
40,685526,0.613306736,0,0,613306736,0,0,1,2018-10-01 00:00:00.0000000,2018-10-01 00:00:00.0000000,NULL,NULL,NULL,NULL,1,,1,1
40,427438,0.914455293,2374.530978,0,914455293,0,2374,530978,4,2019-04-25 00:00:00.0000000,2018-10-11 00:00:00.0000000,4,2020-09-29 00:00:00.0000000,2020-05-08 00:00:00.0000000,,0,0,1
40,708992,0.998488207,51900.63025,0,998488207,0,51900,63025,51,2019-09-26 00:00:00.0000000,2018-10-04 00:00:00.0000000,59,2020-09-23 00:00:00.0000000,2019-10-21 00:00:00.0000000,,0,0,1
40,743140,0.992061601,117092.2917,0,992061601,0,117092,2917,8,2019-09-16 00:00:00.0000000,2018-11-14 00:00:00.0000000,NULL,NULL,NULL,,1,1,1
40,572399,0.983415344,1695.391596,0,983415344,0,1695,391596,3,2019-09-27 00:00:00.0000000,2018-11-23 00:00:00.0000000,17,2020-09-30 00:00:00.0000000,2019-10-04 00:00:00.0000000,,0,0,1
40,493381,0.558171753,1282.70586,0,558171753,0,1282,70586,4,2019-02-01 00:00:00.0000000,2018-10-23 00:00:00.0000000,6,2020-09-03 00:00:00.0000000,2020-02-04 00:00:00.0000000,,0,0,1
40,436487,0.998801543,26496.14017,0,998801543,0,26496,14017,60,2019-09-27 00:00:00.0000000,2018-10-01 00:00:00.0000000,48,2020-09-23 00:00:00.0000000,2019-10-08 00:00:00.0000000,,0,0,1
40,430012,0.630358454,3562.251751,0,630358454,0,3562,251751,10,2019-05-17 00:00:00.0000000,2018-10-30 00:00:00.0000000,NULL,NULL,NULL,,1,1,1
40,670299,0.763606039,0,0,763606039,0,0,1,2019-06-24 00:00:00.0000000,2019-06-24 00:00:00.0000000,5,2020-09-29 00:00:00.0000000,2019-12-27 00:00:00.0000000,NULL,0,,0,1
40,621462,0.997632548,20135.41776,0,997632548,0,20135,41776,51,2019-09-23 00:00:00.0000000,2018-10-15 00:00:00.0000000,63,2020-09-21 00:00:00.0000000,2019-10-09 00:00:00.0000000,,0,0,1
40,711107,0.982511646,2519.363502,0,982511646,0,2519,363502,10,2019-08-13 00:00:00.0000000,2018-10-10 00:00:00.0000000,4,2020-09-18 00:00:00.0000000,2019-12-30 00:00:00.0000000,,0,0,1
40,423012,0.995320278,7281.683543,0,995320278,0,7281,683543,15,2019-09-19 00:00:00.0000000,2018-10-08 00:00:00.0000000,11,2020-09-10 00:00:00.0000000,2019-10-14 00:00:00.0000000,,0,0,1
40,422275,0.998237756,44070.41401,0,998237756,0,44070,41401,104,2019-09-25 00:00:00.0000000,2018-10-05 00:00:00.0000000,54,2020-08-12 00:00:00.0000000,2019-10-01 00:00:00.0000000,,0,0,1
40,427756,0.998833052,40552.87519,0,998833052,0,40552,87519,65,2019-09-27 00:00:00.0000000,2018-10-10 00:00:00.0000000,69,2020-09-24 00:00:00.0000000,2019-10-14 00:00:00.0000000,,0,0,1
40,622641,0.996090252,9450.055437,0,996090252,0,9450,55437,19,2019-09-20 00:00:00.0000000,2018-10-01 00:00:00.0000000,20,2020-09-17 00:00:00.0000000,2019-10-01 00:00:00.0000000,,0,0,1
40,494902,0.997194144,140034.5708,0,997194144,0,140034,5708,16,2019-09-30 00:00:00.0000000,2018-10-22 00:00:00.0000000,28,2020-09-30 00:00:00.0000000,2019-10-08 00:00:00.0000000,,0,0,1
40,725036,0.616946906,0,0,616946906,0,0,1,2018-10-11 00:00:00.0000000,2018-10-11 00:00:00.0000000,NULL,NULL,NULL,NULL,1,,1,1
40,584218,0.998868719,315370.4148,0,998868719,0,315370,4148,68,2019-09-27 00:00:00.0000000,2018-10-03 00:00:00.0000000,101,2020-09-25 00:00:00.0000000,2019-10-01 00:00:00.0000000,,0,0,1
40,608978,0.99349188,1936.559668,0,99349188,0,1936,559668,9,2019-09-20 00:00:00.0000000,2018-10-29 00:00:00.0000000,21,2020-09-18 00:00:00.0000000,2019-10-16 00:00:00.0000000,,0,0,1
40,434254,0.653835873,0,0,653835873,0,0,1,2019-01-08 00:00:00.0000000,2019-01-08 00:00:00.0000000,2,2020-06-04 00:00:00.0000000,2019-12-19 00:00:00.0000000,NULL,0,,0,1
40,744291,0.641247908,0,0,641247908,0,0,1,2018-12-11 00:00:00.0000000,2018-12-11 00:00:00.0000000,NULL,NULL,NULL,NULL,1,,1,1
40,669872,0.621812512,0,0,621812512,0,0,1,2018-10-24 00:00:00.0000000,2018-10-24 00:00:00.0000000,NULL,NULL,NULL,NULL,1,,1,1
40,737093,0.998987819,360776.2377,0,998987819,0,360776,2377,92,2019-09-27 00:00:00.0000000,2018-10-01 00:00:00.0000000,83,2020-09-29 00:00:00.0000000,2019-10-02 00:00:00.0000000,,0,0,1
40,744451,0.40280321,5784.861818,0,40280321,1,5784,861818,2,2018-12-17 00:00:00.0000000,2018-11-30 00:00:00.0000000,NULL,NULL,NULL,,1,1,1
40,742792,0.622193276,0,0,622193276,0,0,1,2018-10-25 00:00:00.0000000,2018-10-25 00:00:00.0000000,NULL,NULL,NULL,NULL,1,,1,1
40,651278,0.601104181,5593.924929,0,601104181,0,5593,924929,3,2019-01-29 00:00:00.0000000,2018-11-21 00:00:00.0000000,10,2020-09-14 00:00:00.0000000,2020-01-24 00:00:00.0000000,,0,0,1
40,464474,6.35E-04,300.2373722,0,635,1,300,2373722,30,2019-05-15 00:00:00.0000000,2018-10-03 00:00:00.0000000,NULL,NULL,NULL,,1,1,1
40,572584,0.998563976,16559.28354,0,998563976,0,16559,28354,31,2019-09-30 00:00:00.0000000,2018-10-02 00:00:00.0000000,17,2020-09-14 00:00:00.0000000,2019-10-31 00:00:00.0000000,,0,0,1
40,425178,0.998998061,179138.2188,0,998998061,0,179138,2188,96,2019-09-27 00:00:00.0000000,2018-10-01 00:00:00.0000000,70,2020-09-29 00:00:00.0000000,2019-10-02 00:00:00.0000000,,0,0,1
40,706443,0.995882213,11668.88632,0,995882213,0,11668,88632,13,2019-09-25 00:00:00.0000000,2018-10-05 00:00:00.0000000,14,2020-09-22 00:00:00.0000000,2019-10-21 00:00:00.0000000,,0,0,1
40,624323,0.64786306,0,0,64786306,0,0,1,2018-12-26 00:00:00.0000000,2018-12-26 00:00:00.0000000,NULL,NULL,NULL,NULL,1,,1,1
40,688520,0.083610399,9.919011325,0,83610399,1,9,919011325,2,2018-10-17 00:00:00.0000000,2018-10-16 00:00:00.0000000,NULL,NULL,NULL,,1,1,1
40,724808,0.060500469,29.22152592,0,60500469,1,29,22152592,6,2018-12-28 00:00:00.0000000,2018-10-01 00:00:00.0000000,NULL,NULL,NULL,,1,1,1
40,704935,0.888473103,3410.775723,0,888473103,0,3410,775723,7,2019-05-27 00:00:00.0000000,2018-10-23 00:00:00.0000000,11,2020-09-21 00:00:00.0000000,2019-10-01 00:00:00.0000000,,0,0,1
40,730133,0.43760555,5211.888055,0,43760555,1,5211,888055,6,2019-07-10 00:00:00.0000000,2019-05-23 00:00:00.0000000,NULL,NULL,NULL,,1,1,1
40,428329,0.835602536,17937.37564,0,835602536,0,17937,37564,27,2019-07-31 00:00:00.0000000,2018-10-01 00:00:00.0000000,18,2020-07-28 00:00:00.0000000,2019-10-14 00:00:00.0000000,,0,0,1
40,738645,0.019240234,247.657479,0,19240234,1,247,657479,6,2018-12-13 00:00:00.0000000,2018-10-05 00:00:00.0000000,NULL,NULL,NULL,,1,1,1
40,708338,0.998598745,107313.4997,0,998598745,0,107313,4997,46,2019-09-27 00:00:00.0000000,2018-10-04 00:00:00.0000000,20,2020-06-16 00:00:00.0000000,2019-10-09 00:00:00.0000000,,0,0,1
40,522498,0.996190528,6031.693119,0,996190528,0,6031,693119,14,2019-09-26 00:00:00.0000000,2018-11-20 00:00:00.0000000,4,2020-06-16 00:00:00.0000000,2019-11-14 00:00:00.0000000,,0,0,1
40,581255,0.940147464,1023.667791,0,940147464,0,1023,667791,3,2019-05-08 00:00:00.0000000,2018-10-18 00:00:00.0000000,NULL,NULL,NULL,,1,1,1
40,712841,0.996698287,7007.805602,0,996698287,0,7007,805602,17,2019-09-25 00:00:00.0000000,2018-10-01 00:00:00.0000000,16,2020-09-15 00:00:00.0000000,2019-10-24 00:00:00.0000000,,0,0,1
40,429919,0.981969368,850.5242544,0,981969368,0,850,5242544,3,2019-09-23 00:00:00.0000000,2019-04-22 00:00:00.0000000,13,2020-09-21 00:00:00.0000000,2019-11-21 00:00:00.0000000,,0,0,1
40,662823,0.904130593,157.7224171,0,904130593,0,157,7224171,2,2019-07-22 00:00:00.0000000,2019-06-10 00:00:00.0000000,NULL,NULL,NULL,,1,1,1
40,696098,0.628892081,5351.416414,0,628892081,0,5351,416414,5,2019-03-14 00:00:00.0000000,2018-11-05 00:00:00.0000000,3,2020-02-12 00:00:00.0000000,2019-10-31 00:00:00.0000000,,0,0,1
40,580700,0.998469798,31344.2386,0,998469798,0,31344,2386,41,2019-09-27 00:00:00.0000000,2018-10-18 00:00:00.0000000,38,2020-09-28 00:00:00.0000000,2019-10-02 00:00:00.0000000,,0,0,1
40,717224,0.982000211,24368.39349,0,982000211,0,24368,39349,5,2019-09-18 00:00:00.0000000,2019-07-10 00:00:00.0000000,9,2020-02-21 00:00:00.0000000,2019-10-11 00:00:00.0000000,,0,0,1
40,669152,0.972700852,32.76981723,0,972700852,0,32,76981723,2,2019-09-16 00:00:00.0000000,2018-11-06 00:00:00.0000000,5,2019-12-23 00:00:00.0000000,2019-11-27 00:00:00.0000000,,0,0,1
40,433050,0.998806543,36182.99802,0,998806543,0,36182,99802,62,2019-09-27 00:00:00.0000000,2018-10-10 00:00:00.0000000,106,2020-09-30 00:00:00.0000000,2019-10-02 00:00:00.0000000,,0,0,1
40,464477,0.978319406,14526.24672,0,978319406,0,14526,24672,7,2019-08-06 00:00:00.0000000,2018-11-14 00:00:00.0000000,3,2020-09-16 00:00:00.0000000,2019-12-11 00:00:00.0000000,,0,0,1
40,725755,0.78824797,165.6910438,0,78824797,0,165,6910438,2,2019-02-07 00:00:00.0000000,2018-12-07 00:00:00.0000000,NULL,NULL,NULL,,1,1,1
40,426321,0.945559959,145.0246086,0,945559959,0,145,246086,2,2019-05-07 00:00:00.0000000,2018-10-02 00:00:00.0000000,1,2019-11-14 00:00:00.0000000,2019-11-14 00:00:00.0000000,,0,0,1
40,713863,0.691921709,0,0,691921709,0,0,1,2019-03-21 00:00:00.0000000,2019-03-21 00:00:00.0000000,NULL,NULL,NULL,NULL,1,,1,1
40,608082,0.709064473,0,0,709064473,0,0,1,2019-04-17 00:00:00.0000000,2019-04-17 00:00:00.0000000,1,2020-03-27 00:00:00.0000000,2020-03-27 00:00:00.0000000,NULL,0,,0,1
40,701944,0.621053813,0,0,621053813,0,0,1,2018-10-22 00:00:00.0000000,2018-10-22 00:00:00.0000000,10,2020-08-20 00:00:00.0000000,2019-11-19 00:00:00.0000000,NULL,0,,0,1
40,721070,0.709064473,0,0,709064473,0,0,1,2019-04-17 00:00:00.0000000,2019-04-17 00:00:00.0000000,NULL,NULL,NULL,NULL,1,,1,1
40,427708,0.658593607,0,0,658593607,0,0,1,2019-01-18 00:00:00.0000000,2019-01-18 00:00:00.0000000,NULL,NULL,NULL,NULL,1,,1,1
40,427835,0.970160977,2033.440051,0,970160977,0,2033,440051,5,2019-07-09 00:00:00.0000000,2018-10-08 00:00:00.0000000,4,2020-07-09 00:00:00.0000000,2019-10-28 00:00:00.0000000,,0,0,1
40,712773,0.998553643,103986.4748,0,998553643,0,103986,4748,56,2019-09-26 00:00:00.0000000,2018-10-01 00:00:00.0000000,50,2020-09-30 00:00:00.0000000,2019-10-01 00:00:00.0000000,,0,0,1
40,422846,0.614132792,101.2146466,0,614132792,0,101,2146466,2,2018-11-19 00:00:00.0000000,2018-10-09 00:00:00.0000000,2,2020-08-25 00:00:00.0000000,2020-06-26 00:00:00.0000000,,0,0,1
40,466391,0.901234793,2644.801334,0,901234793,0,2644,801334,12,2019-07-09 00:00:00.0000000,2018-11-12 00:00:00.0000000,15,2020-07-27 00:00:00.0000000,2019-10-08 00:00:00.0000000,,0,0,1
40,429481,0.672227546,0,0,672227546,0,0,1,2019-02-14 00:00:00.0000000,2019-02-14 00:00:00.0000000,NULL,NULL,NULL,NULL,1,,1,1
40,638461,0.975436224,4385.319962,0,975436224,0,4385,319962,17,2019-08-14 00:00:00.0000000,2018-10-02 00:00:00.0000000,21,2020-09-23 00:00:00.0000000,2019-10-10 00:00:00.0000000,,0,0,1
40,669856,0.616211902,0,0,616211902,0,0,1,2018-10-09 00:00:00.0000000,2018-10-09 00:00:00.0000000,NULL,NULL,NULL,NULL,1,,1,1
40,654186,0.992164581,4637.138048,0,992164581,0,4637,138048,12,2019-09-11 00:00:00.0000000,2018-12-03 00:00:00.0000000,10,2020-09-22 00:00:00.0000000,2019-10-02 00:00:00.0000000,,0,0,1
40,421773,0.998990926,21982.65801,0,998990926,0,21982,65801,44,2019-09-30 00:00:00.0000000,2018-10-09 00:00:00.0000000,40,2020-09-30 00:00:00.0000000,2019-10-01 00:00:00.0000000,,0,0,1
40,692469,0.947242973,6204.035652,0,947242973,0,6204,35652,3,2019-09-09 00:00:00.0000000,2019-08-12 00:00:00.0000000,1,2020-07-31 00:00:00.0000000,2020-07-31 00:00:00.0000000,,0,0,1
40,698114,0.690725404,0,0,690725404,0,0,1,2019-03-19 00:00:00.0000000,2019-03-19 00:00:00.0000000,NULL,NULL,NULL,NULL,1,,1,1
40,424341,0.951471267,4161.746933,0,951471267,0,4161,746933,9,2019-07-05 00:00:00.0000000,2018-10-03 00:00:00.0000000,6,2020-09-18 00:00:00.0000000,2019-10-18 00:00:00.0000000,,0,0,1
40,631266,0.996969729,35235.61155,0,996969729,0,35235,61155,19,2019-09-25 00:00:00.0000000,2018-10-01 00:00:00.0000000,26,2020-09-30 00:00:00.0000000,2019-10-01 00:00:00.0000000,,0,0,1
40,686319,0.312096698,386.9680706,0,312096698,1,386,9680706,2,2019-04-15 00:00:00.0000000,2019-04-11 00:00:00.0000000,NULL,NULL,NULL,,1,1,1
40,472156,0.804052023,16633.00483,0,804052023,0,16633,483,19,2019-07-11 00:00:00.0000000,2018-10-05 00:00:00.0000000,5,2020-05-19 00:00:00.0000000,2019-12-16 00:00:00.0000000,,0,0,1
40,525236,0.922424168,7513.175174,0,922424168,0,7513,175174,7,2019-06-28 00:00:00.0000000,2018-12-18 00:00:00.0000000,NULL,NULL,NULL,,1,1,1
40,592718,0.998563976,17247.10032,0,998563976,0,17247,10032,31,2019-09-30 00:00:00.0000000,2018-10-08 00:00:00.0000000,43,2020-09-30 00:00:00.0000000,2019-10-07 00:00:00.0000000,,0,0,1
40,745689,0.680424514,9905.945036,0,680424514,0,9905,945036,2,2019-03-14 00:00:00.0000000,2019-02-11 00:00:00.0000000,1,2019-10-08 00:00:00.0000000,2019-10-08 00:00:00.0000000,,0,0,1
40,746767,0.971267545,35619.19978,0,971267545,0,35619,19978,36,2019-09-11 00:00:00.0000000,2019-02-26 00:00:00.0000000,67,2020-09-30 00:00:00.0000000,2019-10-01 00:00:00.0000000,,0,0,1
40,579665,0.994351288,3.938781834,0,994351288,0,3,938781834,10,2019-09-24 00:00:00.0000000,2019-01-16 00:00:00.0000000,12,2020-09-17 00:00:00.0000000,2019-10-21 00:00:00.0000000,,0,0,1
40,599585,0.614752414,0,0,614752414,0,0,1,2018-10-05 00:00:00.0000000,2018-10-05 00:00:00.0000000,2,2020-01-16 00:00:00.0000000,2019-10-23 00:00:00.0000000,NULL,0,,0,1
40,734450,0.600823142,40239.99017,0,600823142,0,40239,99017,5,2019-02-27 00:00:00.0000000,2018-10-17 00:00:00.0000000,NULL,NULL,NULL,,1,1,1
40,433907,0.994282666,138753.159,0,994282666,0,138753,159,65,2019-09-18 00:00:00.0000000,2018-10-02 00:00:00.0000000,50,2020-09-29 00:00:00.0000000,2019-10-02 00:00:00.0000000,,0,0,1
40,713600,0.690296735,15108.71124,0,690296735,0,15108,71124,28,2019-07-24 00:00:00.0000000,2018-10-04 00:00:00.0000000,35,2020-09-29 00:00:00.0000000,2019-10-15 00:00:00.0000000,,0,0,1
40,725662,0.982001305,17595.02721,0,982001305,0,17595,2721,4,2019-09-05 00:00:00.0000000,2019-02-26 00:00:00.0000000,NULL,NULL,NULL,,1,1,1
40,703389,0.973048566,582.6461616,0,973048566,0,582,6461616,2,2019-09-23 00:00:00.0000000,2019-03-13 00:00:00.0000000,NULL,NULL,NULL,,1,1,1
40,521682,0.992561939,101818.3192,0,992561939,0,101818,3192,34,2019-09-12 00:00:00.0000000,2018-10-16 00:00:00.0000000,24,2020-09-17 00:00:00.0000000,2019-10-09 00:00:00.0000000,,0,0,1
40,636115,0.971620937,1342.578123,0,971620937,0,1342,578123,2,2019-09-13 00:00:00.0000000,2019-01-22 00:00:00.0000000,3,2020-09-30 00:00:00.0000000,2020-09-01 00:00:00.0000000,,0,0,1
40,636210,0.894365023,4657.580058,0,894365023,0,4657,580058,3,2019-03-27 00:00:00.0000000,2018-10-23 00:00:00.0000000,2,2020-04-29 00:00:00.0000000,2019-10-18 00:00:00.0000000,,0,0,1
40,737543,0.99522351,1089.023182,0,99522351,0,1089,23182,12,2019-09-23 00:00:00.0000000,2018-10-30 00:00:00.0000000,12,2020-09-21 00:00:00.0000000,2019-10-30 00:00:00.0000000,,0,0,1
40,658184,0.997657674,23043.52573,0,997657674,0,23043,52573,25,2019-09-26 00:00:00.0000000,2018-10-09 00:00:00.0000000,30,2020-09-10 00:00:00.0000000,2019-10-08 00:00:00.0000000,,0,0,1
40,428520,0.999473017,164291.5468,0,999473017,0,164291,5468,84,2019-09-30 00:00:00.0000000,2018-10-01 00:00:00.0000000,98,2020-09-28 00:00:00.0000000,2019-10-01 00:00:00.0000000,,0,0,1
40,472541,0.997943047,23210.92564,0,997943047,0,23210,92564,44,2019-09-24 00:00:00.0000000,2018-10-02 00:00:00.0000000,57,2020-09-30 00:00:00.0000000,2019-10-01 00:00:00.0000000,,0,0,1
40,430485,0.996005447,16708.20512,0,996005447,0,16708,20512,30,2019-09-18 00:00:00.0000000,2018-10-08 00:00:00.0000000,1,2020-06-11 00:00:00.0000000,2020-06-11 00:00:00.0000000,,0,0,1
40,671088,0.995462989,6360.985464,0,995462989,0,6360,985464,10,2019-09-30 00:00:00.0000000,2018-10-26 00:00:00.0000000,14,2020-09-25 00:00:00.0000000,2019-10-03 00:00:00.0000000,,0,0,1
40,424497,0.999758536,996804.7499,0,999758536,0,996804,7499,183,2019-09-30 00:00:00.0000000,2018-10-01 00:00:00.0000000,153,2020-09-29 00:00:00.0000000,2019-10-02 00:00:00.0000000,,0,0,1
40,433072,0.252500463,257.3602725,0,252500463,1,257,3602725,4,2018-12-14 00:00:00.0000000,2018-10-03 00:00:00.0000000,3,2020-08-03 00:00:00.0000000,2020-06-17 00:00:00.0000000,,0,0,1
40,424146,0.99703686,8872.408986,0,99703686,0,8872,408986,20,2019-09-25 00:00:00.0000000,2018-10-22 00:00:00.0000000,16,2020-09-24 00:00:00.0000000,2019-10-07 00:00:00.0000000,,0,0,1
40,426342,0.963709816,9279.605543,0,963709816,0,9279,605543,4,2019-07-02 00:00:00.0000000,2018-11-13 00:00:00.0000000,1,2019-10-09 00:00:00.0000000,2019-10-09 00:00:00.0000000,,0,0,1
40,724844,0.83356379,651.514006,0,83356379,0,651,514006,8,2019-05-15 00:00:00.0000000,2018-10-03 00:00:00.0000000,NULL,NULL,NULL,,1,1,1
40,607419,0.973742177,14569.09062,0,973742177,0,14569,9062,3,2019-09-18 00:00:00.0000000,2019-07-30 00:00:00.0000000,9,2020-09-30 00:00:00.0000000,2019-10-01 00:00:00.0000000,,0,0,1
40,427657,0.995843957,10385.03476,0,995843957,0,10385,3476,29,2019-09-18 00:00:00.0000000,2018-10-22 00:00:00.0000000,43,2020-09-18 00:00:00.0000000,2019-10-11 00:00:00.0000000,,0,0,1
40,737831,0.705084472,0,0,705084472,0,0,1,2019-04-11 00:00:00.0000000,2019-04-11 00:00:00.0000000,2,2019-10-22 00:00:00.0000000,2019-10-15 00:00:00.0000000,NULL,0,,0,1
40,729344,0.728134931,321.106165,0,728134931,0,321,106165,3,2019-04-08 00:00:00.0000000,2019-01-31 00:00:00.0000000,10,2020-09-30 00:00:00.0000000,2019-11-15 00:00:00.0000000,,0,0,1
40,647465,0.977494698,7589.053709,0,977494698,0,7589,53709,10,2019-08-12 00:00:00.0000000,2018-11-26 00:00:00.0000000,9,2020-09-02 00:00:00.0000000,2019-10-04 00:00:00.0000000,,0,0,1
40,707314,0.867565478,102.4509121,0,867565478,0,102,4509121,3,2019-02-28 00:00:00.0000000,2018-10-03 00:00:00.0000000,20,2020-09-07 00:00:00.0000000,2019-11-11 00:00:00.0000000,,0,0,1
40,731969,0.992257333,8611.284837,0,992257333,0,8611,284837,10,2019-09-11 00:00:00.0000000,2018-10-24 00:00:00.0000000,9,2020-09-30 00:00:00.0000000,2019-10-29 00:00:00.0000000,,0,0,1
40,650966,0.998515666,43996.21317,0,998515666,0,43996,21317,30,2019-09-30 00:00:00.0000000,2018-10-23 00:00:00.0000000,41,2020-09-24 00:00:00.0000000,2019-10-02 00:00:00.0000000,,0,0,1
40,731614,0.86821316,4137.273677,0,86821316,0,4137,273677,15,2019-07-05 00:00:00.0000000,2018-10-03 00:00:00.0000000,6,2020-09-07 00:00:00.0000000,2019-10-29 00:00:00.0000000,,0,0,1
40,435474,0.987754774,1439.278956,0,987754774,0,1439,278956,4,2019-09-27 00:00:00.0000000,2018-11-21 00:00:00.0000000,NULL,NULL,NULL,,1,1,1
40,422476,0.356496986,1124.694028,0,356496986,1,1124,694028,4,2019-03-15 00:00:00.0000000,2019-01-16 00:00:00.0000000,3,2020-06-11 00:00:00.0000000,2020-02-20 00:00:00.0000000,,0,0,1
40,430875,0.998481298,43295.73823,0,998481298,0,43295,73823,50,2019-09-26 00:00:00.0000000,2018-10-01 00:00:00.0000000,61,2020-09-16 00:00:00.0000000,2019-10-01 00:00:00.0000000,,0,0,1
40,522778,0.96962039,1477.259018,0,96962039,0,1477,259018,4,2019-07-16 00:00:00.0000000,2018-11-19 00:00:00.0000000,2,2020-07-30 00:00:00.0000000,2020-07-09 00:00:00.0000000,,0,0,1
40,751794,0.814542131,0,0,814542131,0,0,1,2019-08-07 00:00:00.0000000,2019-08-07 00:00:00.0000000,NULL,NULL,NULL,NULL,1,,1,1
40,701489,0.987764237,8978.9312,0,987764237,0,8978,9312,31,2019-09-05 00:00:00.0000000,2018-10-04 00:00:00.0000000,23,2020-09-09 00:00:00.0000000,2019-10-14 00:00:00.0000000,,0,0,1
40,714879,0.204416311,74.04850124,0,204416311,1,74,4850124,3,2019-01-09 00:00:00.0000000,2018-12-11 00:00:00.0000000,NULL,NULL,NULL,,1,1,1
40,601224,0.968300829,5289.445327,0,968300829,0,5289,445327,7,2019-07-17 00:00:00.0000000,2018-10-25 00:00:00.0000000,6,2020-07-07 00:00:00.0000000,2019-10-21 00:00:00.0000000,,0,0,1
40,433476,0.977946062,1715.738172,0,977946062,0,1715,738172,3,2019-08-20 00:00:00.0000000,2018-10-17 00:00:00.0000000,2,2020-07-28 00:00:00.0000000,2019-12-13 00:00:00.0000000,,0,0,1
40,672310,0.992959004,11322.54452,0,992959004,0,11322,54452,28,2019-09-12 00:00:00.0000000,2018-10-30 00:00:00.0000000,21,2020-09-28 00:00:00.0000000,2019-10-11 00:00:00.0000000,,0,0,1
40,432882,0.644299585,0,0,644299585,0,0,1,2018-12-18 00:00:00.0000000,2018-12-18 00:00:00.0000000,12,2020-07-16 00:00:00.0000000,2019-10-31 00:00:00.0000000,NULL,0,,0,1
40,692779,0.992054648,4448.787021,0,992054648,0,4448,787021,17,2019-09-07 00:00:00.0000000,2018-10-16 00:00:00.0000000,10,2020-09-02 00:00:00.0000000,2019-10-02 00:00:00.0000000,,0,0,1
40,733337,0.991307591,82594.1309,0,991307591,0,82594,1309,11,2019-09-05 00:00:00.0000000,2018-10-08 00:00:00.0000000,3,2020-02-18 00:00:00.0000000,2019-10-16 00:00:00.0000000,,0,0,1
40,557388,0.995359861,14129.91663,0,995359861,0,14129,91663,20,2019-09-19 00:00:00.0000000,2018-12-11 00:00:00.0000000,6,2020-08-07 00:00:00.0000000,2019-10-04 00:00:00.0000000,,0,0,1
40,750745,0.773659798,0,0,773659798,0,0,1,2019-07-04 00:00:00.0000000,2019-07-04 00:00:00.0000000,NULL,NULL,NULL,NULL,1,,1,1
40,647538,0.992786544,25099.44387,0,992786544,0,25099,44387,19,2019-09-10 00:00:00.0000000,2018-10-31 00:00:00.0000000,14,2020-09-21 00:00:00.0000000,2019-10-07 00:00:00.0000000,,0,0,1
40,750905,0.796209808,0,0,796209808,0,0,1,2019-07-24 00:00:00.0000000,2019-07-24 00:00:00.0000000,NULL,NULL,NULL,NULL,1,,1,1
40,641139,0.645182739,0,0,645182739,0,0,1,2018-12-20 00:00:00.0000000,2018-12-20 00:00:00.0000000,12,2020-08-26 00:00:00.0000000,2019-10-07 00:00:00.0000000,NULL,0,,0,1
40,494936,0.91067851,176716.6267,0,91067851,0,176716,6267,18,2019-07-24 00:00:00.0000000,2018-10-11 00:00:00.0000000,18,2020-09-17 00:00:00.0000000,2019-10-28 00:00:00.0000000,,0,0,1
40,422034,0.995959854,25491.74769,0,995959854,0,25491,74769,52,2019-09-19 00:00:00.0000000,2018-10-02 00:00:00.0000000,7,2020-02-03 00:00:00.0000000,2019-10-03 00:00:00.0000000,,0,0,1
40,646798,0.859992618,1400.266078,0,859992618,0,1400,266078,2,2019-03-29 00:00:00.0000000,2019-01-11 00:00:00.0000000,NULL,NULL,NULL,,1,1,1
40,433547,0.998549881,26983.77279,0,998549881,0,26983,77279,44,2019-09-27 00:00:00.0000000,2018-10-10 00:00:00.0000000,66,2020-09-29 00:00:00.0000000,2019-10-01 00:00:00.0000000,,0,0,1
40,599151,0.995694579,51357.81183,0,995694579,0,51357,81183,30,2019-09-17 00:00:00.0000000,2018-10-05 00:00:00.0000000,34,2020-09-28 00:00:00.0000000,2019-10-01 00:00:00.0000000,,0,0,1
40,726946,0.952749134,2066.051619,0,952749134,0,2066,51619,7,2019-06-24 00:00:00.0000000,2018-10-01 00:00:00.0000000,NULL,NULL,NULL,,1,1,1
40,742472,0.972780446,555.5387336,0,972780446,0,555,5387336,3,2019-07-24 00:00:00.0000000,2018-10-08 00:00:00.0000000,1,2020-01-09 00:00:00.0000000,2020-01-09 00:00:00.0000000,,0,0,1
40,436326,0.998646817,75006.23188,0,998646817,0,75006,23188,69,2019-09-26 00:00:00.0000000,2018-10-02 00:00:00.0000000,54,2020-09-29 00:00:00.0000000,2019-10-02 00:00:00.0000000,,0,0,1
40,434971,0.823257598,31968.96482,0,823257598,0,31968,96482,32,2019-08-09 00:00:00.0000000,2018-10-19 00:00:00.0000000,17,2020-07-21 00:00:00.0000000,2019-10-01 00:00:00.0000000,,0,0,1
40,717197,0.630014309,0,0,630014309,0,0,1,2018-11-14 00:00:00.0000000,2018-11-14 00:00:00.0000000,2,2020-05-11 00:00:00.0000000,2020-04-20 00:00:00.0000000,NULL,0,,0,1
40,422665,0.997578052,79994.31424,0,997578052,0,79994,31424,43,2019-09-23 00:00:00.0000000,2018-10-19 00:00:00.0000000,30,2020-09-18 00:00:00.0000000,2019-10-10 00:00:00.0000000,,0,0,1
40,724704,0.616780096,652.9424744,0,616780096,0,652,9424744,11,2019-05-13 00:00:00.0000000,2018-10-01 00:00:00.0000000,1,2019-10-10 00:00:00.0000000,2019-10-10 00:00:00.0000000,,0,0,1
40,585078,0.947941652,3397.000217,0,947941652,0,3397,217,4,2019-06-13 00:00:00.0000000,2018-11-27 00:00:00.0000000,2,2020-01-24 00:00:00.0000000,2019-12-20 00:00:00.0000000,,0,0,1
40,473619,0.380321935,446.31546,0,380321935,1,446,31546,6,2019-04-24 00:00:00.0000000,2019-01-22 00:00:00.0000000,NULL,NULL,NULL,,1,1,1
40,433094,0.981086232,4530.420912,0,981086232,0,4530,420912,3,2019-09-11 00:00:00.0000000,2018-11-23 00:00:00.0000000,9,2020-09-18 00:00:00.0000000,2019-12-30 00:00:00.0000000,,0,0,1
40,682184,0.367617471,110.3557799,0,367617471,1,110,3557799,2,2018-11-16 00:00:00.0000000,2018-10-30 00:00:00.0000000,NULL,NULL,NULL,,1,1,1
40,559732,0.99510383,61551.53045,0,99510383,0,61551,53045,67,2019-09-19 00:00:00.0000000,2018-10-01 00:00:00.0000000,57,2020-09-30 00:00:00.0000000,2019-10-22 00:00:00.0000000,,0,0,1
40,594178,0.997743737,34325.72246,0,997743737,0,34325,72246,24,2019-09-27 00:00:00.0000000,2018-10-05 00:00:00.0000000,15,2020-09-17 00:00:00.0000000,2019-10-18 00:00:00.0000000,,0,0,1
40,442541,0.998701339,25139.7275,0,998701339,0,25139,7275,92,2019-09-26 00:00:00.0000000,2018-10-01 00:00:00.0000000,66,2020-09-23 00:00:00.0000000,2019-10-02 00:00:00.0000000,,0,0,1
40,432949,0.985937708,60634.99692,0,985937708,0,60634,99692,12,2019-08-21 00:00:00.0000000,2018-10-03 00:00:00.0000000,11,2020-09-30 00:00:00.0000000,2019-10-31 00:00:00.0000000,,0,0,1
40,661116,0.996532635,6924.816143,0,996532635,0,6924,816143,13,2019-09-30 00:00:00.0000000,2018-10-02 00:00:00.0000000,19,2020-09-09 00:00:00.0000000,2019-10-01 00:00:00.0000000,,0,0,1
40,670237,0.986055075,4446.048158,0,986055075,0,4446,48158,7,2019-08-26 00:00:00.0000000,2018-11-21 00:00:00.0000000,11,2020-08-31 00:00:00.0000000,2019-10-11 00:00:00.0000000,,0,0,1
40,589153,0.934311666,128884.2276,0,934311666,0,128884,2276,5,2019-06-26 00:00:00.0000000,2019-01-10 00:00:00.0000000,2,2020-01-22 00:00:00.0000000,2019-12-31 00:00:00.0000000,,0,0,1
40,743141,0.997000857,5974.067978,0,997000857,0,5974,67978,18,2019-09-27 00:00:00.0000000,2018-12-27 00:00:00.0000000,10,2020-09-15 00:00:00.0000000,2019-10-21 00:00:00.0000000,,0,0,1
40,661452,0.757894676,0,0,757894676,0,0,1,2019-06-18 00:00:00.0000000,2019-06-18 00:00:00.0000000,NULL,NULL,NULL,NULL,1,,1,1
40,623425,0.573512645,3967.770473,0,573512645,0,3967,770473,12,2019-05-23 00:00:00.0000000,2018-10-17 00:00:00.0000000,19,2020-09-10 00:00:00.0000000,2019-12-20 00:00:00.0000000,,0,0,1
40,607417,0.997580515,40845.31759,0,997580515,0,40845,31759,37,2019-09-23 00:00:00.0000000,2018-10-03 00:00:00.0000000,47,2020-09-16 00:00:00.0000000,2019-10-01 00:00:00.0000000,,0,0,1
40,435324,0.99066172,1320.609802,0,99066172,0,1320,609802,5,2019-09-30 00:00:00.0000000,2018-10-08 00:00:00.0000000,1,2019-10-03 00:00:00.0000000,2019-10-03 00:00:00.0000000,,0,0,1
40,580316,0.995886028,14596.90663,0,995886028,0,14596,90663,11,2019-09-30 00:00:00.0000000,2018-12-28 00:00:00.0000000,9,2020-07-22 00:00:00.0000000,2019-10-30 00:00:00.0000000,,0,0,1
40,422481,0.999779088,777392.7481,0,999779088,0,777392,7481,200,2019-09-30 00:00:00.0000000,2018-10-01 00:00:00.0000000,161,2020-09-30 00:00:00.0000000,2019-10-01 00:00:00.0000000,,0,0,1
40,739413,0.977682216,1963.023117,0,977682216,0,1963,23117,3,2019-09-17 00:00:00.0000000,2019-06-20 00:00:00.0000000,2,2020-09-03 00:00:00.0000000,2020-06-16 00:00:00.0000000,,0,0,1
40,722199,0.997261407,81435.77353,0,997261407,0,81435,77353,24,2019-09-24 00:00:00.0000000,2018-10-04 00:00:00.0000000,30,2020-09-21 00:00:00.0000000,2019-10-21 00:00:00.0000000,,0,0,1
40,547639,0.97111779,11952.00091,0,97111779,0,11952,91,17,2019-08-12 00:00:00.0000000,2018-10-11 00:00:00.0000000,11,2020-09-29 00:00:00.0000000,2019-12-16 00:00:00.0000000,,0,0,1
40,471620,0.997707735,26661.40155,0,997707735,0,26661,40155,47,2019-09-23 00:00:00.0000000,2018-10-01 00:00:00.0000000,52,2020-09-08 00:00:00.0000000,2019-10-08 00:00:00.0000000,,0,0,1
40,698758,0.989146667,8186.568718,0,989146667,0,8186,568718,13,2019-09-02 00:00:00.0000000,2018-11-20 00:00:00.0000000,9,2020-09-30 00:00:00.0000000,2019-10-25 00:00:00.0000000,,0,0,1
40,737834,0.999529244,136317.8373,0,999529244,0,136317,8373,94,2019-09-30 00:00:00.0000000,2018-10-02 00:00:00.0000000,75,2020-09-29 00:00:00.0000000,2019-10-01 00:00:00.0000000,,0,0,1
40,434275,0.994371598,5410.33447,0,994371598,0,5410,33447,13,2019-09-16 00:00:00.0000000,2018-10-03 00:00:00.0000000,3,2020-07-21 00:00:00.0000000,2020-01-08 00:00:00.0000000,,0,0,1
40,682735,0.99865174,230627.1674,0,99865174,0,230627,1674,33,2019-09-30 00:00:00.0000000,2018-10-11 00:00:00.0000000,21,2020-09-28 00:00:00.0000000,2019-10-01 00:00:00.0000000,,0,0,1
40,625161,0.99394179,3850.360623,0,99394179,0,3850,360623,9,2019-09-23 00:00:00.0000000,2018-11-07 00:00:00.0000000,9,2020-09-03 00:00:00.0000000,2019-10-22 00:00:00.0000000,,0,0,1
40,724840,0.966335631,625.0242828,0,966335631,0,625,242828,3,2019-06-28 00:00:00.0000000,2018-10-01 00:00:00.0000000,NULL,NULL,NULL,,1,1,1
40,697152,0.973548208,336.4388239,0,973548208,0,336,4388239,3,2019-08-22 00:00:00.0000000,2019-03-01 00:00:00.0000000,NULL,NULL,NULL,,1,1,1
40,689573,0.709738084,0,0,709738084,0,0,1,2019-04-18 00:00:00.0000000,2019-04-18 00:00:00.0000000,NULL,NULL,NULL,NULL,1,,1,1
40,739881,0.933802463,3404.222698,0,933802463,0,3404,222698,4,2019-06-13 00:00:00.0000000,2019-01-02 00:00:00.0000000,3,2020-09-17 00:00:00.0000000,2020-02-11 00:00:00.0000000,,0,0,1
40,430241,0.017843209,322.464077,0,17843209,1,322,464077,11,2019-06-12 00:00:00.0000000,2019-04-04 00:00:00.0000000,5,2020-05-20 00:00:00.0000000,2020-05-11 00:00:00.0000000,,0,0,1
40,740398,0.696184181,0,0,696184181,0,0,1,2019-03-28 00:00:00.0000000,2019-03-28 00:00:00.0000000,NULL,NULL,NULL,NULL,1,,1,1
40,740460,6.73E-07,0.08406992,6,7.30E-06,1,0,8406992,33,2019-04-08 00:00:00.0000000,2018-10-01 00:00:00.0000000,NULL,NULL,NULL,,1,1,1
40,592332,0.991160906,4759.796035,0,991160906,0,4759,796035,17,2019-09-04 00:00:00.0000000,2018-10-04 00:00:00.0000000,20,2020-09-22 00:00:00.0000000,2019-10-23 00:00:00.0000000,,0,0,1
40,433513,0.997267183,5557.817955,0,997267183,0,5557,817955,24,2019-09-24 00:00:00.0000000,2018-10-02 00:00:00.0000000,2,2019-11-13 00:00:00.0000000,2019-10-17 00:00:00.0000000,,0,0,1
40,749677,0.770568767,0,0,770568767,0,0,1,2019-07-01 00:00:00.0000000,2019-07-01 00:00:00.0000000,1,2020-04-29 00:00:00.0000000,2020-04-29 00:00:00.0000000,NULL,0,,0,1
40,646649,0.993239201,1817.294126,0,993239201,0,1817,294126,12,2019-09-12 00:00:00.0000000,2018-10-09 00:00:00.0000000,10,2020-09-07 00:00:00.0000000,2019-10-09 00:00:00.0000000,,0,0,1
40,422480,0.999821893,5710370.293,0,999821893,0,5710370,293,248,2019-09-30 00:00:00.0000000,2018-10-01 00:00:00.0000000,255,2020-09-30 00:00:00.0000000,2019-10-01 00:00:00.0000000,,0,0,1
40,639867,0.245542481,3293.98128,0,245542481,1,3293,98128,2,2019-05-03 00:00:00.0000000,2019-05-02 00:00:00.0000000,NULL,NULL,NULL,,1,1,1
40,738533,0.997194144,16773.11233,0,997194144,0,16773,11233,16,2019-09-30 00:00:00.0000000,2018-10-15 00:00:00.0000000,20,2020-09-28 00:00:00.0000000,2019-10-07 00:00:00.0000000,,0,0,1
40,579538,0.999497046,37886.8062,0,999497046,0,37886,8062,88,2019-09-30 00:00:00.0000000,2018-10-03 00:00:00.0000000,87,2020-09-29 00:00:00.0000000,2019-10-01 00:00:00.0000000,,0,0,1
40,502319,0.637832917,0,0,637832917,0,0,1,2018-12-03 00:00:00.0000000,2018-12-03 00:00:00.0000000,NULL,NULL,NULL,NULL,1,,1,1
40,688871,0.995980688,10615.50047,0,995980688,0,10615,50047,15,2019-09-24 00:00:00.0000000,2018-12-11 00:00:00.0000000,11,2020-07-22 00:00:00.0000000,2019-11-12 00:00:00.0000000,,0,0,1
40,718889,0.996979449,14164.97974,0,996979449,0,14164,97974,17,2019-09-27 00:00:00.0000000,2018-10-04 00:00:00.0000000,41,2020-09-29 00:00:00.0000000,2019-10-17 00:00:00.0000000,,0,0,1
40,642643,0.912413105,6634.914663,0,912413105,0,6634,914663,11,2019-07-11 00:00:00.0000000,2018-11-26 00:00:00.0000000,8,2020-09-30 00:00:00.0000000,2019-10-23 00:00:00.0000000,,0,0,1
40,749301,0.986499788,9864.372936,0,986499788,0,9864,372936,5,2019-09-24 00:00:00.0000000,2019-07-22 00:00:00.0000000,34,2020-09-17 00:00:00.0000000,2019-10-14 00:00:00.0000000,,0,0,1
40,679319,0.425347506,318.8954995,0,425347506,1,318,8954995,2,2018-12-12 00:00:00.0000000,2018-11-23 00:00:00.0000000,NULL,NULL,NULL,,1,1,1
40,722497,0.997017269,199333.1628,0,997017269,0,199333,1628,23,2019-09-23 00:00:00.0000000,2018-10-01 00:00:00.0000000,6,2020-06-10 00:00:00.0000000,2019-10-16 00:00:00.0000000,,0,0,1
40,667462,0.0342828,14.45390962,0,342828,1,14,45390962,3,2019-01-23 00:00:00.0000000,2019-01-15 00:00:00.0000000,NULL,NULL,NULL,,1,1,1
40,695721,0.658593607,0,0,658593607,0,0,1,2019-01-18 00:00:00.0000000,2019-01-18 00:00:00.0000000,NULL,NULL,NULL,NULL,1,,1,1
40,739800,0.197517829,448.2452778,0,197517829,1,448,2452778,3,2018-11-27 00:00:00.0000000,2018-10-24 00:00:00.0000000,NULL,NULL,NULL,,1,1,1
40,740448,0.998626394,13477.90233,0,998626394,0,13477,90233,48,2019-09-27 00:00:00.0000000,2018-10-10 00:00:00.0000000,28,2020-09-29 00:00:00.0000000,2019-10-07 00:00:00.0000000,,0,0,1
40,422348,0.781145598,0,0,781145598,0,0,1,2019-07-11 00:00:00.0000000,2019-07-11 00:00:00.0000000,NULL,NULL,NULL,X,1,,1,1
40,739739,0.828537791,5982.28429,0,828537791,0,5982,28429,6,2019-04-29 00:00:00.0000000,2018-10-26 00:00:00.0000000,3,2020-09-18 00:00:00.0000000,2020-06-30 00:00:00.0000000,,0,0,1
40,594210,0.9997092,79556.96596,0,9997092,0,79556,96596,152,2019-09-30 00:00:00.0000000,2018-10-01 00:00:00.0000000,164,2020-09-30 00:00:00.0000000,2019-10-01 00:00:00.0000000,,0,0,1
40,679108,0.990730963,11494.65371,0,990730963,0,11494,65371,9,2019-09-05 00:00:00.0000000,2018-10-08 00:00:00.0000000,6,2020-06-15 00:00:00.0000000,2019-10-23 00:00:00.0000000,,0,0,1
40,673713,0.987804088,1431.060343,0,987804088,0,1431,60343,4,2019-09-27 00:00:00.0000000,2018-10-08 00:00:00.0000000,3,2020-09-21 00:00:00.0000000,2020-05-11 00:00:00.0000000,,0,0,1
40,609454,0.983093126,1173.519652,0,983093126,0,1173,519652,3,2019-09-26 00:00:00.0000000,2019-02-13 00:00:00.0000000,1,2019-12-02 00:00:00.0000000,2019-12-02 00:00:00.0000000,,0,0,1
40,599645,0.087134061,171.8938024,0,87134061,1,171,8938024,6,2019-01-17 00:00:00.0000000,2018-10-19 00:00:00.0000000,NULL,NULL,NULL,,1,1,1
40,705007,0.954758534,3434.209142,0,954758534,0,3434,209142,6,2019-06-20 00:00:00.0000000,2018-10-04 00:00:00.0000000,10,2020-06-17 00:00:00.0000000,2019-10-01 00:00:00.0000000,,0,0,1
40,424896,0.319689495,266.2532934,0,319689495,1,266,2532934,2,2019-06-05 00:00:00.0000000,2019-06-04 00:00:00.0000000,1,2019-12-31 00:00:00.0000000,2019-12-31 00:00:00.0000000,,0,0,1
40,431835,0.699303446,0,0,699303446,0,0,1,2019-04-02 00:00:00.0000000,2019-04-02 00:00:00.0000000,NULL,NULL,NULL,NULL,1,,1,1
40,435991,0.938662958,1731.849353,0,938662958,0,1731,849353,6,2019-07-12 00:00:00.0000000,2019-01-28 00:00:00.0000000,7,2020-06-30 00:00:00.0000000,2019-10-01 00:00:00.0000000,,0,0,1
40,675778,0.993711505,11924.1664,0,993711505,0,11924,1664,11,2019-09-17 00:00:00.0000000,2018-11-12 00:00:00.0000000,16,2020-09-24 00:00:00.0000000,2019-10-22 00:00:00.0000000,,0,0,1
40,428228,0.997932164,19014.84767,0,997932164,0,19014,84767,34,2019-09-25 00:00:00.0000000,2018-10-03 00:00:00.0000000,23,2020-09-17 00:00:00.0000000,2019-10-22 00:00:00.0000000,,0,0,1
40,436538,0.77282263,1192.949449,0,77282263,0,1192,949449,8,2019-05-10 00:00:00.0000000,2018-10-19 00:00:00.0000000,7,2020-09-11 00:00:00.0000000,2019-10-10 00:00:00.0000000,,0,0,1
40,434921,0.995301083,7431.849736,0,995301083,0,7431,849736,21,2019-09-16 00:00:00.0000000,2018-10-02 00:00:00.0000000,24,2020-09-07 00:00:00.0000000,2019-12-02 00:00:00.0000000,,0,0,1
40,430315,0.981441952,483.6933522,0,981441952,0,483,6933522,4,2019-09-04 00:00:00.0000000,2019-03-04 00:00:00.0000000,2,2020-04-15 00:00:00.0000000,2019-11-04 00:00:00.0000000,,0,0,1
40,565008,0.994986459,96007.80921,0,994986459,0,96007,80921,56,2019-09-18 00:00:00.0000000,2018-10-05 00:00:00.0000000,40,2020-09-30 00:00:00.0000000,2019-10-08 00:00:00.0000000,,0,0,1
40,707604,0.695567917,0,0,695567917,0,0,1,2019-03-27 00:00:00.0000000,2019-03-27 00:00:00.0000000,2,2020-04-20 00:00:00.0000000,2020-04-17 00:00:00.0000000,NULL,0,,0,1
40,422180,0.997967403,387353.1572,0,997967403,0,387353,1572,134,2019-09-25 00:00:00.0000000,2018-10-02 00:00:00.0000000,129,2020-09-30 00:00:00.0000000,2019-10-01 00:00:00.0000000,,0,0,1
40,431229,0.978749112,23172.43512,0,978749112,0,23172,43512,39,2019-09-04 00:00:00.0000000,2018-10-18 00:00:00.0000000,24,2020-09-09 00:00:00.0000000,2019-10-04 00:00:00.0000000,,0,0,1
40,632870,0.628021321,0,0,628021321,0,0,1,2018-11-09 00:00:00.0000000,2018-11-09 00:00:00.0000000,NULL,NULL,NULL,NULL,1,,1,1
40,744286,0.64081686,0,0,64081686,0,0,1,2018-12-10 00:00:00.0000000,2018-12-10 00:00:00.0000000,NULL,NULL,NULL,NULL,1,,1,1
40,598809,0.998928282,143990.8355,0,998928282,0,143990,8355,184,2019-09-27 00:00:00.0000000,2018-10-02 00:00:00.0000000,56,2020-05-11 00:00:00.0000000,2019-10-11 00:00:00.0000000,,0,0,1
40,430588,0.99938485,2430608.211,0,99938485,0,2430608,211,72,2019-09-30 00:00:00.0000000,2018-10-05 00:00:00.0000000,36,2020-09-30 00:00:00.0000000,2019-10-02 00:00:00.0000000,,0,0,1
40,425989,0.997725455,383750.6889,0,997725455,0,383750,6889,100,2019-09-24 00:00:00.0000000,2018-10-04 00:00:00.0000000,89,2020-09-25 00:00:00.0000000,2019-10-01 00:00:00.0000000,,0,0,1
40,424026,0.908043543,974.818821,0,908043543,0,974,818821,9,2019-06-21 00:00:00.0000000,2018-10-29 00:00:00.0000000,2,2019-12-09 00:00:00.0000000,2019-11-14 00:00:00.0000000,,0,0,1
40,718023,0.051553634,16.02463748,0,51553634,1,16,2463748,3,2019-03-19 00:00:00.0000000,2019-03-12 00:00:00.0000000,NULL,NULL,NULL,,1,1,1
40,659288,0.9970067,10595.77096,0,9970067,0,10595,77096,23,2019-09-23 00:00:00.0000000,2018-10-04 00:00:00.0000000,8,2020-09-21 00:00:00.0000000,2019-12-19 00:00:00.0000000,,0,0,1
40,731951,0.931116455,126316.9614,0,931116455,0,126316,9614,14,2019-07-16 00:00:00.0000000,2018-10-03 00:00:00.0000000,NULL,NULL,NULL,,1,1,1
40,502683,0.995870334,16778.06546,0,995870334,0,16778,6546,13,2019-09-25 00:00:00.0000000,2018-10-11 00:00:00.0000000,11,2020-03-16 00:00:00.0000000,2019-10-09 00:00:00.0000000,,0,0,1
40,580524,0.203653316,127.2161083,0,203653316,1,127,2161083,2,2018-11-16 00:00:00.0000000,2018-11-09 00:00:00.0000000,3,2020-09-07 00:00:00.0000000,2020-08-26 00:00:00.0000000,,0,0,1
40,572404,0.93044981,721.0051798,0,93044981,0,721,51798,3,2019-04-24 00:00:00.0000000,2018-10-15 00:00:00.0000000,NULL,NULL,NULL,,1,1,1
40,694279,0.732280206,327.4728686,0,732280206,0,327,4728686,2,2019-01-29 00:00:00.0000000,2018-12-11 00:00:00.0000000,NULL,NULL,NULL,,1,1,1
40,721270,0.950373769,653.1255148,0,950373769,0,653,1255148,5,2019-07-08 00:00:00.0000000,2019-01-11 00:00:00.0000000,6,2020-07-24 00:00:00.0000000,2019-12-02 00:00:00.0000000,,0,0,1
40,750883,0.832591652,0,0,832591652,0,0,1,2019-08-19 00:00:00.0000000,2019-08-19 00:00:00.0000000,3,2020-07-10 00:00:00.0000000,2019-11-08 00:00:00.0000000,NULL,0,,0,1
40,746029,0.675750094,2055.588319,0,675750094,0,2055,588319,2,2019-03-27 00:00:00.0000000,2019-02-27 00:00:00.0000000,NULL,NULL,NULL,,1,1,1
40,721637,0.926154622,148227.7055,0,926154622,0,148227,7055,6,2019-05-29 00:00:00.0000000,2018-10-09 00:00:00.0000000,NULL,NULL,NULL,,1,1,1
40,425675,0.999026652,72223.4043,0,999026652,0,72223,4043,122,2019-09-27 00:00:00.0000000,2018-10-01 00:00:00.0000000,91,2020-09-28 00:00:00.0000000,2019-10-07 00:00:00.0000000,,0,0,1
40,719214,0.338052925,1271.342776,0,338052925,1,1271,342776,4,2019-03-28 00:00:00.0000000,2019-02-04 00:00:00.0000000,7,2020-09-08 00:00:00.0000000,2019-10-08 00:00:00.0000000,,0,0,1
40,750121,0.952924701,2450.452194,0,952924701,0,2450,452194,3,2019-08-27 00:00:00.0000000,2019-07-01 00:00:00.0000000,8,2020-03-12 00:00:00.0000000,2019-11-28 00:00:00.0000000,,0,0,1
40,737749,0.64055604,609.0341099,0,64055604,0,609,341099,2,2018-11-26 00:00:00.0000000,2018-10-13 00:00:00.0000000,4,2020-04-02 00:00:00.0000000,2019-12-18 00:00:00.0000000,,0,0,1
40,435149,0.994399362,43096.90833,0,994399362,0,43096,90833,46,2019-09-17 00:00:00.0000000,2018-10-29 00:00:00.0000000,45,2020-09-30 00:00:00.0000000,2019-10-08 00:00:00.0000000,,0,0,1
40,428340,0.998954969,58596.95743,0,998954969,0,58596,95743,83,2019-09-27 00:00:00.0000000,2018-10-02 00:00:00.0000000,68,2020-09-29 00:00:00.0000000,2019-10-09 00:00:00.0000000,,0,0,1
40,694614,0.088178489,4.416112608,0,88178489,1,4,416112608,2,2018-10-30 00:00:00.0000000,2018-10-29 00:00:00.0000000,NULL,NULL,NULL,,1,1,1
40,422947,0.645182739,0,0,645182739,0,0,1,2018-12-20 00:00:00.0000000,2018-12-20 00:00:00.0000000,NULL,NULL,NULL,NULL,1,,1,1
40,435877,0.997296603,7166.447901,0,997296603,0,7166,447901,21,2019-09-26 00:00:00.0000000,2018-10-26 00:00:00.0000000,58,2020-09-28 00:00:00.0000000,2019-10-04 00:00:00.0000000,,0,0,1
40,701929,0.788126955,26.00812245,0,788126955,0,26,812245,3,2019-04-30 00:00:00.0000000,2019-02-18 00:00:00.0000000,2,2020-05-06 00:00:00.0000000,2020-01-03 00:00:00.0000000,,0,0,1
40,434024,0.998341956,441733.1242,0,998341956,0,441733,1242,60,2019-09-25 00:00:00.0000000,2018-10-01 00:00:00.0000000,25,2020-09-30 00:00:00.0000000,2019-10-11 00:00:00.0000000,,0,0,1
40,641221,0.824767457,10403.19301,0,824767457,0,10403,19301,4,2019-04-26 00:00:00.0000000,2018-12-27 00:00:00.0000000,3,2020-02-18 00:00:00.0000000,2019-10-01 00:00:00.0000000,,0,0,1
40,424915,0.999744556,205201.7834,0,999744556,0,205201,7834,173,2019-09-30 00:00:00.0000000,2018-10-01 00:00:00.0000000,186,2020-09-30 00:00:00.0000000,2019-10-02 00:00:00.0000000,,0,0,1
40,434863,0.789053147,0,0,789053147,0,0,1,2019-07-18 00:00:00.0000000,2019-07-18 00:00:00.0000000,NULL,NULL,NULL,NULL,1,,1,1
40,660145,9.54E-06,10.14470865,9,5.40E-05,1,10,14470865,8,2019-02-27 00:00:00.0000000,2019-02-07 00:00:00.0000000,8,2020-07-16 00:00:00.0000000,2020-03-12 00:00:00.0000000,,0,0,1
40,734937,0.998412532,41765.28146,0,998412532,0,41765,28146,48,2019-09-26 00:00:00.0000000,2018-10-18 00:00:00.0000000,40,2020-09-29 00:00:00.0000000,2019-10-18 00:00:00.0000000,,0,0,1
40,602900,0.644740527,0,0,644740527,0,0,1,2018-12-19 00:00:00.0000000,2018-12-19 00:00:00.0000000,NULL,NULL,NULL,NULL,1,,1,1
40,591798,0.998952656,75419.16464,0,998952656,0,75419,16464,82,2019-09-27 00:00:00.0000000,2018-10-01 00:00:00.0000000,58,2020-04-01 00:00:00.0000000,2019-10-01 00:00:00.0000000,,0,0,1
40,657450,0.996918583,13505.27257,0,996918583,0,13505,27257,20,2019-09-24 00:00:00.0000000,2018-10-03 00:00:00.0000000,7,2020-09-28 00:00:00.0000000,2019-10-09 00:00:00.0000000,,0,0,1
40,564193,0.714539235,0,0,714539235,0,0,1,2019-04-25 00:00:00.0000000,2019-04-25 00:00:00.0000000,NULL,NULL,NULL,NULL,1,,1,1
40,426657,0.654305076,0,0,654305076,0,0,1,2019-01-09 00:00:00.0000000,2019-01-09 00:00:00.0000000,2,2020-07-15 00:00:00.0000000,2019-12-31 00:00:00.0000000,NULL,0,,0,1
40,745018,0.269126457,3386.758116,0,269126457,1,3386,758116,2,2019-01-24 00:00:00.0000000,2019-01-17 00:00:00.0000000,NULL,NULL,NULL,,1,1,1
40,434403,0.993336886,273747.1394,0,993336886,0,273747,1394,32,2019-09-12 00:00:00.0000000,2018-10-01 00:00:00.0000000,37,2020-09-25 00:00:00.0000000,2019-10-02 00:00:00.0000000,,0,0,1
40,432628,0.824960138,26.2213383,0,824960138,0,26,2213383,2,2019-02-13 00:00:00.0000000,2018-11-30 00:00:00.0000000,3,2020-09-23 00:00:00.0000000,2019-10-01 00:00:00.0000000,,0,0,1
40,730892,0.71025217,1191.97256,0,71025217,0,1191,97256,4,2019-07-10 00:00:00.0000000,2019-05-29 00:00:00.0000000,3,2020-09-30 00:00:00.0000000,2020-09-03 00:00:00.0000000,,0,0,1
40,742808,0.139213752,394.6683678,0,139213752,1,394,6683678,8,2019-03-13 00:00:00.0000000,2018-11-07 00:00:00.0000000,NULL,NULL,NULL,,1,1,1
40,641462,0.634905843,0,0,634905843,0,0,1,2018-11-26 00:00:00.0000000,2018-11-26 00:00:00.0000000,NULL,NULL,NULL,NULL,1,,1,1
40,709010,0.989812767,14524.22865,0,989812767,0,14524,22865,43,2019-09-11 00:00:00.0000000,2018-10-10 00:00:00.0000000,15,2020-09-22 00:00:00.0000000,2019-10-03 00:00:00.0000000,,0,0,1
40,705608,0.628021321,0,0,628021321,0,0,1,2018-11-09 00:00:00.0000000,2018-11-09 00:00:00.0000000,4,2020-09-08 00:00:00.0000000,2020-01-21 00:00:00.0000000,NULL,0,,0,1
40,428077,0.988543536,4463.975186,0,988543536,0,4463,975186,12,2019-08-30 00:00:00.0000000,2018-11-05 00:00:00.0000000,11,2020-07-23 00:00:00.0000000,2019-11-26 00:00:00.0000000,,0,0,1
40,435022,0.964593653,5688.097728,0,964593653,0,5688,97728,6,2019-07-11 00:00:00.0000000,2018-11-08 00:00:00.0000000,8,2020-02-17 00:00:00.0000000,2019-11-08 00:00:00.0000000,,0,0,1
40,660309,0.660577946,3357.009096,0,660577946,0,3357,9096,6,2019-04-25 00:00:00.0000000,2018-12-12 00:00:00.0000000,1,2020-02-17 00:00:00.0000000,2020-02-17 00:00:00.0000000,,0,0,1
40,608912,0.93364965,5224.488191,0,93364965,0,5224,488191,8,2019-06-20 00:00:00.0000000,2018-10-11 00:00:00.0000000,3,2020-09-30 00:00:00.0000000,2019-10-10 00:00:00.0000000,,0,0,1
40,423741,0.996196642,8331.486525,0,996196642,0,8331,486525,16,2019-09-23 00:00:00.0000000,2018-10-11 00:00:00.0000000,38,2020-09-29 00:00:00.0000000,2019-10-10 00:00:00.0000000,,0,0,1
40,730724,0.970654181,5074.18907,0,970654181,0,5074,18907,9,2019-07-31 00:00:00.0000000,2018-11-16 00:00:00.0000000,1,2019-11-27 00:00:00.0000000,2019-11-27 00:00:00.0000000,,0,0,1
40,753201,0.939126229,0,0,939126229,0,0,1,2019-09-30 00:00:00.0000000,2019-09-30 00:00:00.0000000,5,2020-09-30 00:00:00.0000000,2020-04-30 00:00:00.0000000,NULL,0,,0,1
40,495073,0.607513644,716.1088972,0,607513644,0,716,1088972,3,2019-01-10 00:00:00.0000000,2018-10-26 00:00:00.0000000,NULL,NULL,NULL,,1,1,1
40,685718,0.998649551,411221.5583,0,998649551,0,411221,5583,69,2019-09-26 00:00:00.0000000,2018-10-01 00:00:00.0000000,67,2020-07-20 00:00:00.0000000,2019-10-02 00:00:00.0000000,,0,0,1
40,702265,0.618427601,0,0,618427601,0,0,1,2018-10-15 00:00:00.0000000,2018-10-15 00:00:00.0000000,1,2020-09-16 00:00:00.0000000,2020-09-16 00:00:00.0000000,NULL,0,,0,1
40,464643,0.99004247,4213.023818,0,99004247,0,4213,23818,5,2019-09-26 00:00:00.0000000,2018-12-27 00:00:00.0000000,5,2020-04-08 00:00:00.0000000,2019-10-18 00:00:00.0000000,,0,0,1
40,434272,0.998284864,53257.66086,0,998284864,0,53257,66086,26,2019-09-30 00:00:00.0000000,2018-11-02 00:00:00.0000000,29,2020-09-21 00:00:00.0000000,2019-10-31 00:00:00.0000000,,0,0,1
40,571909,0.920976281,5904.815258,0,920976281,0,5904,815258,9,2019-06-26 00:00:00.0000000,2018-10-30 00:00:00.0000000,22,2020-06-04 00:00:00.0000000,2019-10-10 00:00:00.0000000,,0,0,1
40,715039,0.982504249,96.88658966,0,982504249,0,96,88658966,3,2019-09-19 00:00:00.0000000,2018-10-08 00:00:00.0000000,4,2020-08-07 00:00:00.0000000,2020-02-27 00:00:00.0000000,,0,0,1
40,429860,0.438711045,110.6485606,0,438711045,1,110,6485606,2,2019-01-25 00:00:00.0000000,2019-01-09 00:00:00.0000000,NULL,NULL,NULL,,1,1,1
40,465093,0.786387733,517.2861055,0,786387733,0,517,2861055,3,2019-05-09 00:00:00.0000000,2019-03-04 00:00:00.0000000,NULL,NULL,NULL,,1,1,1
40,464547,0.999543845,59588.63347,0,999543845,0,59588,63347,97,2019-09-30 00:00:00.0000000,2018-10-05 00:00:00.0000000,108,2020-09-30 00:00:00.0000000,2019-10-01 00:00:00.0000000,,0,0,1
40,719044,0.632848723,0,0,632848723,0,0,1,2018-11-21 00:00:00.0000000,2018-11-21 00:00:00.0000000,2,2020-06-25 00:00:00.0000000,2019-12-17 00:00:00.0000000,NULL,0,,0,1
40,434316,0.999772246,180256.2195,0,999772246,0,180256,2195,194,2019-09-30 00:00:00.0000000,2018-10-02 00:00:00.0000000,178,2020-09-30 00:00:00.0000000,2019-10-01 00:00:00.0000000,,0,0,1
40,750254,0.834387039,2142.360321,0,834387039,0,2142,360321,6,2019-08-29 00:00:00.0000000,2019-07-26 00:00:00.0000000,59,2020-09-17 00:00:00.0000000,2019-10-02 00:00:00.0000000,,0,0,1
40,714415,0.641247908,0,0,641247908,0,0,1,2018-12-11 00:00:00.0000000,2018-12-11 00:00:00.0000000,NULL,NULL,NULL,NULL,1,,1,1
40,564197,0.998316208,36479.86927,0,998316208,0,36479,86927,41,2019-09-26 00:00:00.0000000,2018-10-02 00:00:00.0000000,43,2020-09-30 00:00:00.0000000,2019-10-01 00:00:00.0000000,,0,0,1
40,427734,0.961682925,59302.08387,0,961682925,0,59302,8387,37,2019-08-28 00:00:00.0000000,2018-10-10 00:00:00.0000000,35,2020-09-22 00:00:00.0000000,2019-10-03 00:00:00.0000000,,0,0,1
40,588427,0.159171848,0.629957531,0,159171848,1,0,629957531,2,2018-12-31 00:00:00.0000000,2018-12-28 00:00:00.0000000,1,2020-01-31 00:00:00.0000000,2020-01-31 00:00:00.0000000,,0,0,1
40,600454,0.997177462,4967.013535,0,997177462,0,4967,13535,27,2019-09-23 00:00:00.0000000,2018-10-22 00:00:00.0000000,15,2020-09-21 00:00:00.0000000,2019-10-02 00:00:00.0000000,,0,0,1
40,707734,0.017621959,173.9727918,0,17621959,1,173,9727918,10,2019-02-20 00:00:00.0000000,2018-10-17 00:00:00.0000000,9,2020-09-30 00:00:00.0000000,2019-11-27 00:00:00.0000000,,0,0,1
40,589701,0.999725484,411455.7097,0,999725484,0,411455,7097,161,2019-09-30 00:00:00.0000000,2018-10-02 00:00:00.0000000,200,2020-09-30 00:00:00.0000000,2019-10-01 00:00:00.0000000,,0,0,1
40,689603,0.703132936,0,0,703132936,0,0,1,2019-04-08 00:00:00.0000000,2019-04-08 00:00:00.0000000,NULL,NULL,NULL,NULL,1,,1,1
40,579618,0.989218103,4141.88341,0,989218103,0,4141,88341,9,2019-09-02 00:00:00.0000000,2018-11-12 00:00:00.0000000,13,2020-09-24 00:00:00.0000000,2019-10-23 00:00:00.0000000,,0,0,1
40,434065,0.929040666,1806.43506,0,929040666,0,1806,43506,12,2019-07-09 00:00:00.0000000,2018-10-09 00:00:00.0000000,2,2019-11-26 00:00:00.0000000,2019-10-28 00:00:00.0000000,,0,0,1
40,581210,0.855590785,1408.191054,0,855590785,0,1408,191054,4,2019-07-10 00:00:00.0000000,2019-05-03 00:00:00.0000000,1,2019-10-02 00:00:00.0000000,2019-10-02 00:00:00.0000000,,0,0,1
40,580397,0.999811224,2310375.065,0,999811224,0,2310375,65,234,2019-09-30 00:00:00.0000000,2018-10-02 00:00:00.0000000,191,2020-09-30 00:00:00.0000000,2019-10-01 00:00:00.0000000,,0,0,1
40,746597,0.405834985,66.51345263,0,405834985,1,66,51345263,2,2019-05-14 00:00:00.0000000,2019-05-09 00:00:00.0000000,NULL,NULL,NULL,,1,1,1
40,667303,0.996542767,10830.99861,0,996542767,0,10830,99861,19,2019-09-23 00:00:00.0000000,2018-10-30 00:00:00.0000000,17,2020-09-21 00:00:00.0000000,2019-10-30 00:00:00.0000000,,0,0,1
40,429742,0.997194144,4112.101373,0,997194144,0,4112,101373,16,2019-09-30 00:00:00.0000000,2018-10-16 00:00:00.0000000,17,2020-09-03 00:00:00.0000000,2019-10-11 00:00:00.0000000,,0,0,1
40,563354,0.907082794,2017.275624,0,907082794,0,2017,275624,6,2019-05-30 00:00:00.0000000,2018-11-09 00:00:00.0000000,5,2020-09-21 00:00:00.0000000,2019-10-14 00:00:00.0000000,,0,0,1
40,713529,0.987652302,1633.397215,0,987652302,0,1633,397215,10,2019-08-26 00:00:00.0000000,2018-10-22 00:00:00.0000000,11,2020-09-23 00:00:00.0000000,2019-10-29 00:00:00.0000000,,0,0,1
40,442519,0.453341959,645.567134,0,453341959,1,645,567134,5,2019-03-14 00:00:00.0000000,2018-12-05 00:00:00.0000000,2,2020-09-29 00:00:00.0000000,2020-03-02 00:00:00.0000000,,0,0,1
40,658197,0.974114688,8572.09676,0,974114688,0,8572,9676,14,2019-08-16 00:00:00.0000000,2018-11-28 00:00:00.0000000,42,2020-09-29 00:00:00.0000000,2019-10-01 00:00:00.0000000,,0,0,1
40,425964,0.626837845,0,0,626837845,0,0,1,2018-11-06 00:00:00.0000000,2018-11-06 00:00:00.0000000,NULL,NULL,NULL,NULL,1,,1,1
40,424761,0.997112389,4543.177737,0,997112389,0,4543,177737,18,2019-09-27 00:00:00.0000000,2018-10-16 00:00:00.0000000,14,2020-09-28 00:00:00.0000000,2019-10-31 00:00:00.0000000,,0,0,1
40,675944,0.999010558,119071.3199,0,999010558,0,119071,3199,147,2019-09-27 00:00:00.0000000,2018-10-01 00:00:00.0000000,117,2020-09-29 00:00:00.0000000,2019-10-01 00:00:00.0000000,,0,0,1
40,428823,0.994768821,3476.460372,0,994768821,0,3476,460372,12,2019-09-20 00:00:00.0000000,2018-10-17 00:00:00.0000000,26,2020-09-25 00:00:00.0000000,2019-10-09 00:00:00.0000000,,0,0,1
40,623798,0.995806418,3574.697892,0,995806418,0,3574,697892,12,2019-09-27 00:00:00.0000000,2018-11-20 00:00:00.0000000,1,2020-08-11 00:00:00.0000000,2020-08-11 00:00:00.0000000,,0,0,1
40,430205,0.998343964,545545.0049,0,998343964,0,545545,49,62,2019-09-25 00:00:00.0000000,2018-10-03 00:00:00.0000000,64,2020-09-30 00:00:00.0000000,2019-10-02 00:00:00.0000000,,0,0,1
40,688724,0.645182739,0,0,645182739,0,0,1,2018-12-20 00:00:00.0000000,2018-12-20 00:00:00.0000000,NULL,NULL,NULL,NULL,1,,1,1
40,596475,0.998906762,95477.6354,0,998906762,0,95477,6354,74,2019-09-27 00:00:00.0000000,2018-10-04 00:00:00.0000000,146,2020-09-30 00:00:00.0000000,2019-10-01 00:00:00.0000000,,0,0,1
40,680802,0.981936546,9659.824738,0,981936546,0,9659,824738,4,2019-08-29 00:00:00.0000000,2018-12-28 00:00:00.0000000,NULL,NULL,NULL,,1,1,1
40,426637,0.66152056,0,0,66152056,0,0,1,2019-01-24 00:00:00.0000000,2019-01-24 00:00:00.0000000,1,2019-10-22 00:00:00.0000000,2019-10-22 00:00:00.0000000,NULL,0,,0,1
40,678085,0.974419385,2928.176057,0,974419385,0,2928,176057,2,2019-09-30 00:00:00.0000000,2018-10-01 00:00:00.0000000,2,2019-11-15 00:00:00.0000000,2019-10-21 00:00:00.0000000,,0,0,1
40,600804,5.48E-04,1.280462039,0,548,1,1,280462039,15,2019-02-20 00:00:00.0000000,2018-10-01 00:00:00.0000000,8,2020-07-16 00:00:00.0000000,2019-10-29 00:00:00.0000000,,0,0,1
40,434920,0.999684225,315394.7942,0,999684225,0,315394,7942,140,2019-09-30 00:00:00.0000000,2018-10-01 00:00:00.0000000,87,2020-09-30 00:00:00.0000000,2019-10-01 00:00:00.0000000,,0,0,1
40,724742,0.621920212,289.6183337,0,621920212,0,289,6183337,4,2019-03-18 00:00:00.0000000,2018-12-17 00:00:00.0000000,NULL,NULL,NULL,,1,1,1
40,427185,0.799803794,442.7658283,0,799803794,0,442,7658283,3,2019-03-20 00:00:00.0000000,2018-12-14 00:00:00.0000000,7,2020-08-25 00:00:00.0000000,2019-10-18 00:00:00.0000000,,0,0,1
40,709375,1.68E-10,7.87E-06,1,6.80E-09,1,7,8.70E-05,34,2019-02-27 00:00:00.0000000,2018-10-01 00:00:00.0000000,NULL,NULL,NULL,,1,1,1
40,699459,0.576070062,1480.14725,0,576070062,0,1480,14725,2,2018-12-10 00:00:00.0000000,2018-11-07 00:00:00.0000000,NULL,NULL,NULL,,1,1,1
40,425867,0.616920969,1692.54861,0,616920969,0,1692,54861,2,2019-07-10 00:00:00.0000000,2019-07-04 00:00:00.0000000,3,2019-11-04 00:00:00.0000000,2019-10-16 00:00:00.0000000,,0,0,1
40,423868,0.998125165,146460.2158,0,998125165,0,146460,2158,119,2019-09-25 00:00:00.0000000,2018-10-03 00:00:00.0000000,99,2020-09-30 00:00:00.0000000,2019-10-02 00:00:00.0000000,,0,0,1
40,429889,0.999805396,1240484.237,0,999805396,0,1240484,237,227,2019-09-30 00:00:00.0000000,2018-10-02 00:00:00.0000000,200,2020-09-30 00:00:00.0000000,2019-10-01 00:00:00.0000000,,0,0,1
40,717523,0.012027234,95.12596829,0,12027234,1,95,12596829,33,2019-06-26 00:00:00.0000000,2018-11-06 00:00:00.0000000,NULL,NULL,NULL,,1,1,1
40,495183,0.831669243,2725.0927,0,831669243,0,2725,927,5,2019-04-10 00:00:00.0000000,2018-10-18 00:00:00.0000000,3,2020-06-16 00:00:00.0000000,2020-04-20 00:00:00.0000000,,0,0,1
40,494934,0.94701322,1755.577884,0,94701322,0,1755,577884,2,2019-06-12 00:00:00.0000000,2018-12-24 00:00:00.0000000,NULL,NULL,NULL,,1,1,1
40,557557,0.999787596,959848.7707,0,999787596,0,959848,7707,208,2019-09-30 00:00:00.0000000,2018-10-02 00:00:00.0000000,171,2020-09-29 00:00:00.0000000,2019-10-01 00:00:00.0000000,,0,0,1
40,556166,0.984762167,1574.001527,0,984762167,0,1574,1527,4,2019-09-05 00:00:00.0000000,2018-10-10 00:00:00.0000000,13,2020-09-21 00:00:00.0000000,2019-11-06 00:00:00.0000000,,0,0,1
40,580627,0.998460218,526950.0653,0,998460218,0,526950,653,49,2019-09-26 00:00:00.0000000,2018-10-04 00:00:00.0000000,19,2020-09-28 00:00:00.0000000,2019-10-29 00:00:00.0000000,,0,0,1
40,423554,0.983807443,2550.741142,0,983807443,0,2550,741142,3,2019-09-30 00:00:00.0000000,2018-10-19 00:00:00.0000000,9,2020-01-14 00:00:00.0000000,2019-10-22 00:00:00.0000000,,0,0,1
40,662432,0.995992395,17669.97971,0,995992395,0,17669,97971,22,2019-09-19 00:00:00.0000000,2018-10-18 00:00:00.0000000,21,2020-09-16 00:00:00.0000000,2019-10-10 00:00:00.0000000,,0,0,1
40,593743,0.99975985,988113.818,0,99975985,0,988113,818,184,2019-09-30 00:00:00.0000000,2018-10-01 00:00:00.0000000,179,2020-09-30 00:00:00.0000000,2019-10-01 00:00:00.0000000,,0,0,1
40,644278,0.970608987,1601.657938,0,970608987,0,1601,657938,4,2019-08-05 00:00:00.0000000,2019-02-04 00:00:00.0000000,6,2020-09-23 00:00:00.0000000,2019-11-04 00:00:00.0000000,,0,0,1
40,425407,0.998928835,47847.37242,0,998928835,0,47847,37242,77,2019-09-27 00:00:00.0000000,2018-10-01 00:00:00.0000000,92,2020-09-29 00:00:00.0000000,2019-10-01 00:00:00.0000000,,0,0,1
40,431768,0.990528301,2331.745468,0,990528301,0,2331,745468,7,2019-09-11 00:00:00.0000000,2018-10-25 00:00:00.0000000,8,2020-09-09 00:00:00.0000000,2019-10-03 00:00:00.0000000,,0,0,1
40,733279,0.997347246,17152.96937,0,997347246,0,17152,96937,24,2019-09-25 00:00:00.0000000,2018-11-07 00:00:00.0000000,10,2020-06-16 00:00:00.0000000,2019-10-08 00:00:00.0000000,,0,0,1
40,584757,0.997148355,7462.463548,0,997148355,0,7462,463548,25,2019-09-23 00:00:00.0000000,2018-10-02 00:00:00.0000000,38,2020-09-30 00:00:00.0000000,2019-10-03 00:00:00.0000000,,0,0,1
40,577384,0.997435811,9676.162811,0,997435811,0,9676,162811,24,2019-09-25 00:00:00.0000000,2018-10-03 00:00:00.0000000,23,2020-09-30 00:00:00.0000000,2019-10-16 00:00:00.0000000,,0,0,1
40,533497,0.989845524,5610.614924,0,989845524,0,5610,614924,9,2019-09-05 00:00:00.0000000,2018-11-23 00:00:00.0000000,3,2020-03-13 00:00:00.0000000,2020-02-07 00:00:00.0000000,,0,0,1
40,434772,0.921680694,7617.244969,0,921680694,0,7617,244969,32,2019-08-16 00:00:00.0000000,2018-10-03 00:00:00.0000000,28,2020-09-25 00:00:00.0000000,2019-10-18 00:00:00.0000000,,0,0,1
40,688777,0.503238444,10525.90894,0,503238444,0,10525,90894,19,2019-06-20 00:00:00.0000000,2018-10-04 00:00:00.0000000,16,2020-08-05 00:00:00.0000000,2019-10-01 00:00:00.0000000,,0,0,1
40,699407,0.752399543,0,0,752399543,0,0,1,2019-06-12 00:00:00.0000000,2019-06-12 00:00:00.0000000,NULL,NULL,NULL,NULL,1,,1,1
40,559525,0.654775715,0,0,654775715,0,0,1,2019-01-10 00:00:00.0000000,2019-01-10 00:00:00.0000000,3,2020-09-18 00:00:00.0000000,2019-11-14 00:00:00.0000000,NULL,0,,0,1
40,753338,0.9256633,0,0,9256633,0,0,1,2019-09-27 00:00:00.0000000,2019-09-27 00:00:00.0000000,NULL,NULL,NULL,NULL,1,,1,1
40,682168,0.926696607,4762.341634,0,926696607,0,4762,341634,6,2019-05-29 00:00:00.0000000,2018-10-08 00:00:00.0000000,5,2020-02-12 00:00:00.0000000,2019-12-23 00:00:00.0000000,,0,0,1
40,694545,0.967400301,5902.566196,0,967400301,0,5902,566196,11,2019-07-31 00:00:00.0000000,2018-11-02 00:00:00.0000000,11,2020-09-25 00:00:00.0000000,2019-10-25 00:00:00.0000000,,0,0,1
40,564748,0.958960795,15540.96318,0,958960795,0,15540,96318,6,2019-08-26 00:00:00.0000000,2019-05-27 00:00:00.0000000,4,2019-12-30 00:00:00.0000000,2019-10-28 00:00:00.0000000,,0,0,1
40,564033,0.993447278,121940.5041,0,993447278,0,121940,5041,13,2019-09-13 00:00:00.0000000,2018-10-29 00:00:00.0000000,NULL,NULL,NULL,,1,1,1
40,709468,0.885168364,20650.78598,0,885168364,0,20650,78598,7,2019-07-01 00:00:00.0000000,2019-01-30 00:00:00.0000000,6,2020-09-18 00:00:00.0000000,2019-10-08 00:00:00.0000000,,0,0,1
40,712758,0.536057535,261.1904515,0,536057535,0,261,1904515,11,2019-05-17 00:00:00.0000000,2018-10-29 00:00:00.0000000,NULL,NULL,NULL,,1,1,1
40,692318,0.995616687,33190.21695,0,995616687,0,33190,21695,35,2019-09-17 00:00:00.0000000,2018-10-03 00:00:00.0000000,33,2020-09-07 00:00:00.0000000,2019-10-10 00:00:00.0000000,,0,0,1
40,632021,0.913529841,2005.771739,0,913529841,0,2005,771739,2,2019-03-11 00:00:00.0000000,2018-10-09 00:00:00.0000000,4,2020-06-29 00:00:00.0000000,2020-03-12 00:00:00.0000000,,0,0,1
40,735111,0.360133366,34.08128399,0,360133366,1,34,8128399,2,2018-10-26 00:00:00.0000000,2018-10-08 00:00:00.0000000,NULL,NULL,NULL,,1,1,1
40,746511,0.849332899,2691.501733,0,849332899,0,2691,501733,2,2019-04-26 00:00:00.0000000,2019-02-26 00:00:00.0000000,3,2020-09-25 00:00:00.0000000,2019-11-19 00:00:00.0000000,,0,0,1
40,677993,0.986559958,24878.89452,0,986559958,0,24878,89452,31,2019-09-05 00:00:00.0000000,2018-10-19 00:00:00.0000000,12,2020-09-16 00:00:00.0000000,2019-10-01 00:00:00.0000000,,0,0,1
40,427154,0.388193014,11714.85456,0,388193014,1,11714,85456,13,2019-05-21 00:00:00.0000000,2018-10-29 00:00:00.0000000,NULL,NULL,NULL,,1,1,1
40,432038,0.996532635,10955.2715,0,996532635,0,10955,2715,12,2019-09-30 00:00:00.0000000,2018-11-07 00:00:00.0000000,20,2020-09-18 00:00:00.0000000,2019-10-02 00:00:00.0000000,,0,0,1
40,654455,0.984883656,936.3203509,0,984883656,0,936,3203509,5,2019-08-27 00:00:00.0000000,2018-11-05 00:00:00.0000000,NULL,NULL,NULL,,1,1,1
40,745079,0.041659787,80.50243183,0,41659787,1,80,50243183,3,2019-02-28 00:00:00.0000000,2019-02-21 00:00:00.0000000,NULL,NULL,NULL,,1,1,1
40,424453,0.007934649,267.7251164,0,7934649,1,267,7251164,27,2019-05-28 00:00:00.0000000,2018-10-09 00:00:00.0000000,NULL,NULL,NULL,,1,1,1
40,425364,0.996597179,19645.61069,0,996597179,0,19645,61069,37,2019-09-20 00:00:00.0000000,2018-10-16 00:00:00.0000000,29,2020-09-25 00:00:00.0000000,2019-10-03 00:00:00.0000000,,0,0,1
40,436437,0.999566266,1193544.998,0,999566266,0,1193544,998,102,2019-09-30 00:00:00.0000000,2018-10-04 00:00:00.0000000,82,2020-09-30 00:00:00.0000000,2019-10-01 00:00:00.0000000,,0,0,1
40,655536,0.995219134,5269.955684,0,995219134,0,5269,955684,11,2019-09-25 00:00:00.0000000,2018-10-19 00:00:00.0000000,23,2020-09-23 00:00:00.0000000,2019-10-02 00:00:00.0000000,,0,0,1
40,724582,0.580190326,105.2642704,0,580190326,0,105,2642704,2,2019-07-15 00:00:00.0000000,2019-07-11 00:00:00.0000000,NULL,NULL,NULL,,1,1,1
40,434874,0.998515666,17618.23092,0,998515666,0,17618,23092,30,2019-09-30 00:00:00.0000000,2018-10-09 00:00:00.0000000,17,2020-07-10 00:00:00.0000000,2019-10-10 00:00:00.0000000,,0,0,1
40,593850,0.812690094,11841.43107,0,812690094,0,11841,43107,15,2019-07-04 00:00:00.0000000,2018-10-30 00:00:00.0000000,4,2020-01-22 00:00:00.0000000,2019-10-21 00:00:00.0000000,,0,0,1
40,427589,0.998516682,118932.694,0,998516682,0,118932,694,42,2019-09-27 00:00:00.0000000,2018-10-02 00:00:00.0000000,51,2020-09-17 00:00:00.0000000,2019-10-07 00:00:00.0000000,,0,0,1
40,699687,0.998999857,119739.3826,0,998999857,0,119739,3826,100,2019-09-27 00:00:00.0000000,2018-10-04 00:00:00.0000000,64,2020-09-28 00:00:00.0000000,2019-10-01 00:00:00.0000000,,0,0,1
40,436367,0.985661659,7008.589044,0,985661659,0,7008,589044,10,2019-08-19 00:00:00.0000000,2018-10-04 00:00:00.0000000,3,2019-12-24 00:00:00.0000000,2019-10-22 00:00:00.0000000,,0,0,1
40,717345,0.803762172,0,0,803762172,0,0,1,2019-07-30 00:00:00.0000000,2019-07-30 00:00:00.0000000,NULL,NULL,NULL,NULL,1,,1,1
40,666358,0.997763144,6544015.923,0,997763144,0,6544015,923,20,2019-09-30 00:00:00.0000000,2018-10-04 00:00:00.0000000,10,2020-09-22 00:00:00.0000000,2019-10-04 00:00:00.0000000,,0,0,1
40,617524,0.996594111,3330.43059,0,996594111,0,3330,43059,15,2019-09-27 00:00:00.0000000,2018-10-30 00:00:00.0000000,16,2020-09-21 00:00:00.0000000,2019-10-30 00:00:00.0000000,,0,0,1
40,426627,0.848069765,0,0,848069765,0,0,1,2019-08-28 00:00:00.0000000,2019-08-28 00:00:00.0000000,NULL,NULL,NULL,NULL,1,,1,1
40,742992,0.994322781,12135.41717,0,994322781,0,12135,41717,9,2019-09-26 00:00:00.0000000,2018-12-14 00:00:00.0000000,7,2020-06-17 00:00:00.0000000,2019-10-01 00:00:00.0000000,,0,0,1
40,467660,0.618427601,0,0,618427601,0,0,1,2018-10-15 00:00:00.0000000,2018-10-15 00:00:00.0000000,NULL,NULL,NULL,NULL,1,,1,1
40,442348,0.865763909,79161.49604,0,865763909,0,79161,49604,21,2019-07-27 00:00:00.0000000,2018-10-26 00:00:00.0000000,15,2020-09-10 00:00:00.0000000,2019-11-20 00:00:00.0000000,,0,0,1
40,732391,0.741991888,0,0,741991888,0,0,1,2019-05-31 00:00:00.0000000,2019-05-31 00:00:00.0000000,NULL,NULL,NULL,NULL,1,,1,1
40,434687,0.989721371,9867.28667,0,989721371,0,9867,28667,10,2019-09-09 00:00:00.0000000,2019-01-25 00:00:00.0000000,6,2020-06-12 00:00:00.0000000,2019-12-23 00:00:00.0000000,,0,0,1
40,424918,0.997689459,28528.33192,0,997689459,0,28528,33192,45,2019-09-23 00:00:00.0000000,2018-10-02 00:00:00.0000000,63,2020-09-28 00:00:00.0000000,2019-10-02 00:00:00.0000000,,0,0,1
40,602517,0.622281131,4421.20373,0,622281131,0,4421,20373,7,2019-04-10 00:00:00.0000000,2018-10-24 00:00:00.0000000,4,2020-07-31 00:00:00.0000000,2019-10-01 00:00:00.0000000,,0,0,1
40,695672,0.988929692,4586.666947,0,988929692,0,4586,666947,5,2019-09-19 00:00:00.0000000,2018-12-13 00:00:00.0000000,1,2019-11-05 00:00:00.0000000,2019-11-05 00:00:00.0000000,,0,0,1
40,527345,0.998151056,47135.47637,0,998151056,0,47135,47637,118,2019-09-25 00:00:00.0000000,2018-10-01 00:00:00.0000000,98,2020-09-28 00:00:00.0000000,2019-10-01 00:00:00.0000000,,0,0,1
40,430535,0.993082852,6179.275654,0,993082852,0,6179,275654,13,2019-09-11 00:00:00.0000000,2018-10-18 00:00:00.0000000,4,2020-03-16 00:00:00.0000000,2019-10-23 00:00:00.0000000,,0,0,1
40,436025,0.996269636,7178.979977,0,996269636,0,7178,979977,26,2019-09-19 00:00:00.0000000,2018-10-05 00:00:00.0000000,39,2020-09-28 00:00:00.0000000,2019-10-11 00:00:00.0000000,,0,0,1
40,422076,0.996484602,31820.62295,0,996484602,0,31820,62295,15,2019-09-26 00:00:00.0000000,2018-10-06 00:00:00.0000000,21,2020-09-14 00:00:00.0000000,2019-11-15 00:00:00.0000000,,0,0,1
40,594527,0.988635733,4701.688209,0,988635733,0,4701,688209,5,2019-09-17 00:00:00.0000000,2018-12-05 00:00:00.0000000,8,2020-07-30 00:00:00.0000000,2019-11-14 00:00:00.0000000,,0,0,1
40,586452,0.823825968,5627.637448,0,823825968,0,5627,637448,20,2019-07-15 00:00:00.0000000,2018-10-01 00:00:00.0000000,9,2020-09-09 00:00:00.0000000,2019-10-28 00:00:00.0000000,,0,0,1
40,655032,0.740326584,0,0,740326584,0,0,1,2019-05-29 00:00:00.0000000,2019-05-29 00:00:00.0000000,3,2020-07-09 00:00:00.0000000,2020-03-13 00:00:00.0000000,NULL,0,,0,1
40,432818,0.998824574,39981.37009,0,998824574,0,39981,37009,64,2019-09-27 00:00:00.0000000,2018-10-10 00:00:00.0000000,70,2020-09-22 00:00:00.0000000,2019-10-02 00:00:00.0000000,,0,0,1
40,685798,0.998110643,7831.639229,0,998110643,0,7831,639229,30,2019-09-27 00:00:00.0000000,2018-10-03 00:00:00.0000000,24,2020-09-21 00:00:00.0000000,2019-10-03 00:00:00.0000000,,0,0,1
40,426055,0.997821889,26689.73271,0,997821889,0,26689,73271,25,2019-09-27 00:00:00.0000000,2018-10-01 00:00:00.0000000,28,2020-09-30 00:00:00.0000000,2019-10-22 00:00:00.0000000,,0,0,1
40,696618,0.997234338,35137.09393,0,997234338,0,35137,9393,92,2019-09-23 00:00:00.0000000,2018-10-02 00:00:00.0000000,82,2020-09-21 00:00:00.0000000,2019-10-02 00:00:00.0000000,,0,0,1
40,621860,0.998451627,41075.53945,0,998451627,0,41075,53945,48,2019-09-26 00:00:00.0000000,2018-10-01 00:00:00.0000000,54,2020-09-10 00:00:00.0000000,2019-10-03 00:00:00.0000000,,0,0,1
40,653493,0.725145984,265.6299518,0,725145984,0,265,6299518,2,2019-01-22 00:00:00.0000000,2018-12-04 00:00:00.0000000,1,2020-08-03 00:00:00.0000000,2020-08-03 00:00:00.0000000,,0,0,1
40,646444,0.980997174,44633.42758,0,980997174,0,44633,42758,13,2019-08-23 00:00:00.0000000,2018-12-13 00:00:00.0000000,9,2020-09-23 00:00:00.0000000,2019-12-04 00:00:00.0000000,,0,0,1
40,709283,0.995462989,16409.10819,0,995462989,0,16409,10819,10,2019-09-30 00:00:00.0000000,2018-10-20 00:00:00.0000000,1,2019-10-03 00:00:00.0000000,2019-10-03 00:00:00.0000000,,0,0,1
40,698182,0.627625813,0,0,627625813,0,0,1,2018-11-08 00:00:00.0000000,2018-11-08 00:00:00.0000000,NULL,NULL,NULL,NULL,1,,1,1
40,713899,0.636571618,0,0,636571618,0,0,1,2018-11-30 00:00:00.0000000,2018-11-30 00:00:00.0000000,NULL,NULL,NULL,NULL,1,,1,1
40,715183,0.996059264,9338.382732,0,996059264,0,9338,382732,33,2019-09-18 00:00:00.0000000,2018-10-02 00:00:00.0000000,36,2020-09-16 00:00:00.0000000,2019-10-08 00:00:00.0000000,,0,0,1
40,675749,0.458807452,16.70839277,0,458807452,1,16,70839277,5,2019-02-19 00:00:00.0000000,2018-10-30 00:00:00.0000000,NULL,NULL,NULL,,1,1,1
40,428866,0.645182739,0,0,645182739,0,0,1,2018-12-20 00:00:00.0000000,2018-12-20 00:00:00.0000000,NULL,NULL,NULL,NULL,1,,1,1
40,449054,0.25311722,2.854029748,0,25311722,1,2,854029748,2,2018-11-12 00:00:00.0000000,2018-11-02 00:00:00.0000000,2,2020-05-08 00:00:00.0000000,2019-12-19 00:00:00.0000000,,0,0,1
40,722313,0.997624899,35598.13428,0,997624899,0,35598,13428,42,2019-09-23 00:00:00.0000000,2018-10-09 00:00:00.0000000,51,2020-09-30 00:00:00.0000000,2019-10-03 00:00:00.0000000,,0,0,1
40,430541,0.715466388,1469.017871,0,715466388,0,1469,17871,3,2019-05-31 00:00:00.0000000,2019-04-18 00:00:00.0000000,2,2020-03-24 00:00:00.0000000,2020-03-04 00:00:00.0000000,,0,0,1
40,705324,0.763780674,1302.643122,0,763780674,0,1302,643122,6,2019-04-05 00:00:00.0000000,2018-10-04 00:00:00.0000000,NULL,NULL,NULL,,1,1,1
40,428378,0.993438985,2250.844495,0,993438985,0,2250,844495,7,2019-09-30 00:00:00.0000000,2018-11-26 00:00:00.0000000,5,2020-03-09 00:00:00.0000000,2019-12-04 00:00:00.0000000,,0,0,1
40,704307,0.622193276,0,0,622193276,0,0,1,2018-10-25 00:00:00.0000000,2018-10-25 00:00:00.0000000,NULL,NULL,NULL,NULL,1,,1,1
40,724203,0.62449796,0,0,62449796,0,0,1,2018-10-31 00:00:00.0000000,2018-10-31 00:00:00.0000000,NULL,NULL,NULL,NULL,1,,1,1
40,427013,0.995968617,16209.52484,0,995968617,0,16209,52484,12,2019-09-28 00:00:00.0000000,2018-11-05 00:00:00.0000000,5,2020-08-06 00:00:00.0000000,2020-02-18 00:00:00.0000000,,0,0,1
40,653200,0.993353217,85000.39159,0,993353217,0,85000,39159,171,2019-09-23 00:00:00.0000000,2018-10-01 00:00:00.0000000,196,2020-09-30 00:00:00.0000000,2019-10-01 00:00:00.0000000,,0,0,1
40,435498,0.970104078,19469.8818,0,970104078,0,19469,8818,34,2019-08-28 00:00:00.0000000,2018-10-04 00:00:00.0000000,66,2020-09-21 00:00:00.0000000,2019-10-03 00:00:00.0000000,,0,0,1
40,678086,0.996456234,21257.46951,0,996456234,0,21257,46951,28,2019-09-20 00:00:00.0000000,2018-10-23 00:00:00.0000000,38,2020-09-08 00:00:00.0000000,2019-10-02 00:00:00.0000000,,0,0,1
40,685626,0.020968217,97.95847935,0,20968217,1,97,95847935,6,2019-02-21 00:00:00.0000000,2018-12-31 00:00:00.0000000,NULL,NULL,NULL,,1,1,1
40,659404,0.686610577,0,0,686610577,0,0,1,2019-03-12 00:00:00.0000000,2019-03-12 00:00:00.0000000,NULL,NULL,NULL,NULL,1,,1,1
40,669162,0.621432692,0,0,621432692,0,0,1,2018-10-23 00:00:00.0000000,2018-10-23 00:00:00.0000000,NULL,NULL,NULL,NULL,1,,1,1
40,432888,0.185093773,660.8468025,0,185093773,1,660,8468025,18,2019-05-27 00:00:00.0000000,2018-10-08 00:00:00.0000000,NULL,NULL,NULL,,1,1,1
40,424677,0.991182832,14648.15644,0,991182832,0,14648,15644,6,2019-09-23 00:00:00.0000000,2018-12-20 00:00:00.0000000,4,2020-07-17 00:00:00.0000000,2019-12-31 00:00:00.0000000,,0,0,1
40,713245,0.964064522,1081.096622,0,964064522,0,1081,96622,2,2019-08-02 00:00:00.0000000,2018-12-17 00:00:00.0000000,1,2020-06-01 00:00:00.0000000,2020-06-01 00:00:00.0000000,,0,0,1
40,422299,0.630818813,0,0,630818813,0,0,1,2018-11-16 00:00:00.0000000,2018-11-16 00:00:00.0000000,NULL,NULL,NULL,NULL,1,,1,1
40,742830,0.961505334,23568.68485,0,961505334,0,23568,68485,9,2019-07-18 00:00:00.0000000,2018-10-26 00:00:00.0000000,6,2020-03-23 00:00:00.0000000,2019-10-02 00:00:00.0000000,,0,0,1
40,577302,0.998956872,89974.73801,0,998956872,0,89974,73801,83,2019-09-27 00:00:00.0000000,2018-10-01 00:00:00.0000000,73,2020-09-30 00:00:00.0000000,2019-10-01 00:00:00.0000000,,0,0,1
40,579460,0.992547348,6028.667822,0,992547348,0,6028,667822,7,2019-09-23 00:00:00.0000000,2018-10-10 00:00:00.0000000,4,2020-09-23 00:00:00.0000000,2019-12-05 00:00:00.0000000,,0,0,1
40,681209,0.997616954,179027.2312,0,997616954,0,179027,2312,67,2019-09-23 00:00:00.0000000,2018-10-05 00:00:00.0000000,76,2020-09-18 00:00:00.0000000,2019-10-02 00:00:00.0000000,,0,0,1
40,582099,0.973912958,510.3481868,0,973912958,0,510,3481868,2,2019-09-26 00:00:00.0000000,2018-11-28 00:00:00.0000000,6,2020-05-07 00:00:00.0000000,2019-12-05 00:00:00.0000000,,0,0,1
40,725017,0.996841957,51002.0478,0,996841957,0,51002,478,18,2019-09-25 00:00:00.0000000,2018-10-01 00:00:00.0000000,16,2020-09-17 00:00:00.0000000,2019-10-14 00:00:00.0000000,,0,0,1
40,633424,0.981523586,2052.970819,0,981523586,0,2052,970819,7,2019-08-09 00:00:00.0000000,2018-10-19 00:00:00.0000000,NULL,NULL,NULL,,1,1,1
40,421999,0.988376187,27237.48908,0,988376187,0,27237,48908,79,2019-09-16 00:00:00.0000000,2018-10-03 00:00:00.0000000,43,2020-05-28 00:00:00.0000000,2019-10-03 00:00:00.0000000,,0,0,1
40,749485,0.977763027,7831.493816,0,977763027,0,7831,493816,4,2019-09-11 00:00:00.0000000,2019-06-13 00:00:00.0000000,1,2019-11-07 00:00:00.0000000,2019-11-07 00:00:00.0000000,,0,0,1
40,702193,0.638679574,0,0,638679574,0,0,1,2018-12-05 00:00:00.0000000,2018-12-05 00:00:00.0000000,NULL,NULL,NULL,NULL,1,,1,1
40,674531,0.940755117,10416.87566,0,940755117,0,10416,87566,10,2019-07-10 00:00:00.0000000,2018-10-30 00:00:00.0000000,2,2019-11-05 00:00:00.0000000,2019-10-16 00:00:00.0000000,,0,0,1
40,742155,0.637832917,0,0,637832917,0,0,1,2018-12-03 00:00:00.0000000,2018-12-03 00:00:00.0000000,NULL,NULL,NULL,NULL,1,,1,1
40,667050,0.981216128,3179.958849,0,981216128,0,3179,958849,3,2019-09-16 00:00:00.0000000,2019-02-04 00:00:00.0000000,2,2020-07-17 00:00:00.0000000,2019-10-25 00:00:00.0000000,,0,0,1
40,564298,0.979553266,4808.341543,0,979553266,0,4808,341543,10,2019-08-14 00:00:00.0000000,2018-11-21 00:00:00.0000000,2,2020-09-17 00:00:00.0000000,2019-11-14 00:00:00.0000000,,0,0,1
40,421842,0.999768664,855484.6878,0,999768664,0,855484,6878,191,2019-09-30 00:00:00.0000000,2018-10-01 00:00:00.0000000,169,2020-09-30 00:00:00.0000000,2019-10-01 00:00:00.0000000,,0,0,1
40,589809,0.998660544,27565.49158,0,998660544,0,27565,49158,51,2019-09-27 00:00:00.0000000,2018-10-19 00:00:00.0000000,41,2020-09-11 00:00:00.0000000,2019-10-03 00:00:00.0000000,,0,0,1
40,733971,0.971663786,22279.94186,0,971663786,0,22279,94186,33,2019-08-28 00:00:00.0000000,2018-10-05 00:00:00.0000000,11,2020-09-22 00:00:00.0000000,2019-10-15 00:00:00.0000000,,0,0,1
40,694128,0.969319313,1471.612146,0,969319313,0,1471,612146,3,2019-09-13 00:00:00.0000000,2019-07-23 00:00:00.0000000,8,2020-09-25 00:00:00.0000000,2019-11-06 00:00:00.0000000,,0,0,1
40,600352,0.975840397,6535.317387,0,975840397,0,6535,317387,15,2019-08-12 00:00:00.0000000,2018-10-08 00:00:00.0000000,19,2020-09-18 00:00:00.0000000,2019-10-16 00:00:00.0000000,,0,0,1
40,725787,0.996115474,26186.95708,0,996115474,0,26186,95708,37,2019-09-19 00:00:00.0000000,2018-10-24 00:00:00.0000000,40,2020-09-23 00:00:00.0000000,2019-10-02 00:00:00.0000000,,0,0,1
40,424979,0.93170852,4212.755395,0,93170852,0,4212,755395,4,2019-06-19 00:00:00.0000000,2019-01-21 00:00:00.0000000,7,2020-09-25 00:00:00.0000000,2019-11-04 00:00:00.0000000,,0,0,1
40,716106,0.993062223,4063.426318,0,993062223,0,4063,426318,10,2019-09-16 00:00:00.0000000,2018-11-20 00:00:00.0000000,20,2020-07-22 00:00:00.0000000,2019-11-05 00:00:00.0000000,,0,0,1
40,749688,0.476723056,10.90092365,0,476723056,1,10,90092365,2,2019-07-18 00:00:00.0000000,2019-07-17 00:00:00.0000000,NULL,NULL,NULL,,1,1,1
40,726995,0.946320689,2163.670461,0,946320689,0,2163,670461,12,2019-07-19 00:00:00.0000000,2018-10-22 00:00:00.0000000,3,2020-03-17 00:00:00.0000000,2019-10-03 00:00:00.0000000,,0,0,1
40,533847,0.995501366,2818.734445,0,995501366,0,2818,734445,11,2019-09-27 00:00:00.0000000,2018-10-17 00:00:00.0000000,7,2020-05-15 00:00:00.0000000,2020-01-03 00:00:00.0000000,,0,0,1
40,655317,0.951517016,13593.39657,0,951517016,0,13593,39657,7,2019-07-29 00:00:00.0000000,2019-02-13 00:00:00.0000000,29,2020-09-21 00:00:00.0000000,2019-10-09 00:00:00.0000000,,0,0,1
40,748134,0.989390597,7614.993138,0,989390597,0,7614,993138,5,2019-09-25 00:00:00.0000000,2019-04-10 00:00:00.0000000,28,2020-09-25 00:00:00.0000000,2019-10-15 00:00:00.0000000,,0,0,1
40,744527,0.638255662,0,0,638255662,0,0,1,2018-12-04 00:00:00.0000000,2018-12-04 00:00:00.0000000,NULL,NULL,NULL,NULL,1,,1,1
40,423046,0.9426356,13563.23532,0,9426356,0,13563,23532,11,2019-07-15 00:00:00.0000000,2018-10-29 00:00:00.0000000,7,2020-07-07 00:00:00.0000000,2019-11-12 00:00:00.0000000,,0,0,1
40,429933,0.995584209,1521.235364,0,995584209,0,1521,235364,12,2019-09-25 00:00:00.0000000,2018-10-09 00:00:00.0000000,11,2020-08-31 00:00:00.0000000,2019-10-04 00:00:00.0000000,,0,0,1
40,623100,0.848069765,0,0,848069765,0,0,1,2019-08-28 00:00:00.0000000,2019-08-28 00:00:00.0000000,4,2020-09-15 00:00:00.0000000,2019-10-16 00:00:00.0000000,NULL,0,,0,1
40,621076,0.997087999,13061.35854,0,997087999,0,13061,35854,24,2019-09-23 00:00:00.0000000,2018-10-01 00:00:00.0000000,44,2020-09-23 00:00:00.0000000,2019-10-16 00:00:00.0000000,,0,0,1
40,426817,0.950022591,12114.62177,0,950022591,0,12114,62177,27,2019-08-16 00:00:00.0000000,2018-10-03 00:00:00.0000000,24,2020-09-24 00:00:00.0000000,2019-10-01 00:00:00.0000000,,0,0,1
40,435786,0.979314688,934.4400598,0,979314688,0,934,4400598,3,2019-08-27 00:00:00.0000000,2018-10-05 00:00:00.0000000,1,2019-12-19 00:00:00.0000000,2019-12-19 00:00:00.0000000,,0,0,1
40,580366,0.982492291,10809.91823,0,982492291,0,10809,91823,10,2019-08-22 00:00:00.0000000,2018-12-17 00:00:00.0000000,6,2020-07-30 00:00:00.0000000,2019-12-02 00:00:00.0000000,,0,0,1
40,432055,0.997003591,28521.78593,0,997003591,0,28521,78593,15,2019-09-30 00:00:00.0000000,2018-10-19 00:00:00.0000000,7,2020-09-07 00:00:00.0000000,2019-12-20 00:00:00.0000000,,0,0,1
40,731887,0.998360318,26539.79372,0,998360318,0,26539,79372,44,2019-09-26 00:00:00.0000000,2018-10-11 00:00:00.0000000,37,2020-09-30 00:00:00.0000000,2019-10-02 00:00:00.0000000,,0,0,1
40,684190,0.972958319,1065.611569,0,972958319,0,1065,611569,3,2019-08-23 00:00:00.0000000,2019-03-15 00:00:00.0000000,NULL,NULL,NULL,,1,1,1
40,630282,0.996241425,42555.74707,0,996241425,0,42555,74707,60,2019-09-20 00:00:00.0000000,2018-10-01 00:00:00.0000000,51,2020-09-21 00:00:00.0000000,2019-10-03 00:00:00.0000000,,0,0,1
40,434153,0.923609122,880.5667144,0,923609122,0,880,5667144,3,2019-05-13 00:00:00.0000000,2018-12-11 00:00:00.0000000,NULL,NULL,NULL,,1,1,1
40,615536,0.975865603,7908.278182,0,975865603,0,7908,278182,3,2019-09-17 00:00:00.0000000,2019-07-10 00:00:00.0000000,NULL,NULL,NULL,,1,1,1
40,493138,0.997285186,26920.69015,0,997285186,0,26920,69015,25,2019-09-24 00:00:00.0000000,2018-10-18 00:00:00.0000000,43,2020-09-23 00:00:00.0000000,2019-10-03 00:00:00.0000000,,0,0,1
40,434808,0.999376152,35577.93349,0,999376152,0,35577,93349,71,2019-09-30 00:00:00.0000000,2018-10-01 00:00:00.0000000,50,2020-09-28 00:00:00.0000000,2019-10-01 00:00:00.0000000,,0,0,1
40,434311,0.977227486,11617.83321,0,977227486,0,11617,83321,46,2019-09-05 00:00:00.0000000,2018-10-01 00:00:00.0000000,12,2020-09-22 00:00:00.0000000,2019-10-07 00:00:00.0000000,,0,0,1
40,428868,0.99522351,1312.414806,0,99522351,0,1312,414806,12,2019-09-23 00:00:00.0000000,2018-10-30 00:00:00.0000000,16,2020-09-22 00:00:00.0000000,2019-10-30 00:00:00.0000000,,0,0,1
40,744459,0.635736472,0,0,635736472,0,0,1,2018-11-28 00:00:00.0000000,2018-11-28 00:00:00.0000000,NULL,NULL,NULL,NULL,1,,1,1
40,427598,0.992378668,10485.02487,0,992378668,0,10485,2487,9,2019-09-16 00:00:00.0000000,2018-12-13 00:00:00.0000000,8,2020-09-04 00:00:00.0000000,2019-10-08 00:00:00.0000000,,0,0,1
40,713423,0.99538116,20786.86585,0,99538116,0,20786,86585,27,2019-09-16 00:00:00.0000000,2018-10-04 00:00:00.0000000,23,2020-09-10 00:00:00.0000000,2019-10-03 00:00:00.0000000,,0,0,1
40,682749,0.994407499,2853.741083,0,994407499,0,2853,741083,9,2019-09-26 00:00:00.0000000,2018-10-31 00:00:00.0000000,7,2020-08-04 00:00:00.0000000,2019-10-09 00:00:00.0000000,,0,0,1
40,564014,0.994790596,7045.077822,0,994790596,0,7045,77822,15,2019-09-17 00:00:00.0000000,2018-10-24 00:00:00.0000000,27,2020-09-23 00:00:00.0000000,2019-10-09 00:00:00.0000000,,0,0,1
40,631052,0.997186899,37864.68442,0,997186899,0,37864,68442,28,2019-09-23 00:00:00.0000000,2018-10-30 00:00:00.0000000,31,2020-09-21 00:00:00.0000000,2019-10-02 00:00:00.0000000,,0,0,1
40,696619,0.538851494,38.11464496,0,538851494,0,38,11464496,2,2019-07-30 00:00:00.0000000,2019-07-29 00:00:00.0000000,NULL,NULL,NULL,,1,1,1
40,583383,0.984112817,3021.974605,0,984112817,0,3021,974605,12,2019-08-26 00:00:00.0000000,2018-12-14 00:00:00.0000000,12,2020-09-10 00:00:00.0000000,2019-10-25 00:00:00.0000000,,0,0,1
40,601107,0.962374536,642.8453367,0,962374536,0,642,8453367,4,2019-07-19 00:00:00.0000000,2019-01-21 00:00:00.0000000,6,2020-06-30 00:00:00.0000000,2019-10-29 00:00:00.0000000,,0,0,1
40,560127,0.760722173,0,0,760722173,0,0,1,2019-06-21 00:00:00.0000000,2019-06-21 00:00:00.0000000,NULL,NULL,NULL,NULL,1,,1,1
40,493277,0.676511145,0,0,676511145,0,0,1,2019-02-22 00:00:00.0000000,2019-02-22 00:00:00.0000000,NULL,NULL,NULL,NULL,1,,1,1
40,699173,0.999727181,662972.2552,0,999727181,0,662972,2552,162,2019-09-30 00:00:00.0000000,2018-10-01 00:00:00.0000000,135,2020-09-30 00:00:00.0000000,2019-10-01 00:00:00.0000000,,0,0,1
40,622795,0.997534654,12635.05488,0,997534654,0,12635,5488,22,2019-09-27 00:00:00.0000000,2018-11-06 00:00:00.0000000,39,2020-09-28 00:00:00.0000000,2019-10-16 00:00:00.0000000,,0,0,1
40,609009,0.991302751,4572.252877,0,991302751,0,4572,252877,15,2019-09-05 00:00:00.0000000,2018-10-19 00:00:00.0000000,6,2020-08-06 00:00:00.0000000,2019-10-22 00:00:00.0000000,,0,0,1
40,677874,0.556751166,10.4354798,0,556751166,0,10,4354798,2,2018-11-07 00:00:00.0000000,2018-10-03 00:00:00.0000000,1,2020-03-17 00:00:00.0000000,2020-03-17 00:00:00.0000000,,0,0,1
40,724691,0.782248216,0,0,782248216,0,0,1,2019-07-12 00:00:00.0000000,2019-07-12 00:00:00.0000000,NULL,NULL,NULL,NULL,1,,1,1
40,430549,0.95633106,2110.132358,0,95633106,0,2110,132358,3,2019-06-20 00:00:00.0000000,2018-11-30 00:00:00.0000000,2,2020-06-08 00:00:00.0000000,2020-01-23 00:00:00.0000000,,0,0,1
40,742822,0.900281686,7421.471352,0,900281686,0,7421,471352,3,2019-03-29 00:00:00.0000000,2018-10-19 00:00:00.0000000,NULL,NULL,NULL,,1,1,1
40,717449,0.996127411,2088.457834,0,996127411,0,2088,457834,15,2019-09-24 00:00:00.0000000,2018-10-29 00:00:00.0000000,18,2020-09-17 00:00:00.0000000,2019-10-21 00:00:00.0000000,,0,0,1
40,677386,0.998993182,40348.33887,0,998993182,0,40348,33887,94,2019-09-27 00:00:00.0000000,2018-10-01 00:00:00.0000000,39,2020-09-30 00:00:00.0000000,2019-10-07 00:00:00.0000000,,0,0,1
40,423122,0.99024984,7039.695747,0,99024984,0,7039,695747,6,2019-09-19 00:00:00.0000000,2019-01-16 00:00:00.0000000,1,2020-04-30 00:00:00.0000000,2020-04-30 00:00:00.0000000,,0,0,1
40,431427,0.106708453,229.2214127,0,106708453,1,229,2214127,3,2019-04-12 00:00:00.0000000,2019-04-02 00:00:00.0000000,1,2019-12-23 00:00:00.0000000,2019-12-23 00:00:00.0000000,,0,0,1
40,744310,0.636153477,0,0,636153477,0,0,1,2018-11-29 00:00:00.0000000,2018-11-29 00:00:00.0000000,1,2020-03-12 00:00:00.0000000,2020-03-12 00:00:00.0000000,X,0,,0,1
40,674494,0.664504331,0,0,664504331,0,0,1,2019-01-30 00:00:00.0000000,2019-01-30 00:00:00.0000000,NULL,NULL,NULL,NULL,1,,1,1
40,634952,0.762853778,211.6588655,0,762853778,0,211,6588655,2,2019-03-15 00:00:00.0000000,2019-01-29 00:00:00.0000000,NULL,NULL,NULL,,1,1,1
40,431755,0.055490257,33.16414375,0,55490257,1,33,16414375,3,2018-10-22 00:00:00.0000000,2018-10-04 00:00:00.0000000,NULL,NULL,NULL,,1,1,1
40,428953,0.997871076,5366.397873,0,997871076,0,5366,397873,21,2019-09-30 00:00:00.0000000,2018-10-09 00:00:00.0000000,27,2020-09-21 00:00:00.0000000,2019-10-21 00:00:00.0000000,,0,0,1
40,749553,0.047282866,673.6938825,0,47282866,1,673,6938825,7,2019-07-19 00:00:00.0000000,2019-06-25 00:00:00.0000000,35,2020-09-23 00:00:00.0000000,2019-10-01 00:00:00.0000000,,0,0,1
40,724584,0.993523581,4275.918475,0,993523581,0,4275,918475,17,2019-09-11 00:00:00.0000000,2018-10-13 00:00:00.0000000,3,2020-01-09 00:00:00.0000000,2019-10-08 00:00:00.0000000,,0,0,1
40,698928,0.795151199,605.674665,0,795151199,0,605,674665,5,2019-03-25 00:00:00.0000000,2018-10-05 00:00:00.0000000,1,2020-09-08 00:00:00.0000000,2020-09-08 00:00:00.0000000,,0,0,1
40,724634,0.997598851,177321.8435,0,997598851,0,177321,8435,54,2019-09-23 00:00:00.0000000,2018-10-19 00:00:00.0000000,49,2020-09-24 00:00:00.0000000,2019-10-01 00:00:00.0000000,,0,0,1
40,596941,0.971081123,2226.353983,0,971081123,0,2226,353983,10,2019-07-29 00:00:00.0000000,2018-10-18 00:00:00.0000000,8,2020-08-11 00:00:00.0000000,2019-11-11 00:00:00.0000000,,0,0,1
40,577390,0.995387299,32610.55789,0,995387299,0,32610,55789,17,2019-09-18 00:00:00.0000000,2018-10-11 00:00:00.0000000,8,2020-09-10 00:00:00.0000000,2019-10-24 00:00:00.0000000,,0,0,1
40,677509,0.661445282,1136.038072,0,661445282,0,1136,38072,6,2019-03-27 00:00:00.0000000,2018-10-18 00:00:00.0000000,2,2020-01-03 00:00:00.0000000,2019-11-20 00:00:00.0000000,,0,0,1
40,576336,0.947626113,7436.327035,0,947626113,0,7436,327035,2,2019-09-23 00:00:00.0000000,2019-09-18 00:00:00.0000000,NULL,NULL,NULL,,1,1,1
40,737092,0.093967511,54.8986531,0,93967511,1,54,8986531,2,2018-11-14 00:00:00.0000000,2018-11-13 00:00:00.0000000,NULL,NULL,NULL,,1,1,1
40,434243,0.75977353,0,0,75977353,0,0,1,2019-06-20 00:00:00.0000000,2019-06-20 00:00:00.0000000,2,2020-09-21 00:00:00.0000000,2020-03-24 00:00:00.0000000,NULL,0,,0,1
40,690386,0.99740386,15841.07831,0,99740386,0,15841,7831,22,2019-09-26 00:00:00.0000000,2018-10-19 00:00:00.0000000,47,2020-09-28 00:00:00.0000000,2019-10-01 00:00:00.0000000,,0,0,1
40,658027,0.979001619,6636.653286,0,979001619,0,6636,653286,14,2019-08-14 00:00:00.0000000,2018-10-11 00:00:00.0000000,20,2020-09-22 00:00:00.0000000,2019-10-01 00:00:00.0000000,,0,0,1
40,430665,0.999811224,2190518.986,0,999811224,0,2190518,986,234,2019-09-30 00:00:00.0000000,2018-10-02 00:00:00.0000000,206,2020-09-30 00:00:00.0000000,2019-10-01 00:00:00.0000000,,0,0,1
40,657983,0.294650832,771.4294673,0,294650832,1,771,4294673,3,2018-11-20 00:00:00.0000000,2018-10-05 00:00:00.0000000,2,2019-10-24 00:00:00.0000000,2019-10-10 00:00:00.0000000,,0,0,1
40,724629,0.927785986,433.3727504,0,927785986,0,433,3727504,6,2019-05-28 00:00:00.0000000,2018-10-03 00:00:00.0000000,NULL,NULL,NULL,,1,1,1
40,692422,0.995316041,27203.84873,0,995316041,0,27203,84873,28,2019-09-16 00:00:00.0000000,2018-10-08 00:00:00.0000000,31,2020-09-30 00:00:00.0000000,2019-10-03 00:00:00.0000000,,0,0,1
40,748569,0.98757359,528356.3838,0,98757359,0,528356,3838,6,2019-09-17 00:00:00.0000000,2019-05-03 00:00:00.0000000,3,2019-12-23 00:00:00.0000000,2019-10-15 00:00:00.0000000,,0,0,1
40,423290,0.993501606,23044.50397,0,993501606,0,23044,50397,8,2019-09-24 00:00:00.0000000,2018-10-19 00:00:00.0000000,NULL,NULL,NULL,,1,1,1
40,688888,0.995506822,1273.255521,0,995506822,0,1273,255521,13,2019-09-23 00:00:00.0000000,2018-10-30 00:00:00.0000000,16,2020-09-24 00:00:00.0000000,2019-10-30 00:00:00.0000000,,0,0,1
40,430113,0.981442696,1533.611934,0,981442696,0,1533,611934,8,2019-08-07 00:00:00.0000000,2018-10-01 00:00:00.0000000,8,2020-09-29 00:00:00.0000000,2020-01-09 00:00:00.0000000,,0,0,1
40,737369,0.636153477,0,0,636153477,0,0,1,2018-11-29 00:00:00.0000000,2018-11-29 00:00:00.0000000,NULL,NULL,NULL,NULL,1,,1,1
40,710870,0.996035674,24288.59618,0,996035674,0,24288,59618,28,2019-09-18 00:00:00.0000000,2018-10-04 00:00:00.0000000,33,2020-09-17 00:00:00.0000000,2019-10-01 00:00:00.0000000,,0,0,1
40,718495,0.996143444,2337.848126,0,996143444,0,2337,848126,13,2019-09-27 00:00:00.0000000,2018-10-17 00:00:00.0000000,24,2020-09-28 00:00:00.0000000,2019-10-02 00:00:00.0000000,,0,0,1
40,423610,0.985858041,12627.55942,0,985858041,0,12627,55942,4,2019-09-17 00:00:00.0000000,2019-01-15 00:00:00.0000000,4,2020-09-28 00:00:00.0000000,2019-10-24 00:00:00.0000000,,0,0,1
40,435990,0.543110862,210.4091952,0,543110862,0,210,4091952,2,2018-12-13 00:00:00.0000000,2018-11-14 00:00:00.0000000,5,2020-09-30 00:00:00.0000000,2019-12-19 00:00:00.0000000,,0,0,1
40,433043,0.724665289,1435.935605,0,724665289,0,1435,935605,7,2019-04-16 00:00:00.0000000,2018-10-09 00:00:00.0000000,2,2020-05-14 00:00:00.0000000,2020-04-28 00:00:00.0000000,,0,0,1
40,427251,0.999695135,421638.5905,0,999695135,0,421638,5905,145,2019-09-30 00:00:00.0000000,2018-10-02 00:00:00.0000000,148,2020-09-28 00:00:00.0000000,2019-10-02 00:00:00.0000000,,0,0,1
40,533306,0.997595572,119037.5967,0,997595572,0,119037,5967,43,2019-09-23 00:00:00.0000000,2018-10-16 00:00:00.0000000,26,2020-09-25 00:00:00.0000000,2019-10-01 00:00:00.0000000,,0,0,1
40,745919,0.682039561,0,0,682039561,0,0,1,2019-03-04 00:00:00.0000000,2019-03-04 00:00:00.0000000,NULL,NULL,NULL,NULL,1,,1,1
40,571893,0.964774649,1871.122795,0,964774649,0,1871,122795,3,2019-08-28 00:00:00.0000000,2019-06-05 00:00:00.0000000,NULL,NULL,NULL,,1,1,1
40,686340,5.24E-04,0.51080785,0,524,1,0,51080785,7,2018-11-30 00:00:00.0000000,2018-10-15 00:00:00.0000000,1,2020-09-22 00:00:00.0000000,2020-09-22 00:00:00.0000000,,0,0,1
40,734635,0.354634751,14340.70906,0,354634751,1,14340,70906,4,2019-06-06 00:00:00.0000000,2019-05-06 00:00:00.0000000,1,2020-03-11 00:00:00.0000000,2020-03-11 00:00:00.0000000,,0,0,1
40,434276,0.630416033,0,0,630416033,0,0,1,2018-11-15 00:00:00.0000000,2018-11-15 00:00:00.0000000,3,2020-03-30 00:00:00.0000000,2020-02-07 00:00:00.0000000,NULL,0,,0,1
40,586582,0.99879859,33325.28635,0,99879859,0,33325,28635,37,2019-09-30 00:00:00.0000000,2018-10-30 00:00:00.0000000,93,2020-09-30 00:00:00.0000000,2019-10-01 00:00:00.0000000,,0,0,1
40,424001,0.998848251,61742.92541,0,998848251,0,61742,92541,65,2019-09-27 00:00:00.0000000,2018-10-01 00:00:00.0000000,40,2020-09-25 00:00:00.0000000,2019-10-10 00:00:00.0000000,,0,0,1
40,582482,0.799769697,4909.576137,0,799769697,0,4909,576137,11,2019-06-04 00:00:00.0000000,2018-10-05 00:00:00.0000000,5,2020-07-23 00:00:00.0000000,2020-04-16 00:00:00.0000000,,0,0,1
40,495540,0.999712984,645240.9386,0,999712984,0,645240,9386,154,2019-09-30 00:00:00.0000000,2018-10-01 00:00:00.0000000,162,2020-09-28 00:00:00.0000000,2019-10-01 00:00:00.0000000,,0,0,1
40,724693,0.992920114,26529.39253,0,992920114,0,26529,39253,21,2019-09-09 00:00:00.0000000,2018-10-03 00:00:00.0000000,6,2020-07-07 00:00:00.0000000,2019-11-04 00:00:00.0000000,,0,0,1
40,608171,0.971537342,725.4890595,0,971537342,0,725,4890595,4,2019-07-24 00:00:00.0000000,2018-12-04 00:00:00.0000000,5,2020-09-28 00:00:00.0000000,2019-10-21 00:00:00.0000000,,0,0,1
40,506554,0.991935357,5117.113892,0,991935357,0,5117,113892,14,2019-09-10 00:00:00.0000000,2018-12-07 00:00:00.0000000,NULL,NULL,NULL,,1,1,1
40,431241,0.999009103,245322.4106,0,999009103,0,245322,4106,137,2019-09-27 00:00:00.0000000,2018-10-05 00:00:00.0000000,163,2020-09-30 00:00:00.0000000,2019-10-01 00:00:00.0000000,,0,0,1
40,427528,0.997175974,876403.2014,0,997175974,0,876403,2014,23,2019-09-24 00:00:00.0000000,2018-10-08 00:00:00.0000000,24,2020-09-18 00:00:00.0000000,2019-10-09 00:00:00.0000000,,0,0,1
40,669389,0.986010832,8814.315074,0,986010832,0,8814,315074,16,2019-08-26 00:00:00.0000000,2018-10-17 00:00:00.0000000,8,2020-09-10 00:00:00.0000000,2019-10-14 00:00:00.0000000,,0,0,1
40,422610,0.958118542,4993.725686,0,958118542,0,4993,725686,2,2019-07-15 00:00:00.0000000,2019-01-03 00:00:00.0000000,NULL,NULL,NULL,,1,1,1
40,632456,0.82727288,802.1859314,0,82727288,0,802,1859314,3,2019-03-25 00:00:00.0000000,2018-12-10 00:00:00.0000000,1,2020-02-27 00:00:00.0000000,2020-02-27 00:00:00.0000000,,0,0,1
40,713154,0.64211365,0,0,64211365,0,0,1,2018-12-13 00:00:00.0000000,2018-12-13 00:00:00.0000000,3,2020-07-08 00:00:00.0000000,2020-01-27 00:00:00.0000000,NULL,0,,0,1
40,655261,0.993417808,9492.617434,0,993417808,0,9492,617434,14,2019-09-11 00:00:00.0000000,2018-10-04 00:00:00.0000000,6,2020-09-30 00:00:00.0000000,2020-01-09 00:00:00.0000000,,0,0,1
40,649728,0.994039721,12233.94682,0,994039721,0,12233,94682,36,2019-09-14 00:00:00.0000000,2018-10-03 00:00:00.0000000,65,2020-09-28 00:00:00.0000000,2019-10-09 00:00:00.0000000,,0,0,1
40,431387,0.724625806,0,0,724625806,0,0,1,2019-05-09 00:00:00.0000000,2019-05-09 00:00:00.0000000,1,2019-11-22 00:00:00.0000000,2019-11-22 00:00:00.0000000,NULL,0,,0,1
40,750687,0.974419385,1.20E+07,0,974419385,0,12000000,2,2019-09-30 00:00:00.0000000,2019-07-18 00:00:00.0000000,2,2020-03-30 00:00:00.0000000,2019-10-08 00:00:00.0000000,NULL,0,,0,1
40,688727,0.996801001,8194.818112,0,996801001,0,8194,818112,16,2019-09-27 00:00:00.0000000,2018-10-15 00:00:00.0000000,10,2020-09-28 00:00:00.0000000,2019-10-25 00:00:00.0000000,,0,0,1
40,689575,0.98715159,788.9101216,0,98715159,0,788,9101216,4,2019-09-23 00:00:00.0000000,2018-12-04 00:00:00.0000000,NULL,NULL,NULL,,1,1,1
40,733385,0.33951101,27.83690015,0,33951101,1,27,83690015,2,2018-12-17 00:00:00.0000000,2018-12-04 00:00:00.0000000,NULL,NULL,NULL,,1,1,1
40,464416,0.47486687,3357.889307,0,47486687,1,3357,889307,5,2019-05-14 00:00:00.0000000,2019-03-06 00:00:00.0000000,9,2020-06-29 00:00:00.0000000,2019-12-07 00:00:00.0000000,,0,0,1
40,721292,0.358446238,72.79128511,0,358446238,1,72,79128511,2,2018-12-19 00:00:00.0000000,2018-12-05 00:00:00.0000000,NULL,NULL,NULL,,1,1,1
40,607254,0.62419186,537.6069374,0,62419186,0,537,6069374,3,2019-01-04 00:00:00.0000000,2018-10-15 00:00:00.0000000,1,2019-10-15 00:00:00.0000000,2019-10-15 00:00:00.0000000,,0,0,1
40,709621,0.97273544,1079.754827,0,97273544,0,1079,754827,3,2019-08-05 00:00:00.0000000,2018-12-12 00:00:00.0000000,7,2020-07-29 00:00:00.0000000,2019-11-13 00:00:00.0000000,,0,0,1
40,551728,0.997662746,29741.99145,0,997662746,0,29741,99145,46,2019-09-23 00:00:00.0000000,2018-10-08 00:00:00.0000000,39,2020-09-25 00:00:00.0000000,2019-10-03 00:00:00.0000000,,0,0,1
40,435518,0.99800269,91312.44419,0,99800269,0,91312,44419,51,2019-09-24 00:00:00.0000000,2018-10-04 00:00:00.0000000,34,2020-09-28 00:00:00.0000000,2019-10-03 00:00:00.0000000,,0,0,1
40,433590,0.998841139,35817.86981,0,998841139,0,35817,86981,69,2019-09-27 00:00:00.0000000,2018-10-22 00:00:00.0000000,75,2020-09-28 00:00:00.0000000,2019-10-01 00:00:00.0000000,,0,0,1
40,741649,0.020990546,776.8918709,0,20990546,1,776,8918709,7,2018-12-31 00:00:00.0000000,2018-10-03 00:00:00.0000000,NULL,NULL,NULL,,1,1,1
40,539310,0.99348445,6685.854581,0,99348445,0,6685,854581,8,2019-09-24 00:00:00.0000000,2018-10-26 00:00:00.0000000,NULL,NULL,NULL,,1,1,1
40,662220,0.9741645,606903.4252,0,9741645,0,606903,4252,6,2019-07-19 00:00:00.0000000,2018-10-03 00:00:00.0000000,2,2019-11-12 00:00:00.0000000,2019-10-31 00:00:00.0000000,,0,0,1
40,431406,0.990416827,9686.313161,0,990416827,0,9686,313161,42,2019-09-11 00:00:00.0000000,2018-10-05 00:00:00.0000000,28,2020-09-30 00:00:00.0000000,2019-10-01 00:00:00.0000000,,0,0,1
40,725647,0.952182953,947.9563102,0,952182953,0,947,9563102,3,2019-07-23 00:00:00.0000000,2019-03-25 00:00:00.0000000,4,2020-06-18 00:00:00.0000000,2020-02-04 00:00:00.0000000,,0,0,1
40,731886,0.639530924,0,0,639530924,0,0,1,2018-12-07 00:00:00.0000000,2018-12-07 00:00:00.0000000,NULL,NULL,NULL,NULL,1,,1,1
40,661505,0.872548308,334.322526,0,872548308,0,334,322526,2,2019-03-25 00:00:00.0000000,2018-12-27 00:00:00.0000000,1,2020-04-28 00:00:00.0000000,2020-04-28 00:00:00.0000000,,0,0,1
40,692339,0.953930429,2290.56127,0,953930429,0,2290,56127,2,2019-09-04 00:00:00.0000000,2019-07-18 00:00:00.0000000,NULL,NULL,NULL,,1,1,1
40,425982,0.998605508,43968.09171,0,998605508,0,43968,9171,65,2019-09-26 00:00:00.0000000,2018-10-09 00:00:00.0000000,70,2020-09-30 00:00:00.0000000,2019-10-07 00:00:00.0000000,,0,0,1
40,652666,0.991437106,3891.274564,0,991437106,0,3891,274564,6,2019-09-25 00:00:00.0000000,2019-01-15 00:00:00.0000000,6,2020-09-07 00:00:00.0000000,2019-10-24 00:00:00.0000000,,0,0,1
40,495334,0.902507742,2505.512299,0,902507742,0,2505,512299,3,2019-06-25 00:00:00.0000000,2019-04-03 00:00:00.0000000,NULL,NULL,NULL,,1,1,1
40,741948,0.919661237,8783.421024,0,919661237,0,8783,421024,6,2019-05-23 00:00:00.0000000,2018-10-03 00:00:00.0000000,NULL,NULL,NULL,,1,1,1
40,422993,7.02E-04,4.410082683,0,702,1,4,410082683,10,2019-01-10 00:00:00.0000000,2018-10-13 00:00:00.0000000,3,2020-07-07 00:00:00.0000000,2019-11-19 00:00:00.0000000,,0,0,1
40,622292,0.797439741,0,0,797439741,0,0,1,2019-07-25 00:00:00.0000000,2019-07-25 00:00:00.0000000,NULL,NULL,NULL,NULL,1,,1,1
40,431337,0.998336469,71209.41015,0,998336469,0,71209,41015,59,2019-09-25 00:00:00.0000000,2018-10-01 00:00:00.0000000,61,2020-09-25 00:00:00.0000000,2019-10-01 00:00:00.0000000,,0,0,1
40,687143,0.997670452,24498.72207,0,997670452,0,24498,72207,32,2019-09-24 00:00:00.0000000,2018-10-02 00:00:00.0000000,16,2020-09-16 00:00:00.0000000,2019-12-26 00:00:00.0000000,,0,0,1
40,740151,0.01468293,753.2910842,0,1468293,1,753,2910842,3,2018-11-02 00:00:00.0000000,2018-10-26 00:00:00.0000000,3,2020-09-17 00:00:00.0000000,2020-07-22 00:00:00.0000000,,0,0,1
40,428319,0.960416067,1704.00017,0,960416067,0,1704,17,6,2019-07-11 00:00:00.0000000,2018-11-28 00:00:00.0000000,NULL,NULL,NULL,,1,1,1
40,737781,0.703132936,0,0,703132936,0,0,1,2019-04-08 00:00:00.0000000,2019-04-08 00:00:00.0000000,6,2020-09-02 00:00:00.0000000,2019-10-28 00:00:00.0000000,NULL,0,,0,1
40,431284,0.619547605,0,0,619547605,0,0,1,2018-10-18 00:00:00.0000000,2018-10-18 00:00:00.0000000,1,2020-01-02 00:00:00.0000000,2020-01-02 00:00:00.0000000,NULL,0,,0,1
40,434222,0.955609173,1217.005147,0,955609173,0,1217,5147,6,2019-06-27 00:00:00.0000000,2018-10-26 00:00:00.0000000,3,2020-05-26 00:00:00.0000000,2020-01-16 00:00:00.0000000,,0,0,1
40,622604,0.984225101,2519.562911,0,984225101,0,2519,562911,4,2019-09-06 00:00:00.0000000,2018-12-04 00:00:00.0000000,NULL,NULL,NULL,,1,1,1
40,428123,0.879460562,108320.283,0,879460562,0,108320,283,14,2019-07-03 00:00:00.0000000,2018-10-03 00:00:00.0000000,12,2020-09-30 00:00:00.0000000,2019-10-11 00:00:00.0000000,,0,0,1
40,708199,0.72482677,1960.545437,0,72482677,0,1960,545437,4,2019-02-25 00:00:00.0000000,2018-10-22 00:00:00.0000000,NULL,NULL,NULL,,1,1,1
40,628076,0.998701195,69122.11879,0,998701195,0,69122,11879,91,2019-09-26 00:00:00.0000000,2018-10-01 00:00:00.0000000,92,2020-09-30 00:00:00.0000000,2019-10-03 00:00:00.0000000,,0,0,1
40,699362,0.958794018,20262.39452,0,958794018,0,20262,39452,4,2019-06-11 00:00:00.0000000,2018-10-03 00:00:00.0000000,4,2020-04-28 00:00:00.0000000,2020-02-28 00:00:00.0000000,,0,0,1
40,719823,0.997787827,31856.26382,0,997787827,0,31856,26382,36,2019-09-24 00:00:00.0000000,2018-10-03 00:00:00.0000000,34,2020-09-25 00:00:00.0000000,2019-10-17 00:00:00.0000000,,0,0,1
40,735547,0.632440587,0,0,632440587,0,0,1,2018-11-20 00:00:00.0000000,2018-11-20 00:00:00.0000000,NULL,NULL,NULL,NULL,1,,1,1
40,691806,0.623725872,0,0,623725872,0,0,1,2018-10-29 00:00:00.0000000,2018-10-29 00:00:00.0000000,NULL,NULL,NULL,NULL,1,,1,1
40,748981,0.738679811,0,0,738679811,0,0,1,2019-05-27 00:00:00.0000000,2019-05-27 00:00:00.0000000,NULL,NULL,NULL,NULL,1,,1,1
40,616651,0.696871076,360.4551254,0,696871076,0,360,4551254,2,2019-01-29 00:00:00.0000000,2018-12-18 00:00:00.0000000,NULL,NULL,NULL,,1,1,1
40,747480,0.852231945,5821.422902,0,852231945,0,5821,422902,2,2019-07-04 00:00:00.0000000,2019-06-03 00:00:00.0000000,NULL,NULL,NULL,,1,1,1
40,435488,0.327482327,16.0649933,0,327482327,1,16,649933,2,2019-03-08 00:00:00.0000000,2019-03-01 00:00:00.0000000,NULL,NULL,NULL,,1,1,1
40,428034,0.995597872,8921.89719,0,995597872,0,8921,89719,13,2019-09-23 00:00:00.0000000,2018-10-01 00:00:00.0000000,6,2020-06-11 00:00:00.0000000,2019-11-28 00:00:00.0000000,,0,0,1
40,422931,0.920290124,1108.790954,0,920290124,0,1108,790954,7,2019-06-19 00:00:00.0000000,2018-11-23 00:00:00.0000000,2,2020-01-28 00:00:00.0000000,2020-01-27 00:00:00.0000000,,0,0,1
40,711011,0.998671735,103014.4735,0,998671735,0,103014,4735,76,2019-09-26 00:00:00.0000000,2018-10-03 00:00:00.0000000,38,2020-09-30 00:00:00.0000000,2019-10-03 00:00:00.0000000,,0,0,1
40,435831,0.744525586,0,0,744525586,0,0,1,2019-06-03 00:00:00.0000000,2019-06-03 00:00:00.0000000,NULL,NULL,NULL,NULL,1,,1,1
40,734671,0.841559522,5996.559168,0,841559522,0,5996,559168,9,2019-05-31 00:00:00.0000000,2018-10-17 00:00:00.0000000,6,2020-07-21 00:00:00.0000000,2019-11-25 00:00:00.0000000,,0,0,1
40,431010,0.997442287,44713.44187,0,997442287,0,44713,44187,81,2019-09-23 00:00:00.0000000,2018-10-03 00:00:00.0000000,63,2020-09-28 00:00:00.0000000,2019-10-02 00:00:00.0000000,,0,0,1
40,432334,0.941340508,3042.277351,0,941340508,0,3042,277351,7,2019-06-17 00:00:00.0000000,2018-10-09 00:00:00.0000000,6,2020-04-28 00:00:00.0000000,2019-10-25 00:00:00.0000000,,0,0,1
40,661077,0.989290275,63547.90538,0,989290275,0,63547,90538,39,2019-09-09 00:00:00.0000000,2018-10-01 00:00:00.0000000,20,2020-09-21 00:00:00.0000000,2019-10-14 00:00:00.0000000,,0,0,1
40,429415,0.906632757,182835.0382,0,906632757,0,182835,382,16,2019-07-19 00:00:00.0000000,2018-10-18 00:00:00.0000000,4,2020-09-17 00:00:00.0000000,2019-10-16 00:00:00.0000000,,0,0,1
40,559867,0.991160677,7929.282632,0,991160677,0,7929,282632,13,2019-09-06 00:00:00.0000000,2018-11-08 00:00:00.0000000,19,2020-09-10 00:00:00.0000000,2019-10-08 00:00:00.0000000,,0,0,1
40,552392,0.965721075,3909.532749,0,965721075,0,3909,532749,10,2019-08-13 00:00:00.0000000,2019-01-31 00:00:00.0000000,6,2020-09-24 00:00:00.0000000,2019-10-24 00:00:00.0000000,,0,0,1
40,669649,0.995578271,27379.07667,0,995578271,0,27379,7667,52,2019-09-19 00:00:00.0000000,2018-10-22 00:00:00.0000000,41,2020-09-30 00:00:00.0000000,2019-10-14 00:00:00.0000000,,0,0,1
40,721346,0.99847278,26263.46456,0,99847278,0,26263,46456,41,2019-09-27 00:00:00.0000000,2018-10-16 00:00:00.0000000,46,2020-09-24 00:00:00.0000000,2019-10-16 00:00:00.0000000,,0,0,1
40,717016,0.993842011,20556.54477,0,993842011,0,20556,54477,10,2019-09-23 00:00:00.0000000,2019-02-27 00:00:00.0000000,1,2019-12-11 00:00:00.0000000,2019-12-11 00:00:00.0000000,,0,0,1
40,630360,0.996407516,14365.45255,0,996407516,0,14365,45255,14,2019-09-27 00:00:00.0000000,2018-10-05 00:00:00.0000000,11,2020-07-16 00:00:00.0000000,2019-10-02 00:00:00.0000000,,0,0,1
40,422945,0.995920071,7779.879768,0,995920071,0,7779,879768,20,2019-09-19 00:00:00.0000000,2018-10-09 00:00:00.0000000,28,2020-07-23 00:00:00.0000000,2019-10-10 00:00:00.0000000,,0,0,1
40,705022,0.849918695,0,0,849918695,0,0,1,2019-08-29 00:00:00.0000000,2019-08-29 00:00:00.0000000,NULL,NULL,NULL,NULL,1,,1,1
40,718998,0.993612376,3049.555081,0,993612376,0,3049,555081,13,2019-09-14 00:00:00.0000000,2018-11-05 00:00:00.0000000,4,2019-12-20 00:00:00.0000000,2019-12-05 00:00:00.0000000,,0,0,1
40,638155,0.81859871,4221.038314,0,81859871,0,4221,38314,2,2019-02-13 00:00:00.0000000,2018-12-03 00:00:00.0000000,NULL,NULL,NULL,,1,1,1
40,710267,0.999296585,25722.81842,0,999296585,0,25722,81842,63,2019-09-30 00:00:00.0000000,2018-10-01 00:00:00.0000000,74,2020-09-29 00:00:00.0000000,2019-10-03 00:00:00.0000000,,0,0,1
40,592618,0.995221179,5306.982964,0,995221179,0,5306,982964,11,2019-09-25 00:00:00.0000000,2018-10-18 00:00:00.0000000,11,2020-09-28 00:00:00.0000000,2019-11-08 00:00:00.0000000,,0,0,1
40,429083,0.979619773,3372.305785,0,979619773,0,3372,305785,5,2019-08-16 00:00:00.0000000,2018-12-28 00:00:00.0000000,3,2020-01-14 00:00:00.0000000,2019-10-08 00:00:00.0000000,,0,0,1
40,587635,0.922176219,992.7756953,0,922176219,0,992,7756953,2,2019-03-20 00:00:00.0000000,2018-10-03 00:00:00.0000000,2,2020-04-07 00:00:00.0000000,2020-01-29 00:00:00.0000000,,0,0,1
40,633568,0.746370643,946.561791,0,746370643,0,946,561791,6,2019-05-30 00:00:00.0000000,2019-01-30 00:00:00.0000000,1,2020-09-30 00:00:00.0000000,2020-09-30 00:00:00.0000000,,0,0,1
40,432451,0.999681949,229827.6294,0,999681949,0,229827,6294,139,2019-09-30 00:00:00.0000000,2018-10-01 00:00:00.0000000,98,2020-09-24 00:00:00.0000000,2019-10-01 00:00:00.0000000,,0,0,1
40,442534,0.67596911,0,0,67596911,0,0,1,2019-02-21 00:00:00.0000000,2019-02-21 00:00:00.0000000,NULL,NULL,NULL,NULL,1,,1,1
40,434588,0.987567927,2300.085428,0,987567927,0,2300,85428,7,2019-08-28 00:00:00.0000000,2018-10-19 00:00:00.0000000,2,2020-09-16 00:00:00.0000000,2019-12-12 00:00:00.0000000,,0,0,1
40,745736,0.728398846,0,0,728398846,0,0,1,2019-05-14 00:00:00.0000000,2019-05-14 00:00:00.0000000,6,2020-08-05 00:00:00.0000000,2020-05-04 00:00:00.0000000,NULL,0,,0,1
40,655804,0.99751022,21713.0401,0,99751022,0,21713,401,25,2019-09-25 00:00:00.0000000,2018-10-01 00:00:00.0000000,20,2020-09-28 00:00:00.0000000,2019-10-01 00:00:00.0000000,,0,0,1
40,731139,0.985147127,7122.034838,0,985147127,0,7122,34838,15,2019-08-23 00:00:00.0000000,2018-10-09 00:00:00.0000000,34,2020-09-15 00:00:00.0000000,2019-10-10 00:00:00.0000000,,0,0,1
40,606670,0.995462989,8388.969047,0,995462989,0,8388,969047,10,2019-09-30 00:00:00.0000000,2018-10-18 00:00:00.0000000,17,2020-09-30 00:00:00.0000000,2020-01-15 00:00:00.0000000,,0,0,1
40,580130,0.997732474,19468.1288,0,997732474,0,19468,1288,29,2019-09-25 00:00:00.0000000,2018-10-03 00:00:00.0000000,12,2020-09-15 00:00:00.0000000,2019-10-11 00:00:00.0000000,,0,0,1
40,724816,0.858592643,469.8208359,0,858592643,0,469,8208359,4,2019-04-01 00:00:00.0000000,2018-10-22 00:00:00.0000000,1,2019-10-01 00:00:00.0000000,2019-10-01 00:00:00.0000000,,0,0,1
40,747964,0.596160282,16829.36623,0,596160282,0,16829,36623,8,2019-08-14 00:00:00.0000000,2019-06-28 00:00:00.0000000,25,2020-08-12 00:00:00.0000000,2019-11-27 00:00:00.0000000,,0,0,1
40,672834,0.827545074,546.6123109,0,827545074,0,546,6123109,2,2019-03-19 00:00:00.0000000,2019-01-14 00:00:00.0000000,1,2020-01-13 00:00:00.0000000,2020-01-13 00:00:00.0000000,,0,0,1
40,428661,0.999783426,1239286.044,0,999783426,0,1239286,44,204,2019-09-30 00:00:00.0000000,2018-10-01 00:00:00.0000000,189,2020-09-30 00:00:00.0000000,2019-10-01 00:00:00.0000000,,0,0,1
40,702986,0.923405127,3645.516715,0,923405127,0,3645,516715,2,2019-04-17 00:00:00.0000000,2018-11-22 00:00:00.0000000,NULL,NULL,NULL,,1,1,1
40,717560,0.719721336,137.947316,0,719721336,0,137,947316,2,2019-02-18 00:00:00.0000000,2019-01-07 00:00:00.0000000,1,2019-12-30 00:00:00.0000000,2019-12-30 00:00:00.0000000,,0,0,1
40,617160,0.959584584,5096.062685,0,959584584,0,5096,62685,2,2019-07-01 00:00:00.0000000,2018-10-23 00:00:00.0000000,NULL,NULL,NULL,,1,1,1
40,425017,0.741156892,0,0,741156892,0,0,1,2019-05-30 00:00:00.0000000,2019-05-30 00:00:00.0000000,NULL,NULL,NULL,X,1,,1,1
40,724777,0.967020339,431.4384559,0,967020339,0,431,4384559,7,2019-07-10 00:00:00.0000000,2018-10-01 00:00:00.0000000,1,2020-03-06 00:00:00.0000000,2020-03-06 00:00:00.0000000,,0,0,1
40,697631,0.267665117,1079.407175,0,267665117,1,1079,407175,3,2019-04-02 00:00:00.0000000,2019-03-11 00:00:00.0000000,NULL,NULL,NULL,,1,1,1
40,552489,0.999543845,43503.40021,0,999543845,0,43503,40021,97,2019-09-30 00:00:00.0000000,2018-10-01 00:00:00.0000000,114,2020-09-30 00:00:00.0000000,2019-10-02 00:00:00.0000000,,0,0,1
40,641564,0.990243195,3683.972349,0,990243195,0,3683,972349,10,2019-09-02 00:00:00.0000000,2018-10-10 00:00:00.0000000,NULL,NULL,NULL,,1,1,1
40,651053,0.941285837,4449.856127,0,941285837,0,4449,856127,14,2019-07-25 00:00:00.0000000,2018-10-30 00:00:00.0000000,7,2020-03-13 00:00:00.0000000,2019-12-05 00:00:00.0000000,,0,0,1
40,719570,0.997980354,225560.5382,0,997980354,0,225560,5382,36,2019-09-25 00:00:00.0000000,2018-10-08 00:00:00.0000000,32,2020-09-21 00:00:00.0000000,2019-10-30 00:00:00.0000000,,0,0,1
40,688105,0.998463992,23248.82663,0,998463992,0,23248,82663,29,2019-09-30 00:00:00.0000000,2018-10-03 00:00:00.0000000,59,2020-09-30 00:00:00.0000000,2019-10-07 00:00:00.0000000,,0,0,1
40,572230,0.775881225,673.7995084,0,775881225,0,673,7995084,2,2019-03-01 00:00:00.0000000,2019-01-08 00:00:00.0000000,NULL,NULL,NULL,,1,1,1
40,422204,0.99565593,18906.64003,0,99565593,0,18906,64003,30,2019-09-17 00:00:00.0000000,2018-10-08 00:00:00.0000000,11,2020-09-15 00:00:00.0000000,2019-10-01 00:00:00.0000000,,0,0,1
40,687715,0.952440215,356.8812373,0,952440215,0,356,8812373,2,2019-05-29 00:00:00.0000000,2018-10-04 00:00:00.0000000,7,2020-07-06 00:00:00.0000000,2019-10-11 00:00:00.0000000,,0,0,1
40,639540,0.996330511,43925.30494,0,996330511,0,43925,30494,50,2019-09-20 00:00:00.0000000,2018-10-18 00:00:00.0000000,74,2020-09-30 00:00:00.0000000,2019-10-02 00:00:00.0000000,,0,0,1
40,429997,0.98477709,632777.9408,0,98477709,0,632777,9408,143,2019-09-20 00:00:00.0000000,2018-10-02 00:00:00.0000000,61,2020-09-30 00:00:00.0000000,2019-10-01 00:00:00.0000000,,0,0,1
40,535060,0.743322292,4027.443832,0,743322292,0,4027,443832,7,2019-05-02 00:00:00.0000000,2018-11-07 00:00:00.0000000,NULL,NULL,NULL,,1,1,1
40,512700,0.676511145,0,0,676511145,0,0,1,2019-02-22 00:00:00.0000000,2019-02-22 00:00:00.0000000,NULL,NULL,NULL,NULL,1,,1,1
40,622472,0.999035063,84177.05849,0,999035063,0,84177,5849,46,2019-09-30 00:00:00.0000000,2018-10-01 00:00:00.0000000,38,2020-09-29 00:00:00.0000000,2019-10-03 00:00:00.0000000,,0,0,1
40,426106,0.30426313,384.5036013,0,30426313,1,384,5036013,3,2019-03-12 00:00:00.0000000,2019-02-12 00:00:00.0000000,NULL,NULL,NULL,,1,1,1
40,591559,0.998342743,73377.80427,0,998342743,0,73377,80427,43,2019-09-26 00:00:00.0000000,2018-10-10 00:00:00.0000000,32,2020-09-25 00:00:00.0000000,2019-10-08 00:00:00.0000000,,0,0,1
40,633930,0.610695715,1563.004082,0,610695715,0,1563,4082,3,2019-05-28 00:00:00.0000000,2019-04-25 00:00:00.0000000,NULL,NULL,NULL,,1,1,1
40,430194,0.621432692,0,0,621432692,0,0,1,2018-10-23 00:00:00.0000000,2018-10-23 00:00:00.0000000,NULL,NULL,NULL,NULL,1,,1,1
40,423191,0.998223867,19018.25964,0,998223867,0,19018,25964,49,2019-09-25 00:00:00.0000000,2018-10-09 00:00:00.0000000,63,2020-09-25 00:00:00.0000000,2019-10-04 00:00:00.0000000,,0,0,1
40,673887,0.966118296,3470.42417,0,966118296,0,3470,42417,7,2019-07-09 00:00:00.0000000,2018-10-02 00:00:00.0000000,1,2019-12-17 00:00:00.0000000,2019-12-17 00:00:00.0000000,,0,0,1
40,713313,0.260939893,33.66911753,0,260939893,1,33,66911753,2,2019-05-11 00:00:00.0000000,2019-05-10 00:00:00.0000000,1,2020-07-27 00:00:00.0000000,2020-07-27 00:00:00.0000000,,0,0,1
40,627381,0.997061925,28316.53973,0,997061925,0,28316,53973,18,2019-09-27 00:00:00.0000000,2018-11-22 00:00:00.0000000,5,2020-04-07 00:00:00.0000000,2019-10-14 00:00:00.0000000,,0,0,1
40,593936,0.992457182,5549.236709,0,992457182,0,5549,236709,10,2019-09-13 00:00:00.0000000,2018-11-14 00:00:00.0000000,4,2020-03-09 00:00:00.0000000,2019-12-12 00:00:00.0000000,,0,0,1
40,718939,0.95229093,1447.462858,0,95229093,0,1447,462858,3,2019-06-14 00:00:00.0000000,2018-12-04 00:00:00.0000000,NULL,NULL,NULL,,1,1,1
40,697449,0.700569263,0,0,700569263,0,0,1,2019-04-04 00:00:00.0000000,2019-04-04 00:00:00.0000000,NULL,NULL,NULL,NULL,1,,1,1
40,423531,0.942418869,721.361914,0,942418869,0,721,361914,2,2019-05-02 00:00:00.0000000,2018-10-10 00:00:00.0000000,4,2020-09-14 00:00:00.0000000,2020-03-10 00:00:00.0000000,,0,0,1
40,705714,0.64211365,0,0,64211365,0,0,1,2018-12-13 00:00:00.0000000,2018-12-13 00:00:00.0000000,NULL,NULL,NULL,NULL,1,,1,1
40,599636,0.660538704,0,0,660538704,0,0,1,2019-01-22 00:00:00.0000000,2019-01-22 00:00:00.0000000,NULL,NULL,NULL,NULL,1,,1,1
40,435919,0.968517939,4164.111599,0,968517939,0,4164,111599,7,2019-07-16 00:00:00.0000000,2018-10-19 00:00:00.0000000,2,2020-01-23 00:00:00.0000000,2019-10-25 00:00:00.0000000,,0,0,1
40,667369,0.995462989,5154.590537,0,995462989,0,5154,590537,10,2019-09-30 00:00:00.0000000,2018-12-27 00:00:00.0000000,14,2020-09-21 00:00:00.0000000,2019-11-29 00:00:00.0000000,,0,0,1
40,591565,0.990080648,3524.121319,0,990080648,0,3524,121319,10,2019-09-03 00:00:00.0000000,2018-10-30 00:00:00.0000000,15,2020-09-30 00:00:00.0000000,2019-10-16 00:00:00.0000000,,0,0,1
40,435300,0.99599363,5774.651454,0,99599363,0,5774,651454,13,2019-09-26 00:00:00.0000000,2018-10-23 00:00:00.0000000,23,2020-09-29 00:00:00.0000000,2019-10-22 00:00:00.0000000,,0,0,1
40,701631,0.994376122,1405.291194,0,994376122,0,1405,291194,12,2019-09-20 00:00:00.0000000,2018-12-19 00:00:00.0000000,14,2020-09-08 00:00:00.0000000,2019-10-09 00:00:00.0000000,,0,0,1
40,602163,0.636571618,0,0,636571618,0,0,1,2018-11-30 00:00:00.0000000,2018-11-30 00:00:00.0000000,NULL,NULL,NULL,NULL,1,,1,1
40,428538,0.974973632,7446.834806,0,974973632,0,7446,834806,12,2019-08-09 00:00:00.0000000,2018-10-31 00:00:00.0000000,11,2020-08-03 00:00:00.0000000,2019-10-03 00:00:00.0000000,,0,0,1
40,430517,0.999628371,88911.82996,0,999628371,0,88911,82996,119,2019-09-30 00:00:00.0000000,2018-10-02 00:00:00.0000000,87,2020-09-30 00:00:00.0000000,2019-10-08 00:00:00.0000000,,0,0,1
40,709001,0.371474688,23.56626045,0,371474688,1,23,56626045,2,2018-12-03 00:00:00.0000000,2018-11-17 00:00:00.0000000,NULL,NULL,NULL,,1,1,1
40,730813,0.973050563,2395.47891,0,973050563,0,2395,47891,4,2019-08-19 00:00:00.0000000,2019-03-20 00:00:00.0000000,1,2019-10-15 00:00:00.0000000,2019-10-15 00:00:00.0000000,,0,0,1
40,429105,0.997029687,10434.13303,0,997029687,0,10434,13303,22,2019-09-24 00:00:00.0000000,2018-10-29 00:00:00.0000000,24,2020-09-21 00:00:00.0000000,2019-10-21 00:00:00.0000000,,0,0,1
40,751954,0.872499474,0,0,872499474,0,0,1,2019-09-09 00:00:00.0000000,2019-09-09 00:00:00.0000000,NULL,NULL,NULL,NULL,1,,1,1
40,678973,0.900146009,7636.146244,0,900146009,0,7636,146244,5,2019-04-30 00:00:00.0000000,2018-10-05 00:00:00.0000000,27,2020-09-29 00:00:00.0000000,2019-12-12 00:00:00.0000000,,0,0,1
40,689574,0.889786507,0,0,889786507,0,0,1,2019-09-16 00:00:00.0000000,2019-09-16 00:00:00.0000000,2,2019-10-09 00:00:00.0000000,2019-10-07 00:00:00.0000000,NULL,0,,0,1
40,641607,0.991544351,3966.886023,0,991544351,0,3966,886023,7,2019-09-16 00:00:00.0000000,2018-10-05 00:00:00.0000000,12,2020-07-24 00:00:00.0000000,2019-12-27 00:00:00.0000000,,0,0,1
40,748584,0.546023918,96681.15061,0,546023918,0,96681,15061,2,2019-07-15 00:00:00.0000000,2019-07-12 00:00:00.0000000,3,2020-03-25 00:00:00.0000000,2020-02-24 00:00:00.0000000,,0,0,1
40,558933,0.649015424,431.185314,0,649015424,0,431,185314,2,2019-07-18 00:00:00.0000000,2019-07-12 00:00:00.0000000,NULL,NULL,NULL,,1,1,1
40,717841,0.999273418,17791.86569,0,999273418,0,17791,86569,61,2019-09-30 00:00:00.0000000,2018-10-03 00:00:00.0000000,62,2020-09-23 00:00:00.0000000,2019-10-01 00:00:00.0000000,,0,0,1
40,685533,0.987706616,1418.067439,0,987706616,0,1418,67439,5,2019-09-11 00:00:00.0000000,2018-11-19 00:00:00.0000000,5,2020-09-28 00:00:00.0000000,2019-12-26 00:00:00.0000000,,0,0,1
40,434900,0.993158065,2563.243646,0,993158065,0,2563,243646,24,2019-09-10 00:00:00.0000000,2018-10-01 00:00:00.0000000,14,2020-09-17 00:00:00.0000000,2019-10-17 00:00:00.0000000,,0,0,1
40,728992,0.910207173,1623.755179,0,910207173,0,1623,755179,2,2019-06-24 00:00:00.0000000,2019-04-18 00:00:00.0000000,2,2020-02-26 00:00:00.0000000,2019-10-30 00:00:00.0000000,,0,0,1
40,494976,0.99967964,165676.6832,0,99967964,0,165676,6832,138,2019-09-30 00:00:00.0000000,2018-10-01 00:00:00.0000000,36,2020-08-28 00:00:00.0000000,2019-10-01 00:00:00.0000000,,0,0,1
40,692174,0.93689675,10687.2266,0,93689675,0,10687,2266,25,2019-08-13 00:00:00.0000000,2018-10-22 00:00:00.0000000,20,2020-09-22 00:00:00.0000000,2019-10-09 00:00:00.0000000,,0,0,1
40,686076,0.98957157,6612.254732,0,98957157,0,6612,254732,5,2019-09-24 00:00:00.0000000,2019-01-31 00:00:00.0000000,1,2020-02-18 00:00:00.0000000,2020-02-18 00:00:00.0000000,,0,0,1
40,689704,0.621535452,7263.43442,0,621535452,0,7263,43442,19,2019-06-27 00:00:00.0000000,2018-10-04 00:00:00.0000000,12,2020-04-03 00:00:00.0000000,2019-10-30 00:00:00.0000000,,0,0,1
40,708646,0.997493701,17181.71935,0,997493701,0,17181,71935,33,2019-09-23 00:00:00.0000000,2018-10-01 00:00:00.0000000,14,2020-09-21 00:00:00.0000000,2019-10-30 00:00:00.0000000,,0,0,1
40,703207,0.764580284,0,0,764580284,0,0,1,2019-06-25 00:00:00.0000000,2019-06-25 00:00:00.0000000,NULL,NULL,NULL,NULL,1,,1,1
40,695599,0.996051428,6216.300959,0,996051428,0,6216,300959,19,2019-09-20 00:00:00.0000000,2018-10-08 00:00:00.0000000,6,2020-09-16 00:00:00.0000000,2019-12-18 00:00:00.0000000,,0,0,1
40,699266,0.998964803,83362.56718,0,998964803,0,83362,56718,85,2019-09-27 00:00:00.0000000,2018-10-01 00:00:00.0000000,71,2020-09-30 00:00:00.0000000,2019-10-02 00:00:00.0000000,,0,0,1
40,745367,0.773659798,0,0,773659798,0,0,1,2019-07-04 00:00:00.0000000,2019-07-04 00:00:00.0000000,1,2019-11-27 00:00:00.0000000,2019-11-27 00:00:00.0000000,NULL,0,,0,1
40,726431,0.681219539,4412.673162,0,681219539,0,4412,673162,4,2019-03-28 00:00:00.0000000,2018-12-21 00:00:00.0000000,NULL,NULL,NULL,,1,1,1
40,663000,0.999822609,814829.7774,0,999822609,0,814829,7774,249,2019-09-30 00:00:00.0000000,2018-10-01 00:00:00.0000000,223,2020-09-30 00:00:00.0000000,2019-10-01 00:00:00.0000000,,0,0,1
40,655718,0.322050199,38.32286137,0,322050199,1,38,32286137,2,2018-10-31 00:00:00.0000000,2018-10-16 00:00:00.0000000,NULL,NULL,NULL,,1,1,1
40,681252,0.629214003,0,0,629214003,0,0,1,2018-11-12 00:00:00.0000000,2018-11-12 00:00:00.0000000,NULL,NULL,NULL,NULL,1,,1,1
40,704994,0.998369996,42118.07156,0,998369996,0,42118,7156,68,2019-09-25 00:00:00.0000000,2018-10-01 00:00:00.0000000,10,2020-01-02 00:00:00.0000000,2019-10-08 00:00:00.0000000,,0,0,1
40,422533,0.997677765,170859.6428,0,997677765,0,170859,6428,28,2019-09-25 00:00:00.0000000,2018-10-05 00:00:00.0000000,32,2020-09-15 00:00:00.0000000,2019-10-01 00:00:00.0000000,,0,0,1
40,705936,0.820762917,1935.150646,0,820762917,0,1935,150646,6,2019-04-24 00:00:00.0000000,2018-10-19 00:00:00.0000000,2,2020-06-11 00:00:00.0000000,2020-04-14 00:00:00.0000000,,0,0,1
40,435630,0.987466591,2238.527913,0,987466591,0,2238,527913,6,2019-09-03 00:00:00.0000000,2018-11-21 00:00:00.0000000,5,2020-09-03 00:00:00.0000000,2019-11-05 00:00:00.0000000,,0,0,1
40,427987,0.998937096,53611.76391,0,998937096,0,53611,76391,79,2019-09-27 00:00:00.0000000,2018-10-02 00:00:00.0000000,73,2020-09-28 00:00:00.0000000,2019-10-09 00:00:00.0000000,,0,0,1
40,547353,0.979100299,19888.83499,0,979100299,0,19888,83499,20,2019-08-27 00:00:00.0000000,2018-11-28 00:00:00.0000000,9,2020-07-06 00:00:00.0000000,2019-10-15 00:00:00.0000000,,0,0,1
40,663062,0.958822501,1670.584865,0,958822501,0,1670,584865,3,2019-06-11 00:00:00.0000000,2018-10-16 00:00:00.0000000,3,2020-01-24 00:00:00.0000000,2019-10-17 00:00:00.0000000,,0,0,1
40,667056,0.981205611,6892.178607,0,981205611,0,6892,178607,11,2019-08-12 00:00:00.0000000,2018-10-09 00:00:00.0000000,34,2020-09-14 00:00:00.0000000,2019-10-11 00:00:00.0000000,,0,0,1
40,422096,0.998993182,67864.12016,0,998993182,0,67864,12016,94,2019-09-27 00:00:00.0000000,2018-10-01 00:00:00.0000000,77,2020-09-28 00:00:00.0000000,2019-10-09 00:00:00.0000000,,0,0,1
40,539221,0.997903256,13872.03719,0,997903256,0,13872,3719,29,2019-09-26 00:00:00.0000000,2018-10-03 00:00:00.0000000,62,2020-09-30 00:00:00.0000000,2019-10-09 00:00:00.0000000,,0,0,1
40,432391,0.995952976,5465.650763,0,995952976,0,5465,650763,15,2019-09-23 00:00:00.0000000,2018-10-30 00:00:00.0000000,12,2020-09-21 00:00:00.0000000,2019-10-30 00:00:00.0000000,,0,0,1
40,720831,0.995995532,9172.520456,0,995995532,0,9172,520456,21,2019-09-19 00:00:00.0000000,2018-10-09 00:00:00.0000000,14,2020-09-25 00:00:00.0000000,2019-10-04 00:00:00.0000000,,0,0,1
40,583541,0.991143394,9304.880672,0,991143394,0,9304,880672,10,2019-09-11 00:00:00.0000000,2018-12-31 00:00:00.0000000,8,2020-03-09 00:00:00.0000000,2019-11-13 00:00:00.0000000,,0,0,1
40,430832,0.994932881,7179.165168,0,994932881,0,7179,165168,10,2019-09-26 00:00:00.0000000,2018-10-25 00:00:00.0000000,18,2020-09-23 00:00:00.0000000,2019-10-09 00:00:00.0000000,,0,0,1
40,682615,0.997539652,64366.13689,0,997539652,0,64366,13689,42,2019-09-23 00:00:00.0000000,2018-10-24 00:00:00.0000000,42,2020-09-29 00:00:00.0000000,2019-10-14 00:00:00.0000000,,0,0,1
40,424725,0.941090528,6271.860272,0,941090528,0,6271,860272,6,2019-06-28 00:00:00.0000000,2018-12-10 00:00:00.0000000,3,2020-03-30 00:00:00.0000000,2019-10-30 00:00:00.0000000,,0,0,1
40,426846,0.024195982,985.6298404,0,24195982,1,985,6298404,23,2019-05-21 00:00:00.0000000,2018-10-01 00:00:00.0000000,1,2020-05-21 00:00:00.0000000,2020-05-21 00:00:00.0000000,,0,0,1
40,704090,0.994318983,6918.79838,0,994318983,0,6918,79838,9,2019-09-25 00:00:00.0000000,2018-10-03 00:00:00.0000000,6,2020-09-18 00:00:00.0000000,2019-12-02 00:00:00.0000000,,0,0,1
40,689504,0.999651832,995428.3805,0,999651832,0,995428,3805,127,2019-09-30 00:00:00.0000000,2018-10-01 00:00:00.0000000,127,2020-09-30 00:00:00.0000000,2019-10-02 00:00:00.0000000,,0,0,1
40,625276,0.747935108,2199.835687,0,747935108,0,2199,835687,3,2019-02-25 00:00:00.0000000,2018-11-27 00:00:00.0000000,7,2020-09-25 00:00:00.0000000,2019-10-28 00:00:00.0000000,,0,0,1
40,611683,0.01672429,27.25179489,0,1672429,1,27,25179489,14,2019-04-01 00:00:00.0000000,2018-10-18 00:00:00.0000000,NULL,NULL,NULL,,1,1,1
40,564870,0.993410203,22075.49448,0,993410203,0,22075,49448,36,2019-09-13 00:00:00.0000000,2018-10-03 00:00:00.0000000,33,2020-09-29 00:00:00.0000000,2019-10-03 00:00:00.0000000,,0,0,1
40,435522,0.995678451,13251.27126,0,995678451,0,13251,27126,21,2019-09-18 00:00:00.0000000,2018-10-18 00:00:00.0000000,11,2020-09-28 00:00:00.0000000,2019-10-14 00:00:00.0000000,,0,0,1
40,653289,0.99902327,70888.44151,0,99902327,0,70888,44151,128,2019-09-27 00:00:00.0000000,2018-10-02 00:00:00.0000000,36,2020-09-08 00:00:00.0000000,2019-10-02 00:00:00.0000000,,0,0,1
40,607938,0.999677297,52194.72331,0,999677297,0,52194,72331,137,2019-09-30 00:00:00.0000000,2018-10-01 00:00:00.0000000,160,2020-09-30 00:00:00.0000000,2019-10-01 00:00:00.0000000,,0,0,1
40,424991,0.9986346,141997.2296,0,9986346,0,141997,2296,70,2019-09-26 00:00:00.0000000,2018-10-08 00:00:00.0000000,62,2020-09-24 00:00:00.0000000,2019-10-01 00:00:00.0000000,,0,0,1
40,579739,0.988154667,4282.766049,0,988154667,0,4282,766049,4,2019-09-30 00:00:00.0000000,2019-02-13 00:00:00.0000000,NULL,NULL,NULL,,1,1,1
40,639814,0.992673071,64640.77624,0,992673071,0,64640,77624,68,2019-09-17 00:00:00.0000000,2018-10-03 00:00:00.0000000,81,2020-09-29 00:00:00.0000000,2019-10-02 00:00:00.0000000,,0,0,1
40,571787,0.970550607,2823.355314,0,970550607,0,2823,355314,12,2019-08-07 00:00:00.0000000,2018-11-13 00:00:00.0000000,17,2020-09-14 00:00:00.0000000,2019-10-29 00:00:00.0000000,,0,0,1
40,433980,0.94878265,13300.00687,0,94878265,0,13300,687,4,2019-07-15 00:00:00.0000000,2019-02-25 00:00:00.0000000,3,2020-09-30 00:00:00.0000000,2019-10-01 00:00:00.0000000,,0,0,1
40,706576,0.613666875,0,0,613666875,0,0,1,2018-10-02 00:00:00.0000000,2018-10-02 00:00:00.0000000,NULL,NULL,NULL,NULL,1,,1,1
40,560647,0.928255611,16967.98241,0,928255611,0,16967,98241,6,2019-05-30 00:00:00.0000000,2018-10-08 00:00:00.0000000,NULL,NULL,NULL,,1,1,1
40,431836,0.780358952,519.6709806,0,780358952,0,519,6709806,2,2018-12-17 00:00:00.0000000,2018-10-04 00:00:00.0000000,1,2020-01-02 00:00:00.0000000,2020-01-02 00:00:00.0000000,,0,0,1
40,685271,0.996504565,10807.22484,0,996504565,0,10807,22484,28,2019-09-20 00:00:00.0000000,2018-10-17 00:00:00.0000000,40,2020-09-30 00:00:00.0000000,2019-10-08 00:00:00.0000000,,0,0,1
40,654272,0.995506822,293.4173947,0,995506822,0,293,4173947,13,2019-09-23 00:00:00.0000000,2018-10-30 00:00:00.0000000,12,2020-09-21 00:00:00.0000000,2019-10-30 00:00:00.0000000,,0,0,1
40,465523,0.971897318,1152.396651,0,971897318,0,1152,396651,5,2019-07-15 00:00:00.0000000,2018-10-18 00:00:00.0000000,1,2020-06-19 00:00:00.0000000,2020-06-19 00:00:00.0000000,,0,0,1
40,632818,0.997650374,58000.17241,0,997650374,0,58000,17241,32,2019-09-24 00:00:00.0000000,2018-10-08 00:00:00.0000000,82,2020-09-30 00:00:00.0000000,2019-10-01 00:00:00.0000000,,0,0,1
40,651082,0.995123964,42133.31664,0,995123964,0,42133,31664,66,2019-09-19 00:00:00.0000000,2018-10-03 00:00:00.0000000,54,2020-09-24 00:00:00.0000000,2019-10-01 00:00:00.0000000,,0,0,1
40,557597,0.99415651,5203.475921,0,99415651,0,5203,475921,9,2019-09-24 00:00:00.0000000,2018-10-15 00:00:00.0000000,19,2020-09-28 00:00:00.0000000,2019-10-04 00:00:00.0000000,,0,0,1
40,721073,0.964758586,741.5266803,0,964758586,0,741,5266803,3,2019-06-24 00:00:00.0000000,2018-10-05 00:00:00.0000000,2,2019-11-12 00:00:00.0000000,2019-10-15 00:00:00.0000000,,0,0,1
40,639444,0.991195093,4042.50869,0,991195093,0,4042,50869,6,2019-09-23 00:00:00.0000000,2018-12-17 00:00:00.0000000,8,2020-09-30 00:00:00.0000000,2019-10-08 00:00:00.0000000,,0,0,1
40,646541,0.622193276,0,0,622193276,0,0,1,2018-10-25 00:00:00.0000000,2018-10-25 00:00:00.0000000,NULL,NULL,NULL,NULL,1,,1,1
40,709467,0.65667281,0,0,65667281,0,0,1,2019-01-14 00:00:00.0000000,2019-01-14 00:00:00.0000000,NULL,NULL,NULL,NULL,1,,1,1
40,599848,0.974331626,4300.048311,0,974331626,0,4300,48311,3,2019-09-16 00:00:00.0000000,2019-07-15 00:00:00.0000000,1,2020-09-17 00:00:00.0000000,2020-09-17 00:00:00.0000000,,0,0,1
40,526184,0.034918684,92.49665619,0,34918684,1,92,49665619,4,2019-02-28 00:00:00.0000000,2019-02-07 00:00:00.0000000,6,2020-09-11 00:00:00.0000000,2020-03-11 00:00:00.0000000,,0,0,1
40,584711,0.958854694,12479.02477,0,958854694,0,12479,2477,19,2019-08-08 00:00:00.0000000,2018-10-05 00:00:00.0000000,NULL,NULL,NULL,,1,1,1
40,593097,0.936776516,3813.38806,0,936776516,0,3813,38806,2,2019-06-12 00:00:00.0000000,2019-02-06 00:00:00.0000000,6,2020-03-20 00:00:00.0000000,2019-11-25 00:00:00.0000000,,0,0,1
40,599113,0.999035063,609560.6748,0,999035063,0,609560,6748,46,2019-09-30 00:00:00.0000000,2018-10-05 00:00:00.0000000,18,2020-08-10 00:00:00.0000000,2019-10-01 00:00:00.0000000,,0,0,1
40,433769,0.459362282,828.9082406,0,459362282,1,828,9082406,5,2019-02-06 00:00:00.0000000,2018-10-10 00:00:00.0000000,NULL,NULL,NULL,,1,1,1
40,692821,0.72280765,1553.185024,0,72280765,0,1553,185024,5,2019-04-17 00:00:00.0000000,2018-12-12 00:00:00.0000000,1,2020-08-26 00:00:00.0000000,2020-08-26 00:00:00.0000000,,0,0,1
40,553733,0.844766867,703.5183998,0,844766867,0,703,5183998,4,2019-03-28 00:00:00.0000000,2018-10-24 00:00:00.0000000,9,2020-04-27 00:00:00.0000000,2019-10-15 00:00:00.0000000,,0,0,1
40,582750,0.967000465,2189.83116,0,967000465,0,2189,83116,2,2019-08-28 00:00:00.0000000,2019-03-07 00:00:00.0000000,3,2020-02-20 00:00:00.0000000,2019-12-13 00:00:00.0000000,,0,0,1
40,434005,0.785950704,3829.322527,0,785950704,0,3829,322527,25,2019-07-24 00:00:00.0000000,2018-10-04 00:00:00.0000000,16,2020-09-16 00:00:00.0000000,2019-11-06 00:00:00.0000000,,0,0,1
40,431739,0.999812826,1194188.885,0,999812826,0,1194188,885,236,2019-09-30 00:00:00.0000000,2018-10-01 00:00:00.0000000,128,2020-09-22 00:00:00.0000000,2019-10-01 00:00:00.0000000,,0,0,1
40,725956,0.991666378,4466.359199,0,991666378,0,4466,359199,6,2019-09-25 00:00:00.0000000,2018-10-16 00:00:00.0000000,9,2020-08-27 00:00:00.0000000,2019-10-03 00:00:00.0000000,,0,0,1
40,712782,0.640836608,138.3954421,0,640836608,0,138,3954421,2,2019-07-16 00:00:00.0000000,2019-07-10 00:00:00.0000000,NULL,NULL,NULL,,1,1,1
40,558041,0.813394877,2540.993401,0,813394877,0,2540,993401,10,2019-06-24 00:00:00.0000000,2018-12-19 00:00:00.0000000,1,2020-01-27 00:00:00.0000000,2020-01-27 00:00:00.0000000,,0,0,1
40,745073,0.992900716,148958.3648,0,992900716,0,148958,3648,7,2019-09-27 00:00:00.0000000,2019-01-30 00:00:00.0000000,11,2020-08-06 00:00:00.0000000,2019-11-04 00:00:00.0000000,,0,0,1
40,709188,0.030811326,455.4514906,0,30811326,1,455,4514906,3,2018-10-31 00:00:00.0000000,2018-10-19 00:00:00.0000000,NULL,NULL,NULL,,1,1,1
40,497604,0.995926349,6593.680436,0,995926349,0,6593,680436,17,2019-09-23 00:00:00.0000000,2019-01-10 00:00:00.0000000,18,2020-09-21 00:00:00.0000000,2019-10-30 00:00:00.0000000,,0,0,1
40,645363,0.992059789,235.9669618,0,992059789,0,235,9669618,7,2019-09-20 00:00:00.0000000,2018-10-25 00:00:00.0000000,9,2020-09-17 00:00:00.0000000,2019-12-16 00:00:00.0000000,,0,0,1
40,622816,0.997669777,10322.1557,0,997669777,0,10322,1557,25,2019-09-26 00:00:00.0000000,2018-10-02 00:00:00.0000000,30,2020-09-23 00:00:00.0000000,2019-10-03 00:00:00.0000000,,0,0,1
40,693223,0.973404427,1567.305394,0,973404427,0,1567,305394,4,2019-07-25 00:00:00.0000000,2018-11-16 00:00:00.0000000,NULL,NULL,NULL,,1,1,1
40,433398,0.892876911,2895.133052,0,892876911,0,2895,133052,6,2019-05-09 00:00:00.0000000,2018-10-01 00:00:00.0000000,6,2020-09-16 00:00:00.0000000,2020-01-07 00:00:00.0000000,,0,0,1
40,659685,0.995877897,35104.69441,0,995877897,0,35104,69441,19,2019-09-19 00:00:00.0000000,2018-10-02 00:00:00.0000000,12,2020-08-04 00:00:00.0000000,2019-12-05 00:00:00.0000000,,0,0,1
40,424482,0.995259264,9049.304881,0,995259264,0,9049,304881,12,2019-09-23 00:00:00.0000000,2018-10-19 00:00:00.0000000,19,2020-09-18 00:00:00.0000000,2019-10-09 00:00:00.0000000,,0,0,1
40,742817,0.98098967,2256.673165,0,98098967,0,2256,673165,4,2019-09-09 00:00:00.0000000,2019-04-23 00:00:00.0000000,NULL,NULL,NULL,,1,1,1
40,669439,0.996489489,9928.778991,0,996489489,0,9928,778991,17,2019-09-25 00:00:00.0000000,2018-12-19 00:00:00.0000000,7,2020-06-12 00:00:00.0000000,2019-10-08 00:00:00.0000000,,0,0,1
40,429103,0.449592604,165.634379,0,449592604,1,165,634379,2,2018-12-10 00:00:00.0000000,2018-11-19 00:00:00.0000000,NULL,NULL,NULL,,1,1,1
40,648455,0.996905393,17227.47377,0,996905393,0,17227,47377,23,2019-09-23 00:00:00.0000000,2018-10-30 00:00:00.0000000,26,2020-09-23 00:00:00.0000000,2019-10-30 00:00:00.0000000,,0,0,1
40,737755,0.993814127,18630.20387,0,993814127,0,18630,20387,25,2019-09-12 00:00:00.0000000,2018-10-08 00:00:00.0000000,25,2020-09-25 00:00:00.0000000,2019-10-08 00:00:00.0000000,,0,0,1
40,428911,0.998540942,37651.68888,0,998540942,0,37651,68888,44,2019-09-27 00:00:00.0000000,2018-10-16 00:00:00.0000000,6,2020-07-23 00:00:00.0000000,2019-10-17 00:00:00.0000000,,0,0,1
40,421918,0.969869417,22342.66252,0,969869417,0,22342,66252,5,2019-08-02 00:00:00.0000000,2019-01-23 00:00:00.0000000,11,2020-09-29 00:00:00.0000000,2019-10-02 00:00:00.0000000,,0,0,1
40,433009,0.994288329,6235.221423,0,994288329,0,6235,221423,8,2019-09-30 00:00:00.0000000,2018-10-17 00:00:00.0000000,11,2020-06-22 00:00:00.0000000,2019-10-03 00:00:00.0000000,,0,0,1
40,716085,0.973843309,1180.289371,0,973843309,0,1180,289371,2,2019-09-27 00:00:00.0000000,2019-03-14 00:00:00.0000000,NULL,NULL,NULL,,1,1,1
40,434208,0.651552468,3205.923006,0,651552468,0,3205,923006,10,2019-05-08 00:00:00.0000000,2018-10-02 00:00:00.0000000,11,2020-08-25 00:00:00.0000000,2019-10-09 00:00:00.0000000,,0,0,1
40,612801,0.175992419,329.8699048,0,175992419,1,329,8699048,2,2019-01-21 00:00:00.0000000,2019-01-18 00:00:00.0000000,1,2019-10-21 00:00:00.0000000,2019-10-21 00:00:00.0000000,,0,0,1
40,660288,0.994556541,37817.63109,0,994556541,0,37817,63109,12,2019-09-19 00:00:00.0000000,2018-10-23 00:00:00.0000000,15,2020-09-23 00:00:00.0000000,2019-10-01 00:00:00.0000000,,0,0,1
40,557501,0.997334514,23036.09176,0,997334514,0,23036,9176,32,2019-09-23 00:00:00.0000000,2018-10-29 00:00:00.0000000,37,2020-09-25 00:00:00.0000000,2019-10-01 00:00:00.0000000,,0,0,1
40,495544,0.954805195,2407.118528,0,954805195,0,2407,118528,3,2019-06-10 00:00:00.0000000,2018-11-09 00:00:00.0000000,1,2020-01-31 00:00:00.0000000,2020-01-31 00:00:00.0000000,,0,0,1
40,426344,0.999830774,3381184.742,0,999830774,0,3381184,742,261,2019-09-30 00:00:00.0000000,2018-10-01 00:00:00.0000000,254,2020-09-30 00:00:00.0000000,2019-10-01 00:00:00.0000000,,0,0,1
40,497968,0.992762321,10607.96731,0,992762321,0,10607,96731,7,2019-09-25 00:00:00.0000000,2018-11-06 00:00:00.0000000,6,2020-07-08 00:00:00.0000000,2019-10-21 00:00:00.0000000,,0,0,1
40,621853,0.994197278,25602.97088,0,994197278,0,25602,97088,25,2019-09-13 00:00:00.0000000,2018-10-10 00:00:00.0000000,7,2020-09-07 00:00:00.0000000,2019-10-01 00:00:00.0000000,,0,0,1
40,730812,0.940662518,2869.932373,0,940662518,0,2869,932373,4,2019-05-28 00:00:00.0000000,2018-11-05 00:00:00.0000000,5,2020-07-01 00:00:00.0000000,2020-02-21 00:00:00.0000000,,0,0,1
40,674839,0.993467275,18494.33455,0,993467275,0,18494,33455,11,2019-09-19 00:00:00.0000000,2019-01-24 00:00:00.0000000,17,2020-09-25 00:00:00.0000000,2019-10-02 00:00:00.0000000,,0,0,1
40,725884,0.627231323,0,0,627231323,0,0,1,2018-11-07 00:00:00.0000000,2018-11-07 00:00:00.0000000,NULL,NULL,NULL,NULL,1,,1,1
40,724751,0.869272317,398.2216464,0,869272317,0,398,2216464,7,2019-05-13 00:00:00.0000000,2018-10-02 00:00:00.0000000,NULL,NULL,NULL,,1,1,1
40,714915,0.988813526,2065.244768,0,988813526,0,2065,244768,7,2019-09-05 00:00:00.0000000,2018-11-23 00:00:00.0000000,NULL,NULL,NULL,,1,1,1
40,681207,0.991848762,43217.54575,0,991848762,0,43217,54575,9,2019-09-10 00:00:00.0000000,2018-10-05 00:00:00.0000000,NULL,NULL,NULL,,1,1,1
40,428393,0.993421223,5399.617487,0,993421223,0,5399,617487,9,2019-09-19 00:00:00.0000000,2018-10-10 00:00:00.0000000,5,2020-06-10 00:00:00.0000000,2020-01-22 00:00:00.0000000,,0,0,1
40,579620,0.996395828,25681.11103,0,996395828,0,25681,11103,34,2019-09-20 00:00:00.0000000,2018-11-05 00:00:00.0000000,44,2020-09-17 00:00:00.0000000,2019-10-02 00:00:00.0000000,,0,0,1
40,695957,0.997377381,8898.521373,0,997377381,0,8898,521373,20,2019-09-27 00:00:00.0000000,2018-10-02 00:00:00.0000000,52,2020-09-30 00:00:00.0000000,2019-10-18 00:00:00.0000000,,0,0,1
40,600964,0.993383355,79833.20482,0,993383355,0,79833,20482,14,2019-09-13 00:00:00.0000000,2018-11-14 00:00:00.0000000,17,2020-09-15 00:00:00.0000000,2019-10-04 00:00:00.0000000,,0,0,1
40,599476,0.998991815,105515.5175,0,998991815,0,105515,5175,61,2019-09-28 00:00:00.0000000,2018-10-01 00:00:00.0000000,57,2020-09-21 00:00:00.0000000,2019-10-08 00:00:00.0000000,,0,0,1
40,432578,0.619922769,0,0,619922769,0,0,1,2018-10-19 00:00:00.0000000,2018-10-19 00:00:00.0000000,NULL,NULL,NULL,NULL,1,,1,1
40,604908,0.947262058,520.526449,0,947262058,0,520,526449,2,2019-05-13 00:00:00.0000000,2018-10-05 00:00:00.0000000,1,2020-01-14 00:00:00.0000000,2020-01-14 00:00:00.0000000,,0,0,1
40,424020,9.32E-06,0.07474858,9,3.20E-05,1,0,7474858,42,2019-05-21 00:00:00.0000000,2018-10-03 00:00:00.0000000,9,2020-03-24 00:00:00.0000000,2019-10-17 00:00:00.0000000,,0,0,1
40,464481,0.963772084,2875.496277,0,963772084,0,2875,496277,4,2019-07-12 00:00:00.0000000,2018-12-19 00:00:00.0000000,2,2020-01-27 00:00:00.0000000,2019-10-28 00:00:00.0000000,,0,0,1
40,682617,0.982327101,6107.514144,0,982327101,0,6107,514144,3,2019-09-25 00:00:00.0000000,2019-05-13 00:00:00.0000000,1,2020-02-20 00:00:00.0000000,2020-02-20 00:00:00.0000000,,0,0,1
40,434587,0.091971727,71.47404792,0,91971727,1,71,47404792,2,2018-11-09 00:00:00.0000000,2018-11-08 00:00:00.0000000,3,2020-09-03 00:00:00.0000000,2020-01-20 00:00:00.0000000,,0,0,1
40,638110,0.998049167,45080.10186,0,998049167,0,45080,10186,61,2019-09-24 00:00:00.0000000,2018-10-01 00:00:00.0000000,81,2020-09-30 00:00:00.0000000,2019-10-03 00:00:00.0000000,,0,0,1
40,601092,0.988661274,37357.34688,0,988661274,0,37357,34688,25,2019-09-03 00:00:00.0000000,2018-10-01 00:00:00.0000000,17,2020-07-14 00:00:00.0000000,2019-10-31 00:00:00.0000000,,0,0,1
40,674993,0.997628451,14379.51834,0,997628451,0,14379,51834,27,2019-09-25 00:00:00.0000000,2018-10-03 00:00:00.0000000,46,2020-09-29 00:00:00.0000000,2019-10-03 00:00:00.0000000,,0,0,1
40,426884,0.998050152,34573.49201,0,998050152,0,34573,49201,33,2019-09-26 00:00:00.0000000,2018-10-17 00:00:00.0000000,20,2020-09-22 00:00:00.0000000,2019-10-08 00:00:00.0000000,,0,0,1
40,749797,0.962474963,4264.201207,0,962474963,0,4264,201207,2,2019-09-12 00:00:00.0000000,2019-07-18 00:00:00.0000000,26,2020-09-21 00:00:00.0000000,2019-10-15 00:00:00.0000000,,0,0,1
40,716025,0.970060654,3004.174597,0,970060654,0,3004,174597,3,2019-07-19 00:00:00.0000000,2018-11-05 00:00:00.0000000,NULL,NULL,NULL,,1,1,1
40,737821,0.992923108,19580.75004,0,992923108,0,19580,75004,13,2019-09-10 00:00:00.0000000,2018-10-11 00:00:00.0000000,3,2020-01-17 00:00:00.0000000,2019-10-03 00:00:00.0000000,,0,0,1
40,705371,0.187858255,385.9866036,0,187858255,1,385,9866036,2,2018-10-25 00:00:00.0000000,2018-10-18 00:00:00.0000000,NULL,NULL,NULL,,1,1,1
40,745203,0.770689147,1816.566026,0,770689147,0,1816,566026,2,2019-03-07 00:00:00.0000000,2019-01-17 00:00:00.0000000,NULL,NULL,NULL,,1,1,1
40,434132,0.951650669,7900.497313,0,951650669,0,7900,497313,14,2019-07-29 00:00:00.0000000,2018-10-29 00:00:00.0000000,26,2020-09-30 00:00:00.0000000,2019-10-02 00:00:00.0000000,,0,0,1
40,734524,0.740326584,0,0,740326584,0,0,1,2019-05-29 00:00:00.0000000,2019-05-29 00:00:00.0000000,NULL,NULL,NULL,NULL,1,,1,1
40,539342,0.975933113,3107.833492,0,975933113,0,3107,833492,4,2019-08-05 00:00:00.0000000,2018-12-05 00:00:00.0000000,1,2020-09-23 00:00:00.0000000,2020-09-23 00:00:00.0000000,,0,0,1
40,741807,0.403587017,1070.006766,0,403587017,1,1070,6766,6,2019-02-20 00:00:00.0000000,2018-10-08 00:00:00.0000000,NULL,NULL,NULL,,1,1,1
40,750726,0.681348117,6152.846799,0,681348117,0,6152,846799,2,2019-07-31 00:00:00.0000000,2019-07-26 00:00:00.0000000,NULL,NULL,NULL,,1,1,1
40,726301,0.606493843,1353.241824,0,606493843,0,1353,241824,6,2019-04-11 00:00:00.0000000,2018-11-27 00:00:00.0000000,NULL,NULL,NULL,,1,1,1
40,432385,0.993078587,2942.851277,0,993078587,0,2942,851277,9,2019-09-18 00:00:00.0000000,2018-11-09 00:00:00.0000000,7,2020-06-30 00:00:00.0000000,2019-10-03 00:00:00.0000000,,0,0,1
40,428601,0.228743712,1863.296624,0,228743712,1,1863,296624,4,2019-01-08 00:00:00.0000000,2018-11-07 00:00:00.0000000,1,2020-08-21 00:00:00.0000000,2020-08-21 00:00:00.0000000,,0,0,1
40,719080,0.987633721,919.0637244,0,987633721,0,919,637244,5,2019-09-10 00:00:00.0000000,2018-11-09 00:00:00.0000000,9,2020-05-20 00:00:00.0000000,2019-10-23 00:00:00.0000000,,0,0,1
40,533247,0.632033533,0,0,632033533,0,0,1,2018-11-19 00:00:00.0000000,2018-11-19 00:00:00.0000000,NULL,NULL,NULL,NULL,1,,1,1
40,748412,0.990354239,4618.050961,0,990354239,0,4618,50961,6,2019-09-24 00:00:00.0000000,2019-05-09 00:00:00.0000000,7,2020-08-27 00:00:00.0000000,2020-01-03 00:00:00.0000000,,0,0,1
40,435905,0.686501874,3261.985621,0,686501874,0,3261,985621,2,2019-08-22 00:00:00.0000000,2019-08-21 00:00:00.0000000,NULL,NULL,NULL,,1,1,1
40,658008,0.632033533,0,0,632033533,0,0,1,2018-11-19 00:00:00.0000000,2018-11-19 00:00:00.0000000,NULL,NULL,NULL,NULL,1,,1,1
40,682931,0.997270199,62273.52187,0,997270199,0,62273,52187,30,2019-09-23 00:00:00.0000000,2018-10-29 00:00:00.0000000,39,2020-09-29 00:00:00.0000000,2019-10-11 00:00:00.0000000,,0,0,1
40,713287,0.999178749,13015.12898,0,999178749,0,13015,12898,54,2019-09-30 00:00:00.0000000,2018-10-02 00:00:00.0000000,60,2020-09-25 00:00:00.0000000,2019-10-09 00:00:00.0000000,,0,0,1
40,608913,0.996224974,5306.041592,0,996224974,0,5306,41592,16,2019-09-23 00:00:00.0000000,2018-10-02 00:00:00.0000000,12,2020-09-23 00:00:00.0000000,2019-10-08 00:00:00.0000000,,0,0,1
40,430664,0.998369917,18015.0251,0,998369917,0,18015,251,37,2019-09-27 00:00:00.0000000,2018-10-11 00:00:00.0000000,24,2020-09-29 00:00:00.0000000,2019-10-11 00:00:00.0000000,,0,0,1
40,655764,0.991188742,5521.599551,0,991188742,0,5521,599551,8,2019-09-10 00:00:00.0000000,2018-10-15 00:00:00.0000000,7,2020-08-10 00:00:00.0000000,2019-11-19 00:00:00.0000000,,0,0,1
40,552713,0.994407943,51246.60478,0,994407943,0,51246,60478,17,2019-09-16 00:00:00.0000000,2018-11-26 00:00:00.0000000,21,2020-09-18 00:00:00.0000000,2019-10-15 00:00:00.0000000,,0,0,1
40,745425,0.995863595,17060.33124,0,995863595,0,17060,33124,25,2019-09-23 00:00:00.0000000,2019-03-13 00:00:00.0000000,39,2020-09-29 00:00:00.0000000,2019-10-07 00:00:00.0000000,,0,0,1
40,604594,0.999557567,184272.1175,0,999557567,0,184272,1175,100,2019-09-30 00:00:00.0000000,2018-10-01 00:00:00.0000000,85,2020-09-28 00:00:00.0000000,2019-10-01 00:00:00.0000000,,0,0,1
40,424558,0.991862156,2917.781373,0,991862156,0,2917,781373,7,2019-09-20 00:00:00.0000000,2018-12-03 00:00:00.0000000,2,2020-07-22 00:00:00.0000000,2020-07-16 00:00:00.0000000,,0,0,1
40,685797,0.997899673,4560.614815,0,997899673,0,4560,614815,29,2019-09-26 00:00:00.0000000,2018-10-05 00:00:00.0000000,26,2020-09-28 00:00:00.0000000,2019-10-08 00:00:00.0000000,,0,0,1
40,431746,0.999810413,2671126.487,0,999810413,0,2671126,487,233,2019-09-30 00:00:00.0000000,2018-10-02 00:00:00.0000000,202,2020-09-30 00:00:00.0000000,2019-10-01 00:00:00.0000000,,0,0,1
40,728548,0.703211726,29000.25206,0,703211726,0,29000,25206,21,2019-07-08 00:00:00.0000000,2018-10-01 00:00:00.0000000,NULL,NULL,NULL,,1,1,1
40,703991,2.22E-05,3.832049599,2,2.20E-04,1,3,832049599,31,2019-04-24 00:00:00.0000000,2018-10-03 00:00:00.0000000,1,2019-12-27 00:00:00.0000000,2019-12-27 00:00:00.0000000,,0,0,1
40,733485,0.648314359,0,0,648314359,0,0,1,2018-12-27 00:00:00.0000000,2018-12-27 00:00:00.0000000,3,2020-06-04 00:00:00.0000000,2020-01-15 00:00:00.0000000,NULL,0,,0,1
40,739894,0.51503065,803.2410134,0,51503065,0,803,2410134,4,2019-01-17 00:00:00.0000000,2018-10-09 00:00:00.0000000,2,2020-06-11 00:00:00.0000000,2019-10-03 00:00:00.0000000,,0,0,1
40,635003,0.999608591,76969.43879,0,999608591,0,76969,43879,113,2019-09-30 00:00:00.0000000,2018-10-02 00:00:00.0000000,117,2020-09-30 00:00:00.0000000,2019-10-02 00:00:00.0000000,,0,0,1
40,511142,0.804302882,2215.00254,0,804302882,0,2215,254,3,2019-02-01 00:00:00.0000000,2018-10-01 00:00:00.0000000,NULL,NULL,NULL,,1,1,1
40,609007,0.777888699,0,0,777888699,0,0,1,2019-07-08 00:00:00.0000000,2019-07-08 00:00:00.0000000,2,2020-09-01 00:00:00.0000000,2020-08-25 00:00:00.0000000,NULL,0,,0,1
40,734201,0.882019195,0,0,882019195,0,0,1,2019-09-13 00:00:00.0000000,2019-09-13 00:00:00.0000000,2,2019-12-02 00:00:00.0000000,2019-11-06 00:00:00.0000000,NULL,0,,0,1
40,654416,0.999497046,551320.5104,0,999497046,0,551320,5104,88,2019-09-30 00:00:00.0000000,2018-10-04 00:00:00.0000000,67,2020-09-29 00:00:00.0000000,2019-10-01 00:00:00.0000000,,0,0,1
40,521349,0.800563259,28.49863057,0,800563259,0,28,49863057,2,2019-04-30 00:00:00.0000000,2019-03-20 00:00:00.0000000,NULL,NULL,NULL,,1,1,1
40,425058,0.998518017,29891.26355,0,998518017,0,29891,26355,53,2019-09-26 00:00:00.0000000,2018-10-02 00:00:00.0000000,39,2020-09-28 00:00:00.0000000,2019-10-16 00:00:00.0000000,,0,0,1
40,434185,0.720219965,0,0,720219965,0,0,1,2019-05-03 00:00:00.0000000,2019-05-03 00:00:00.0000000,NULL,NULL,NULL,NULL,1,,1,1
40,739678,0.958639308,1403.679514,0,958639308,0,1403,679514,7,2019-07-19 00:00:00.0000000,2018-12-17 00:00:00.0000000,NULL,NULL,NULL,,1,1,1
40,669160,0.945487701,6495.96711,0,945487701,0,6495,96711,2,2019-08-07 00:00:00.0000000,2019-05-23 00:00:00.0000000,NULL,NULL,NULL,,1,1,1
40,425733,0.998331652,29923.98987,0,998331652,0,29923,98987,43,2019-09-26 00:00:00.0000000,2018-10-15 00:00:00.0000000,78,2020-09-30 00:00:00.0000000,2019-10-02 00:00:00.0000000,,0,0,1
40,734099,0.465460064,874.6478171,0,465460064,1,874,6478171,8,2019-04-11 00:00:00.0000000,2018-10-30 00:00:00.0000000,1,2019-11-07 00:00:00.0000000,2019-11-07 00:00:00.0000000,,0,0,1
40,535044,0.99752121,21448.29524,0,99752121,0,21448,29524,34,2019-09-23 00:00:00.0000000,2018-10-01 00:00:00.0000000,54,2020-09-29 00:00:00.0000000,2019-10-01 00:00:00.0000000,,0,0,1
40,725929,0.930658737,522.4198104,0,930658737,0,522,4198104,2,2019-06-18 00:00:00.0000000,2019-03-07 00:00:00.0000000,NULL,NULL,NULL,,1,1,1
40,742470,0.615845721,0,0,615845721,0,0,1,2018-10-08 00:00:00.0000000,2018-10-08 00:00:00.0000000,NULL,NULL,NULL,NULL,1,,1,1
40,655311,0.982685886,11451.70513,0,982685886,0,11451,70513,3,2019-09-26 00:00:00.0000000,2019-05-07 00:00:00.0000000,5,2020-09-30 00:00:00.0000000,2020-01-24 00:00:00.0000000,,0,0,1
40,749036,0.724625806,0,0,724625806,0,0,1,2019-05-09 00:00:00.0000000,2019-05-09 00:00:00.0000000,2,2019-11-18 00:00:00.0000000,2019-10-31 00:00:00.0000000,NULL,0,,0,1
40,674967,0.097308484,1250.916958,0,97308484,1,1250,916958,2,2018-11-22 00:00:00.0000000,2018-11-21 00:00:00.0000000,NULL,NULL,NULL,,1,1,1
40,422326,0.997328564,19142.05857,0,997328564,0,19142,5857,21,2019-09-26 00:00:00.0000000,2018-10-08 00:00:00.0000000,29,2020-09-22 00:00:00.0000000,2019-10-17 00:00:00.0000000,,0,0,1
40,434609,0.987333652,3490.844758,0,987333652,0,3490,844758,5,2019-09-09 00:00:00.0000000,2018-11-19 00:00:00.0000000,1,2019-12-19 00:00:00.0000000,2019-12-19 00:00:00.0000000,,0,0,1
40,705955,0.906129027,2235.804889,0,906129027,0,2235,804889,4,2019-05-02 00:00:00.0000000,2018-11-08 00:00:00.0000000,3,2020-09-03 00:00:00.0000000,2020-04-02 00:00:00.0000000,,0,0,1
40,744456,0.644740527,0,0,644740527,0,0,1,2018-12-19 00:00:00.0000000,2018-12-19 00:00:00.0000000,NULL,NULL,NULL,NULL,1,,1,1
40,739470,0.6743544,0,0,6743544,0,0,1,2019-02-18 00:00:00.0000000,2019-02-18 00:00:00.0000000,NULL,NULL,NULL,X,1,,1,1
40,672531,0.975979655,951.2736754,0,975979655,0,951,2736754,3,2019-08-23 00:00:00.0000000,2019-01-18 00:00:00.0000000,2,2020-07-20 00:00:00.0000000,2020-02-12 00:00:00.0000000,,0,0,1
40,424383,0.999654558,102895.9301,0,999654558,0,102895,9301,128,2019-09-30 00:00:00.0000000,2018-10-02 00:00:00.0000000,123,2020-09-29 00:00:00.0000000,2019-10-01 00:00:00.0000000,,0,0,1
40,435167,0.998380175,205590.0974,0,998380175,0,205590,974,168,2019-09-26 00:00:00.0000000,2018-10-01 00:00:00.0000000,180,2020-09-30 00:00:00.0000000,2019-10-01 00:00:00.0000000,,0,0,1
40,710676,0.635320595,0,0,635320595,0,0,1,2018-11-27 00:00:00.0000000,2018-11-27 00:00:00.0000000,NULL,NULL,NULL,NULL,1,,1,1
40,673730,0.962708011,19218.23594,0,962708011,0,19218,23594,7,2019-07-08 00:00:00.0000000,2018-10-16 00:00:00.0000000,2,2020-01-23 00:00:00.0000000,2019-12-23 00:00:00.0000000,,0,0,1
40,627335,0.972736625,1284.370872,0,972736625,0,1284,370872,2,2019-09-18 00:00:00.0000000,2018-12-18 00:00:00.0000000,1,2019-11-20 00:00:00.0000000,2019-11-20 00:00:00.0000000,,0,0,1
40,734812,0.831178378,182615.9693,0,831178378,0,182615,9693,20,2019-07-31 00:00:00.0000000,2018-12-14 00:00:00.0000000,2,2019-12-27 00:00:00.0000000,2019-10-24 00:00:00.0000000,,0,0,1
40,678798,0.326464577,502.8073119,0,326464577,1,502,8073119,2,2019-02-20 00:00:00.0000000,2019-02-12 00:00:00.0000000,NULL,NULL,NULL,,1,1,1
40,660286,0.991076209,1454.904114,0,991076209,0,1454,904114,7,2019-09-13 00:00:00.0000000,2018-10-03 00:00:00.0000000,4,2020-05-28 00:00:00.0000000,2019-11-19 00:00:00.0000000,,0,0,1
40,423908,0.998830437,13661.97969,0,998830437,0,13661,97969,38,2019-09-30 00:00:00.0000000,2018-10-02 00:00:00.0000000,29,2020-09-23 00:00:00.0000000,2019-10-11 00:00:00.0000000,,0,0,1
40,553484,0.998136063,17511.45887,0,998136063,0,17511,45887,31,2019-09-27 00:00:00.0000000,2018-10-19 00:00:00.0000000,44,2020-09-30 00:00:00.0000000,2019-10-07 00:00:00.0000000,,0,0,1
40,553063,0.997783487,75868.87702,0,997783487,0,75868,87702,30,2019-09-25 00:00:00.0000000,2018-10-01 00:00:00.0000000,28,2020-09-29 00:00:00.0000000,2019-10-22 00:00:00.0000000,,0,0,1
40,427115,0.427434191,2383.215637,0,427434191,1,2383,215637,10,2019-04-17 00:00:00.0000000,2018-10-01 00:00:00.0000000,12,2020-08-31 00:00:00.0000000,2019-10-04 00:00:00.0000000,,0,0,1
40,652517,0.997812461,20108.9287,0,997812461,0,20108,9287,37,2019-09-24 00:00:00.0000000,2018-10-03 00:00:00.0000000,25,2020-08-12 00:00:00.0000000,2019-10-10 00:00:00.0000000,,0,0,1
40,426378,0.996639398,12908.88618,0,996639398,0,12908,88618,19,2019-09-23 00:00:00.0000000,2018-10-03 00:00:00.0000000,33,2020-09-28 00:00:00.0000000,2019-10-18 00:00:00.0000000,,0,0,1
40,586589,0.998889816,79314.5957,0,998889816,0,79314,5957,71,2019-09-27 00:00:00.0000000,2018-10-03 00:00:00.0000000,57,2020-09-28 00:00:00.0000000,2019-10-07 00:00:00.0000000,,0,0,1
40,707149,0.996938893,7967.539518,0,996938893,0,7967,539518,22,2019-09-23 00:00:00.0000000,2018-10-01 00:00:00.0000000,38,2020-09-21 00:00:00.0000000,2019-10-07 00:00:00.0000000,,0,0,1
40,725625,0.981877029,2116.580079,0,981877029,0,2116,580079,3,2019-09-19 00:00:00.0000000,2019-01-28 00:00:00.0000000,NULL,NULL,NULL,,1,1,1
40,654668,0.994729917,53440.07626,0,994729917,0,53440,7626,15,2019-09-17 00:00:00.0000000,2018-10-31 00:00:00.0000000,19,2020-09-29 00:00:00.0000000,2019-10-21 00:00:00.0000000,,0,0,1
40,423315,0.997953358,26282.86768,0,997953358,0,26282,86768,30,2019-09-26 00:00:00.0000000,2018-10-02 00:00:00.0000000,14,2020-09-15 00:00:00.0000000,2020-02-13 00:00:00.0000000,,0,0,1
40,435033,0.995955267,14945.95034,0,995955267,0,14945,95034,38,2019-09-18 00:00:00.0000000,2018-10-03 00:00:00.0000000,46,2020-09-29 00:00:00.0000000,2019-10-07 00:00:00.0000000,,0,0,1
40,634044,0.999357997,190863.6522,0,999357997,0,190863,6522,69,2019-09-30 00:00:00.0000000,2018-10-30 00:00:00.0000000,81,2020-09-21 00:00:00.0000000,2019-10-02 00:00:00.0000000,,0,0,1
40,424459,0.641680169,0,0,641680169,0,0,1,2018-12-12 00:00:00.0000000,2018-12-12 00:00:00.0000000,NULL,NULL,NULL,NULL,1,,1,1
40,602785,0.99522351,2655.357018,0,99522351,0,2655,357018,12,2019-09-23 00:00:00.0000000,2018-10-30 00:00:00.0000000,12,2020-09-21 00:00:00.0000000,2019-10-30 00:00:00.0000000,,0,0,1
40,624192,0.997069286,10061.66936,0,997069286,0,10061,66936,19,2019-09-26 00:00:00.0000000,2018-10-30 00:00:00.0000000,19,2020-09-25 00:00:00.0000000,2019-10-10 00:00:00.0000000,,0,0,1
40,713614,0.993866072,25667.69889,0,993866072,0,25667,69889,10,2019-09-19 00:00:00.0000000,2018-10-19 00:00:00.0000000,6,2020-09-23 00:00:00.0000000,2019-11-14 00:00:00.0000000,,0,0,1
40,662031,0.991658872,34644.18673,0,991658872,0,34644,18673,37,2019-09-12 00:00:00.0000000,2018-10-24 00:00:00.0000000,27,2020-08-21 00:00:00.0000000,2019-10-15 00:00:00.0000000,,0,0,1
40,588167,0.997178133,50023.108,0,997178133,0,50023,108,21,2019-09-25 00:00:00.0000000,2018-10-05 00:00:00.0000000,35,2020-09-25 00:00:00.0000000,2019-10-14 00:00:00.0000000,,0,0,1
40,422924,0.999409546,85591.78658,0,999409546,0,85591,78658,75,2019-09-30 00:00:00.0000000,2018-10-01 00:00:00.0000000,87,2020-09-29 00:00:00.0000000,2019-10-01 00:00:00.0000000,,0,0,1
40,718049,0.995518767,11282.10034,0,995518767,0,11282,10034,11,2019-09-27 00:00:00.0000000,2018-10-01 00:00:00.0000000,6,2020-09-29 00:00:00.0000000,2019-10-15 00:00:00.0000000,,0,0,1
40,711042,0.75256479,623.4490582,0,75256479,0,623,4490582,2,2018-12-19 00:00:00.0000000,2018-10-16 00:00:00.0000000,NULL,NULL,NULL,,1,1,1
40,422369,0.62411143,0,0,62411143,0,0,1,2018-10-30 00:00:00.0000000,2018-10-30 00:00:00.0000000,1,2019-11-14 00:00:00.0000000,2019-11-14 00:00:00.0000000,NULL,0,,0,1
40,423369,0.99840859,11372.30178,0,99840859,0,11372,30178,28,2019-09-30 00:00:00.0000000,2018-11-05 00:00:00.0000000,36,2020-09-24 00:00:00.0000000,2019-10-03 00:00:00.0000000,,0,0,1
40,742879,0.915721527,5911.470673,0,915721527,0,5911,470673,4,2019-07-26 00:00:00.0000000,2019-05-08 00:00:00.0000000,6,2020-02-19 00:00:00.0000000,2019-12-31 00:00:00.0000000,,0,0,1
40,423872,0.996511227,60080.90918,0,996511227,0,60080,90918,25,2019-09-20 00:00:00.0000000,2018-10-01 00:00:00.0000000,31,2020-09-30 00:00:00.0000000,2019-10-07 00:00:00.0000000,,0,0,1
40,661078,0.999812826,2431592.954,0,999812826,0,2431592,954,236,2019-09-30 00:00:00.0000000,2018-10-01 00:00:00.0000000,202,2020-09-30 00:00:00.0000000,2019-10-01 00:00:00.0000000,,0,0,1
40,583077,0.139174706,124.6004846,0,139174706,1,124,6004846,2,2019-01-02 00:00:00.0000000,2018-12-31 00:00:00.0000000,NULL,NULL,NULL,,1,1,1
40,425968,0.95764491,341172.1138,0,95764491,0,341172,1138,55,2019-09-04 00:00:00.0000000,2018-10-04 00:00:00.0000000,33,2020-09-03 00:00:00.0000000,2019-10-01 00:00:00.0000000,,0,0,1
40,677675,0.99700675,16159.60735,0,99700675,0,16159,60735,21,2019-09-25 00:00:00.0000000,2018-12-07 00:00:00.0000000,31,2020-09-03 00:00:00.0000000,2019-10-03 00:00:00.0000000,,0,0,1
40,623791,0.621053813,0,0,621053813,0,0,1,2018-10-22 00:00:00.0000000,2018-10-22 00:00:00.0000000,1,2019-10-04 00:00:00.0000000,2019-10-04 00:00:00.0000000,NULL,0,,0,1
40,432169,0.998500342,134320.1681,0,998500342,0,134320,1681,149,2019-09-26 00:00:00.0000000,2018-10-03 00:00:00.0000000,121,2020-09-30 00:00:00.0000000,2019-10-01 00:00:00.0000000,,0,0,1
40,653351,0.989702279,46581.32494,0,989702279,0,46581,32494,26,2019-09-05 00:00:00.0000000,2018-10-04 00:00:00.0000000,33,2020-09-25 00:00:00.0000000,2019-10-01 00:00:00.0000000,,0,0,1
40,689683,0.718064524,0,0,718064524,0,0,1,2019-04-30 00:00:00.0000000,2019-04-30 00:00:00.0000000,NULL,NULL,NULL,NULL,1,,1,1
40,652532,0.677264603,777.185467,0,677264603,0,777,185467,5,2019-03-13 00:00:00.0000000,2018-10-23 00:00:00.0000000,NULL,NULL,NULL,,1,1,1
40,692369,0.997571439,12348.94276,0,997571439,0,12348,94276,22,2019-09-27 00:00:00.0000000,2018-10-09 00:00:00.0000000,6,2020-05-27 00:00:00.0000000,2019-10-03 00:00:00.0000000,,0,0,1
40,425174,0.996091381,4353.167549,0,996091381,0,4353,167549,21,2019-09-20 00:00:00.0000000,2018-10-29 00:00:00.0000000,7,2020-07-14 00:00:00.0000000,2019-12-10 00:00:00.0000000,,0,0,1
40,662699,0.997003591,10875.41217,0,997003591,0,10875,41217,15,2019-09-30 00:00:00.0000000,2018-10-05 00:00:00.0000000,12,2020-08-31 00:00:00.0000000,2019-10-04 00:00:00.0000000,,0,0,1
40,677181,0.98331689,2391.79048,0,98331689,0,2391,79048,6,2019-08-19 00:00:00.0000000,2018-11-20 00:00:00.0000000,7,2020-09-30 00:00:00.0000000,2019-10-18 00:00:00.0000000,,0,0,1
40,694283,0.997627183,12059.75766,0,997627183,0,12059,75766,31,2019-09-24 00:00:00.0000000,2018-10-04 00:00:00.0000000,14,2020-09-03 00:00:00.0000000,2019-10-11 00:00:00.0000000,,0,0,1
40,716238,0.857620471,0,0,857620471,0,0,1,2019-09-02 00:00:00.0000000,2019-09-02 00:00:00.0000000,1,2019-11-15 00:00:00.0000000,2019-11-15 00:00:00.0000000,NULL,0,,0,1
40,572219,0.623725872,0,0,623725872,0,0,1,2018-10-29 00:00:00.0000000,2018-10-29 00:00:00.0000000,NULL,NULL,NULL,NULL,1,,1,1
40,435598,0.988679791,1519.511799,0,988679791,0,1519,511799,5,2019-09-16 00:00:00.0000000,2018-11-05 00:00:00.0000000,7,2020-09-23 00:00:00.0000000,2020-01-13 00:00:00.0000000,,0,0,1
40,498176,0.99980877,1509291.052,0,99980877,0,1509291,52,231,2019-09-30 00:00:00.0000000,2018-10-02 00:00:00.0000000,202,2020-09-30 00:00:00.0000000,2019-10-01 00:00:00.0000000,,0,0,1
40,421960,0.998049167,242435.5562,0,998049167,0,242435,5562,61,2019-09-24 00:00:00.0000000,2018-10-01 00:00:00.0000000,56,2020-09-30 00:00:00.0000000,2019-10-11 00:00:00.0000000,,0,0,1
40,725706,0.774128339,6740.877705,0,774128339,0,6740,877705,2,2019-04-16 00:00:00.0000000,2019-03-08 00:00:00.0000000,3,2020-07-17 00:00:00.0000000,2020-06-24 00:00:00.0000000,,0,0,1
40,429220,0.940813474,2331.513874,0,940813474,0,2331,513874,4,2019-06-18 00:00:00.0000000,2018-12-31 00:00:00.0000000,NULL,NULL,NULL,,1,1,1
40,595004,0.998463992,9674.458259,0,998463992,0,9674,458259,29,2019-09-30 00:00:00.0000000,2018-10-04 00:00:00.0000000,51,2020-09-28 00:00:00.0000000,2019-10-02 00:00:00.0000000,,0,0,1
40,422901,0.999827465,6504096.336,0,999827465,0,6504096,336,256,2019-09-30 00:00:00.0000000,2018-10-01 00:00:00.0000000,254,2020-09-30 00:00:00.0000000,2019-10-01 00:00:00.0000000,,0,0,1
40,425946,0.991796193,4446.306466,0,991796193,0,4446,306466,9,2019-09-13 00:00:00.0000000,2018-12-03 00:00:00.0000000,21,2020-09-29 00:00:00.0000000,2019-11-18 00:00:00.0000000,,0,0,1
40,552406,0.996657605,82782.69432,0,996657605,0,82782,69432,36,2019-09-20 00:00:00.0000000,2018-10-10 00:00:00.0000000,47,2020-09-29 00:00:00.0000000,2019-10-10 00:00:00.0000000,,0,0,1
40,724703,0.933238336,470.4043035,0,933238336,0,470,4043035,6,2019-06-05 00:00:00.0000000,2018-10-16 00:00:00.0000000,NULL,NULL,NULL,,1,1,1
40,430115,0.985920506,97796.52282,0,985920506,0,97796,52282,30,2019-09-03 00:00:00.0000000,2018-10-05 00:00:00.0000000,30,2020-08-28 00:00:00.0000000,2019-10-21 00:00:00.0000000,,0,0,1
40,691847,0.302719463,148.1937128,0,302719463,1,148,1937128,2,2018-11-12 00:00:00.0000000,2018-10-30 00:00:00.0000000,6,2020-09-03 00:00:00.0000000,2019-11-05 00:00:00.0000000,,0,0,1
40,581504,0.771591677,0,0,771591677,0,0,1,2019-07-02 00:00:00.0000000,2019-07-02 00:00:00.0000000,1,2020-03-17 00:00:00.0000000,2020-03-17 00:00:00.0000000,NULL,0,,0,1
40,424430,0.998899801,20227.9119,0,998899801,0,20227,9119,72,2019-09-27 00:00:00.0000000,2018-10-01 00:00:00.0000000,80,2020-09-30 00:00:00.0000000,2019-10-03 00:00:00.0000000,,0,0,1
40,713987,0.636571618,0,0,636571618,0,0,1,2018-11-30 00:00:00.0000000,2018-11-30 00:00:00.0000000,5,2020-09-18 00:00:00.0000000,2020-01-27 00:00:00.0000000,NULL,0,,0,1
40,660790,0.99727087,21959.86725,0,99727087,0,21959,86725,28,2019-09-23 00:00:00.0000000,2018-10-11 00:00:00.0000000,35,2020-09-21 00:00:00.0000000,2019-10-02 00:00:00.0000000,,0,0,1
40,539570,0.976467397,2051.111804,0,976467397,0,2051,111804,3,2019-09-02 00:00:00.0000000,2019-03-18 00:00:00.0000000,1,2019-10-08 00:00:00.0000000,2019-10-08 00:00:00.0000000,,0,0,1
40,742783,0.530202463,106.2731501,0,530202463,0,106,2731501,2,2018-12-19 00:00:00.0000000,2018-11-22 00:00:00.0000000,NULL,NULL,NULL,,1,1,1
40,681324,0.728398846,0,0,728398846,0,0,1,2019-05-14 00:00:00.0000000,2019-05-14 00:00:00.0000000,NULL,NULL,NULL,NULL,1,,1,1
40,426990,0.982551729,3613.695773,0,982551729,0,3613,695773,4,2019-09-03 00:00:00.0000000,2019-01-21 00:00:00.0000000,3,2020-07-23 00:00:00.0000000,2020-06-26 00:00:00.0000000,,0,0,1
40,464534,0.986150957,3140.538909,0,986150957,0,3140,538909,5,2019-08-30 00:00:00.0000000,2018-10-01 00:00:00.0000000,2,2020-04-01 00:00:00.0000000,2019-12-19 00:00:00.0000000,,0,0,1
40,499697,0.998927024,50553.23866,0,998927024,0,50553,23866,77,2019-09-27 00:00:00.0000000,2018-10-02 00:00:00.0000000,108,2020-09-28 00:00:00.0000000,2019-10-01 00:00:00.0000000,,0,0,1
40,423678,0.997569697,91283.63212,0,997569697,0,91283,63212,24,2019-09-26 00:00:00.0000000,2018-10-18 00:00:00.0000000,4,2020-09-30 00:00:00.0000000,2019-10-08 00:00:00.0000000,,0,0,1
40,511234,0.99456332,2967.34734,0,99456332,0,2967,34734,9,2019-09-27 00:00:00.0000000,2018-10-17 00:00:00.0000000,7,2020-05-25 00:00:00.0000000,2019-10-08 00:00:00.0000000,,0,0,1
40,566143,0.65013292,0,0,65013292,0,0,1,2018-12-31 00:00:00.0000000,2018-12-31 00:00:00.0000000,NULL,NULL,NULL,NULL,1,,1,1
40,726197,0.636153477,0,0,636153477,0,0,1,2018-11-29 00:00:00.0000000,2018-11-29 00:00:00.0000000,NULL,NULL,NULL,NULL,1,,1,1
40,704262,0.955873374,5791.627057,0,955873374,0,5791,627057,15,2019-07-30 00:00:00.0000000,2018-10-09 00:00:00.0000000,25,2020-09-28 00:00:00.0000000,2019-12-23 00:00:00.0000000,,0,0,1
40,429236,0.982835211,56219.56832,0,982835211,0,56219,56832,37,2019-09-04 00:00:00.0000000,2018-10-03 00:00:00.0000000,55,2020-09-24 00:00:00.0000000,2019-10-09 00:00:00.0000000,,0,0,1
40,749597,0.781145598,0,0,781145598,0,0,1,2019-07-11 00:00:00.0000000,2019-07-11 00:00:00.0000000,11,2020-08-25 00:00:00.0000000,2020-02-06 00:00:00.0000000,NULL,0,,0,1
40,576248,0.752399543,0,0,752399543,0,0,1,2019-06-12 00:00:00.0000000,2019-06-12 00:00:00.0000000,NULL,NULL,NULL,NULL,1,,1,1
40,421738,0.989565872,39380.67879,0,989565872,0,39380,67879,55,2019-09-13 00:00:00.0000000,2018-10-02 00:00:00.0000000,42,2020-09-30 00:00:00.0000000,2019-10-07 00:00:00.0000000,,0,0,1
40,432267,0.998883059,23795.65485,0,998883059,0,23795,65485,70,2019-09-27 00:00:00.0000000,2018-10-03 00:00:00.0000000,79,2020-09-29 00:00:00.0000000,2019-10-02 00:00:00.0000000,,0,0,1
40,718041,0.289488369,1145.760417,0,289488369,1,1145,760417,3,2019-01-22 00:00:00.0000000,2018-12-18 00:00:00.0000000,NULL,NULL,NULL,,1,1,1
40,572881,0.996081402,18786.18425,0,996081402,0,18786,18425,31,2019-09-18 00:00:00.0000000,2018-10-01 00:00:00.0000000,40,2020-09-28 00:00:00.0000000,2019-10-01 00:00:00.0000000,,0,0,1
40,432734,0.97482238,5219.368566,0,97482238,0,5219,368566,8,2019-07-29 00:00:00.0000000,2018-10-22 00:00:00.0000000,9,2020-06-18 00:00:00.0000000,2019-11-19 00:00:00.0000000,,0,0,1
40,451543,0.968871387,27455.99263,0,968871387,0,27455,99263,3,2019-09-23 00:00:00.0000000,2019-09-06 00:00:00.0000000,4,2019-11-20 00:00:00.0000000,2019-11-04 00:00:00.0000000,,0,0,1
40,721728,0.995593871,11395.65937,0,995593871,0,11395,65937,12,2019-09-25 00:00:00.0000000,2018-10-04 00:00:00.0000000,15,2020-09-24 00:00:00.0000000,2019-10-03 00:00:00.0000000,,0,0,1
40,693819,0.994626269,12555.90928,0,994626269,0,12555,90928,14,2019-09-18 00:00:00.0000000,2018-11-19 00:00:00.0000000,27,2020-09-03 00:00:00.0000000,2019-10-08 00:00:00.0000000,,0,0,1
40,496020,0.999811224,2649973.586,0,999811224,0,2649973,586,234,2019-09-30 00:00:00.0000000,2018-10-01 00:00:00.0000000,239,2020-09-30 00:00:00.0000000,2019-10-01 00:00:00.0000000,,0,0,1
40,676037,0.949175758,848.14783,0,949175758,0,848,14783,6,2019-07-03 00:00:00.0000000,2018-12-07 00:00:00.0000000,2,2019-12-17 00:00:00.0000000,2019-12-16 00:00:00.0000000,,0,0,1
40,560363,0.998984322,306257.6472,0,998984322,0,306257,6472,93,2019-09-27 00:00:00.0000000,2018-10-04 00:00:00.0000000,43,2020-09-09 00:00:00.0000000,2019-10-01 00:00:00.0000000,,0,0,1
40,734521,0.974510811,1418.553507,0,974510811,0,1418,553507,5,2019-08-14 00:00:00.0000000,2019-02-14 00:00:00.0000000,NULL,NULL,NULL,,1,1,1
40,430903,0.988990318,11790.01777,0,988990318,0,11790,1777,22,2019-09-02 00:00:00.0000000,2018-10-02 00:00:00.0000000,34,2020-09-29 00:00:00.0000000,2019-10-07 00:00:00.0000000,,0,0,1
40,431820,0.998706893,31098.55432,0,998706893,0,31098,55432,53,2019-09-27 00:00:00.0000000,2018-10-08 00:00:00.0000000,42,2020-09-29 00:00:00.0000000,2019-10-28 00:00:00.0000000,,0,0,1
40,688158,0.975300494,3809.550541,0,975300494,0,3809,550541,4,2019-07-26 00:00:00.0000000,2018-10-23 00:00:00.0000000,7,2020-09-28 00:00:00.0000000,2019-11-07 00:00:00.0000000,,0,0,1
40,431051,0.998587001,6493310.958,0,998587001,0,6493310,958,131,2019-09-26 00:00:00.0000000,2018-10-05 00:00:00.0000000,82,2020-09-29 00:00:00.0000000,2019-10-25 00:00:00.0000000,,0,0,1
40,705300,0.978403983,693.5064564,0,978403983,0,693,5064564,3,2019-09-03 00:00:00.0000000,2019-01-30 00:00:00.0000000,NULL,NULL,NULL,,1,1,1
40,431247,0.994139426,5656.822635,0,994139426,0,5656,822635,9,2019-09-24 00:00:00.0000000,2018-10-22 00:00:00.0000000,13,2020-09-18 00:00:00.0000000,2019-10-10 00:00:00.0000000,,0,0,1
40,713823,0.998608266,48666.13389,0,998608266,0,48666,13389,65,2019-09-26 00:00:00.0000000,2018-10-08 00:00:00.0000000,87,2020-09-25 00:00:00.0000000,2019-10-01 00:00:00.0000000,,0,0,1
40,432136,0.896053636,7189.641071,0,896053636,0,7189,641071,22,2019-07-29 00:00:00.0000000,2018-10-03 00:00:00.0000000,15,2020-09-17 00:00:00.0000000,2019-10-22 00:00:00.0000000,,0,0,1
40,704362,0.794990845,0,0,794990845,0,0,1,2019-07-23 00:00:00.0000000,2019-07-23 00:00:00.0000000,19,2020-09-25 00:00:00.0000000,2019-12-23 00:00:00.0000000,NULL,0,,0,1
40,640933,0.621812512,0,0,621812512,0,0,1,2018-10-24 00:00:00.0000000,2018-10-24 00:00:00.0000000,NULL,NULL,NULL,NULL,1,,1,1
40,429483,0.997401196,5770.946478,0,997401196,0,5770,946478,31,2019-09-23 00:00:00.0000000,2018-10-08 00:00:00.0000000,20,2020-07-10 00:00:00.0000000,2019-10-16 00:00:00.0000000,,0,0,1
40,698827,0.997787827,10863.00315,0,997787827,0,10863,315,36,2019-09-24 00:00:00.0000000,2018-10-03 00:00:00.0000000,51,2020-09-29 00:00:00.0000000,2019-10-14 00:00:00.0000000,,0,0,1
40,587487,0.624616058,2138.231041,0,624616058,0,2138,231041,4,2019-06-11 00:00:00.0000000,2019-04-23 00:00:00.0000000,4,2020-01-31 00:00:00.0000000,2019-12-09 00:00:00.0000000,,0,0,1
40,626025,0.995349804,8340.679152,0,995349804,0,8340,679152,30,2019-09-16 00:00:00.0000000,2018-10-03 00:00:00.0000000,27,2020-09-24 00:00:00.0000000,2019-10-24 00:00:00.0000000,,0,0,1
40,742824,0.106163997,1010.042942,0,106163997,1,1010,42942,2,2018-11-02 00:00:00.0000000,2018-10-31 00:00:00.0000000,NULL,NULL,NULL,,1,1,1
40,721092,0.102770504,650.2888387,0,102770504,1,650,2888387,2,2018-10-25 00:00:00.0000000,2018-10-23 00:00:00.0000000,NULL,NULL,NULL,,1,1,1
40,676385,0.926966994,552.6271042,0,926966994,0,552,6271042,2,2019-09-04 00:00:00.0000000,2019-08-16 00:00:00.0000000,1,2020-04-15 00:00:00.0000000,2020-04-15 00:00:00.0000000,,0,0,1
40,714441,0.835463479,304.5454356,0,835463479,0,304,5454356,3,2019-02-14 00:00:00.0000000,2018-10-04 00:00:00.0000000,2,2020-09-22 00:00:00.0000000,2019-10-24 00:00:00.0000000,,0,0,1
40,710093,0.225486453,314.5574661,0,225486453,1,314,5574661,3,2018-12-12 00:00:00.0000000,2018-11-07 00:00:00.0000000,4,2020-06-16 00:00:00.0000000,2019-12-05 00:00:00.0000000,,0,0,1
40,423102,0.756964292,0,0,756964292,0,0,1,2019-06-17 00:00:00.0000000,2019-06-17 00:00:00.0000000,NULL,NULL,NULL,NULL,1,,1,1
40,721276,0.999013488,97360.52622,0,999013488,0,97360,52622,44,2019-09-30 00:00:00.0000000,2018-10-26 00:00:00.0000000,48,2020-09-29 00:00:00.0000000,2019-10-03 00:00:00.0000000,,0,0,1
40,638484,0.997609055,27599.23312,0,997609055,0,27599,23312,53,2019-09-23 00:00:00.0000000,2018-10-18 00:00:00.0000000,48,2020-09-28 00:00:00.0000000,2019-10-07 00:00:00.0000000,,0,0,1
40,575682,0.996953199,44203.94388,0,996953199,0,44203,94388,18,2019-09-27 00:00:00.0000000,2019-01-18 00:00:00.0000000,22,2020-09-21 00:00:00.0000000,2019-10-31 00:00:00.0000000,,0,0,1
40,705370,0.998138559,9098.502826,0,998138559,0,9098,502826,42,2019-09-25 00:00:00.0000000,2018-10-02 00:00:00.0000000,43,2020-09-28 00:00:00.0000000,2019-10-10 00:00:00.0000000,,0,0,1
40,563242,0.97354533,1347.426148,0,97354533,0,1347,426148,2,2019-09-23 00:00:00.0000000,2018-11-20 00:00:00.0000000,1,2019-10-10 00:00:00.0000000,2019-10-10 00:00:00.0000000,,0,0,1
40,704565,0.827127659,415.6021858,0,827127659,0,415,6021858,2,2019-08-07 00:00:00.0000000,2019-07-25 00:00:00.0000000,NULL,NULL,NULL,,1,1,1
40,613276,0.667035837,0,0,667035837,0,0,1,2019-02-04 00:00:00.0000000,2019-02-04 00:00:00.0000000,4,2020-09-24 00:00:00.0000000,2020-01-27 00:00:00.0000000,NULL,0,,0,1
40,731566,0.997590587,27241.48021,0,997590587,0,27241,48021,30,2019-09-24 00:00:00.0000000,2018-10-03 00:00:00.0000000,13,2020-06-16 00:00:00.0000000,2019-10-04 00:00:00.0000000,,0,0,1
40,570972,0.994659742,11537.68046,0,994659742,0,11537,68046,14,2019-09-17 00:00:00.0000000,2018-10-19 00:00:00.0000000,5,2020-09-30 00:00:00.0000000,2019-12-12 00:00:00.0000000,,0,0,1
40,428686,0.981279808,1458.588699,0,981279808,0,1458,588699,3,2019-09-12 00:00:00.0000000,2018-11-19 00:00:00.0000000,1,2020-01-31 00:00:00.0000000,2020-01-31 00:00:00.0000000,,0,0,1
40,737955,0.806637115,152.3482782,0,806637115,0,152,3482782,2,2019-05-08 00:00:00.0000000,2019-03-29 00:00:00.0000000,1,2020-03-11 00:00:00.0000000,2020-03-11 00:00:00.0000000,,0,0,1
40,430397,0.724995265,913.5004419,0,724995265,0,913,5004419,2,2019-05-06 00:00:00.0000000,2019-04-10 00:00:00.0000000,NULL,NULL,NULL,,1,1,1
40,678779,0.999818224,7139874.963,0,999818224,0,7139874,963,243,2019-09-30 00:00:00.0000000,2018-10-01 00:00:00.0000000,258,2020-09-30 00:00:00.0000000,2019-10-01 00:00:00.0000000,,0,0,1
40,423107,0.997893502,22922.41536,0,997893502,0,22922,41536,41,2019-09-24 00:00:00.0000000,2018-10-03 00:00:00.0000000,53,2020-09-24 00:00:00.0000000,2019-10-08 00:00:00.0000000,,0,0,1
40,429885,0.648766986,0,0,648766986,0,0,1,2018-12-28 00:00:00.0000000,2018-12-28 00:00:00.0000000,2,2020-07-24 00:00:00.0000000,2020-02-27 00:00:00.0000000,NULL,0,,0,1
40,732154,0.444986215,1772.829202,0,444986215,1,1772,829202,3,2019-02-28 00:00:00.0000000,2019-01-17 00:00:00.0000000,NULL,NULL,NULL,,1,1,1
40,719439,0.988063544,7125.858313,0,988063544,0,7125,858313,8,2019-08-28 00:00:00.0000000,2018-10-19 00:00:00.0000000,3,2020-04-30 00:00:00.0000000,2020-04-06 00:00:00.0000000,,0,0,1
40,724774,0.887595502,182.5893553,0,887595502,0,182,5893553,3,2019-04-01 00:00:00.0000000,2018-11-09 00:00:00.0000000,NULL,NULL,NULL,,1,1,1
40,747195,0.68373774,0,0,68373774,0,0,1,2019-03-07 00:00:00.0000000,2019-03-07 00:00:00.0000000,NULL,NULL,NULL,NULL,1,,1,1
40,426464,0.998879437,36930.08843,0,998879437,0,36930,8843,69,2019-09-27 00:00:00.0000000,2018-10-01 00:00:00.0000000,75,2020-09-24 00:00:00.0000000,2019-10-01 00:00:00.0000000,,0,0,1
40,424744,0.999485312,53214.82424,0,999485312,0,53214,82424,86,2019-09-30 00:00:00.0000000,2018-10-01 00:00:00.0000000,94,2020-09-30 00:00:00.0000000,2019-10-03 00:00:00.0000000,,0,0,1
40,728544,0.998608501,41476.56983,0,998608501,0,41476,56983,63,2019-09-26 00:00:00.0000000,2018-10-03 00:00:00.0000000,1,2019-10-31 00:00:00.0000000,2019-10-31 00:00:00.0000000,,0,0,1
40,668499,0.764327298,544.7522055,0,764327298,0,544,7522055,3,2019-02-25 00:00:00.0000000,2018-11-22 00:00:00.0000000,5,2020-09-28 00:00:00.0000000,2019-11-14 00:00:00.0000000,,0,0,1
40,726774,0.993703266,12892.04856,0,993703266,0,12892,4856,21,2019-09-11 00:00:00.0000000,2018-10-03 00:00:00.0000000,15,2020-07-30 00:00:00.0000000,2019-10-01 00:00:00.0000000,,0,0,1
40,721694,0.626445375,0,0,626445375,0,0,1,2018-11-05 00:00:00.0000000,2018-11-05 00:00:00.0000000,8,2020-08-05 00:00:00.0000000,2019-12-19 00:00:00.0000000,NULL,0,,0,1
40,428626,0.999703334,874763.6282,0,999703334,0,874763,6282,149,2019-09-30 00:00:00.0000000,2018-10-05 00:00:00.0000000,148,2020-09-30 00:00:00.0000000,2019-10-01 00:00:00.0000000,,0,0,1
40,600351,0.854669775,1940.418095,0,854669775,0,1940,418095,7,2019-05-31 00:00:00.0000000,2018-11-28 00:00:00.0000000,5,2020-03-06 00:00:00.0000000,2019-11-29 00:00:00.0000000,,0,0,1
40,436214,0.988831286,55950.95876,0,988831286,0,55950,95876,52,2019-09-12 00:00:00.0000000,2018-10-03 00:00:00.0000000,55,2020-09-28 00:00:00.0000000,2019-10-08 00:00:00.0000000,,0,0,1
40,533619,0.879556828,0,0,879556828,0,0,1,2019-09-12 00:00:00.0000000,2019-09-12 00:00:00.0000000,2,2019-11-20 00:00:00.0000000,2019-11-19 00:00:00.0000000,NULL,0,,0,1
40,423685,0.997969071,25657.70974,0,997969071,0,25657,70974,22,2019-09-30 00:00:00.0000000,2018-10-24 00:00:00.0000000,28,2020-09-30 00:00:00.0000000,2019-10-25 00:00:00.0000000,,0,0,1
40,733636,0.957305357,3081.919889,0,957305357,0,3081,919889,7,2019-07-04 00:00:00.0000000,2018-10-23 00:00:00.0000000,7,2020-09-30 00:00:00.0000000,2019-11-13 00:00:00.0000000,,0,0,1
40,435386,0.993287016,12759.41014,0,993287016,0,12759,41014,30,2019-09-12 00:00:00.0000000,2018-10-11 00:00:00.0000000,20,2020-09-25 00:00:00.0000000,2019-11-07 00:00:00.0000000,,0,0,1
40,686441,0.849918695,0,0,849918695,0,0,1,2019-08-29 00:00:00.0000000,2019-08-29 00:00:00.0000000,1,2019-10-14 00:00:00.0000000,2019-10-14 00:00:00.0000000,NULL,0,,0,1
40,692589,0.744525586,0,0,744525586,0,0,1,2019-06-03 00:00:00.0000000,2019-06-03 00:00:00.0000000,NULL,NULL,NULL,NULL,1,,1,1
40,684106,0.999612032,39931.75411,0,999612032,0,39931,75411,114,2019-09-30 00:00:00.0000000,2018-10-04 00:00:00.0000000,96,2020-09-30 00:00:00.0000000,2019-10-03 00:00:00.0000000,,0,0,1
40,708507,0.667336834,1907.939857,0,667336834,0,1907,939857,14,2019-06-07 00:00:00.0000000,2018-10-01 00:00:00.0000000,1,2020-01-21 00:00:00.0000000,2020-01-21 00:00:00.0000000,,0,0,1
40,635890,0.996604747,275308.6084,0,996604747,0,275308,6084,16,2019-09-26 00:00:00.0000000,2018-11-13 00:00:00.0000000,17,2020-09-30 00:00:00.0000000,2019-10-02 00:00:00.0000000,,0,0,1
40,747528,0.996274668,67339.77059,0,996274668,0,67339,77059,15,2019-09-27 00:00:00.0000000,2019-03-19 00:00:00.0000000,29,2020-07-31 00:00:00.0000000,2019-10-01 00:00:00.0000000,,0,0,1
40,601444,0.996236906,959634.1143,0,996236906,0,959634,1143,12,2019-09-30 00:00:00.0000000,2018-10-24 00:00:00.0000000,5,2020-09-29 00:00:00.0000000,2019-10-01 00:00:00.0000000,,0,0,1
40,423748,0.998910623,159780.1847,0,998910623,0,159780,1847,76,2019-09-27 00:00:00.0000000,2018-10-08 00:00:00.0000000,57,2020-09-29 00:00:00.0000000,2019-10-02 00:00:00.0000000,,0,0,1
40,426801,0.992927251,1937.598844,0,992927251,0,1937,598844,9,2019-09-18 00:00:00.0000000,2018-11-30 00:00:00.0000000,8,2020-08-10 00:00:00.0000000,2019-11-20 00:00:00.0000000,,0,0,1
40,734282,0.802473827,0,0,802473827,0,0,1,2019-07-29 00:00:00.0000000,2019-07-29 00:00:00.0000000,6,2020-03-31 00:00:00.0000000,2019-11-02 00:00:00.0000000,NULL,0,,0,1
40,745181,0.396357112,687.3634899,0,396357112,1,687,3634899,4,2019-05-30 00:00:00.0000000,2019-04-24 00:00:00.0000000,3,2020-04-30 00:00:00.0000000,2019-11-04 00:00:00.0000000,,0,0,1
40,426724,0.99577769,20197.14204,0,99577769,0,20197,14204,19,2019-09-19 00:00:00.0000000,2018-10-17 00:00:00.0000000,12,2020-09-22 00:00:00.0000000,2019-10-22 00:00:00.0000000,,0,0,1
40,725049,0.99589138,6285.66006,0,99589138,0,6285,66006,14,2019-09-24 00:00:00.0000000,2018-11-07 00:00:00.0000000,11,2020-09-14 00:00:00.0000000,2019-12-10 00:00:00.0000000,,0,0,1
40,650825,0.547732772,2059.83463,0,547732772,0,2059,83463,4,2019-01-21 00:00:00.0000000,2018-10-09 00:00:00.0000000,1,2019-12-31 00:00:00.0000000,2019-12-31 00:00:00.0000000,,0,0,1
40,433971,0.982366321,21422.41977,0,982366321,0,21422,41977,33,2019-09-03 00:00:00.0000000,2018-10-18 00:00:00.0000000,37,2020-09-17 00:00:00.0000000,2019-10-15 00:00:00.0000000,,0,0,1
40,718751,0.966365026,6040.16459,0,966365026,0,6040,16459,4,2019-09-11 00:00:00.0000000,2019-07-25 00:00:00.0000000,7,2020-09-18 00:00:00.0000000,2019-10-09 00:00:00.0000000,,0,0,1
40,427019,0.996395093,8118.99136,0,996395093,0,8118,99136,14,2019-09-27 00:00:00.0000000,2018-10-16 00:00:00.0000000,12,2020-09-29 00:00:00.0000000,2019-10-01 00:00:00.0000000,,0,0,1
40,422613,0.939131725,129.8197789,0,939131725,0,129,8197789,2,2019-04-22 00:00:00.0000000,2018-10-05 00:00:00.0000000,NULL,NULL,NULL,,1,1,1
40,700321,0.717352843,0,0,717352843,0,0,1,2019-04-29 00:00:00.0000000,2019-04-29 00:00:00.0000000,1,2020-03-12 00:00:00.0000000,2020-03-12 00:00:00.0000000,NULL,0,,0,1
40,584040,0.61438971,0,0,61438971,0,0,1,2018-10-04 00:00:00.0000000,2018-10-04 00:00:00.0000000,NULL,NULL,NULL,NULL,1,,1,1
40,588420,0.931457144,2310.229442,0,931457144,0,2310,229442,3,2019-05-20 00:00:00.0000000,2018-12-10 00:00:00.0000000,2,2020-07-29 00:00:00.0000000,2020-02-17 00:00:00.0000000,,0,0,1
40,625085,0.994797807,8291.089539,0,994797807,0,8291,89539,12,2019-09-20 00:00:00.0000000,2018-10-11 00:00:00.0000000,24,2020-09-28 00:00:00.0000000,2019-10-08 00:00:00.0000000,,0,0,1
40,435359,0.651511098,0,0,651511098,0,0,1,2019-01-03 00:00:00.0000000,2019-01-03 00:00:00.0000000,1,2020-01-10 00:00:00.0000000,2020-01-10 00:00:00.0000000,NULL,0,,0,1
40,714757,0.9952867,1332.759698,0,9952867,0,1332,759698,12,2019-09-23 00:00:00.0000000,2018-10-10 00:00:00.0000000,4,2020-01-16 00:00:00.0000000,2019-10-08 00:00:00.0000000,,0,0,1
40,425776,0.665511934,0,0,665511934,0,0,1,2019-02-01 00:00:00.0000000,2019-02-01 00:00:00.0000000,NULL,NULL,NULL,X,1,,1,1
40,746510,0.99423058,29680.56123,0,99423058,0,29680,56123,18,2019-09-19 00:00:00.0000000,2019-02-14 00:00:00.0000000,24,2020-09-17 00:00:00.0000000,2019-10-07 00:00:00.0000000,,0,0,1
40,730500,0.857620471,0,0,857620471,0,0,1,2019-09-02 00:00:00.0000000,2019-09-02 00:00:00.0000000,1,2019-10-24 00:00:00.0000000,2019-10-24 00:00:00.0000000,NULL,0,,0,1
40,680932,0.998058441,21035.75608,0,998058441,0,21035,75608,23,2019-09-30 00:00:00.0000000,2018-10-17 00:00:00.0000000,22,2020-09-02 00:00:00.0000000,2019-10-03 00:00:00.0000000,,0,0,1
40,539664,0.996498344,24304.93344,0,996498344,0,24304,93344,25,2019-09-20 00:00:00.0000000,2018-10-03 00:00:00.0000000,41,2020-09-28 00:00:00.0000000,2019-10-17 00:00:00.0000000,,0,0,1
40,741294,0.654305076,0,0,654305076,0,0,1,2019-01-09 00:00:00.0000000,2019-01-09 00:00:00.0000000,NULL,NULL,NULL,NULL,1,,1,1
40,714982,0.968061105,10111.33875,0,968061105,0,10111,33875,19,2019-08-13 00:00:00.0000000,2018-10-09 00:00:00.0000000,9,2020-09-22 00:00:00.0000000,2019-10-08 00:00:00.0000000,,0,0,1
40,621550,0.411649217,826.4057861,0,411649217,1,826,4057861,2,2019-07-03 00:00:00.0000000,2019-07-02 00:00:00.0000000,2,2020-09-29 00:00:00.0000000,2020-08-11 00:00:00.0000000,,0,0,1
40,646327,4.95E-11,1.81E-06,4,9.50E-10,1,1,8.10E-05,22,2018-12-26 00:00:00.0000000,2018-10-01 00:00:00.0000000,NULL,NULL,NULL,,1,1,1
40,709112,0.998812664,182672.4237,0,998812664,0,182672,4237,218,2019-09-27 00:00:00.0000000,2018-10-01 00:00:00.0000000,137,2020-09-29 00:00:00.0000000,2019-10-01 00:00:00.0000000,,0,0,1
40,694587,0.977320089,15517.88575,0,977320089,0,15517,88575,7,2019-07-29 00:00:00.0000000,2018-10-10 00:00:00.0000000,2,2020-07-01 00:00:00.0000000,2019-12-11 00:00:00.0000000,,0,0,1
40,426806,0.99888932,62646.56059,0,99888932,0,62646,56059,40,2019-09-30 00:00:00.0000000,2018-11-07 00:00:00.0000000,28,2020-09-14 00:00:00.0000000,2019-10-07 00:00:00.0000000,,0,0,1
40,429766,0.998959247,96133.94612,0,998959247,0,96133,94612,88,2019-09-27 00:00:00.0000000,2018-10-09 00:00:00.0000000,79,2020-09-21 00:00:00.0000000,2019-10-01 00:00:00.0000000,,0,0,1
40,430586,0.962057629,872.5036542,0,962057629,0,872,5036542,3,2019-06-21 00:00:00.0000000,2018-10-22 00:00:00.0000000,2,2020-08-31 00:00:00.0000000,2020-03-09 00:00:00.0000000,,0,0,1
40,422515,0.996255416,5862.471383,0,996255416,0,5862,471383,17,2019-09-23 00:00:00.0000000,2018-11-07 00:00:00.0000000,25,2020-09-09 00:00:00.0000000,2019-10-09 00:00:00.0000000,,0,0,1
40,494728,0.996055596,12217.5963,0,996055596,0,12217,5963,32,2019-09-18 00:00:00.0000000,2018-10-03 00:00:00.0000000,50,2020-09-16 00:00:00.0000000,2019-10-08 00:00:00.0000000,,0,0,1
40,566860,0.96208309,22901.03517,0,96208309,0,22901,3517,2,2019-09-26 00:00:00.0000000,2019-09-19 00:00:00.0000000,NULL,NULL,NULL,,1,1,1
40,742474,0.997668881,100736.4511,0,997668881,0,100736,4511,49,2019-09-23 00:00:00.0000000,2018-10-09 00:00:00.0000000,48,2020-09-28 00:00:00.0000000,2019-10-01 00:00:00.0000000,,0,0,1
40,707086,0.742636994,456.0720873,0,742636994,0,456,720873,3,2019-02-01 00:00:00.0000000,2018-10-25 00:00:00.0000000,1,2019-10-25 00:00:00.0000000,2019-10-25 00:00:00.0000000,,0,0,1
40,426807,0.995424607,8256.651517,0,995424607,0,8256,651517,12,2019-09-24 00:00:00.0000000,2018-10-15 00:00:00.0000000,30,2020-07-07 00:00:00.0000000,2019-10-11 00:00:00.0000000,,0,0,1
40,596346,0.998463992,31000.66691,0,998463992,0,31000,66691,29,2019-09-30 00:00:00.0000000,2018-10-27 00:00:00.0000000,35,2020-09-21 00:00:00.0000000,2019-10-29 00:00:00.0000000,,0,0,1
40,688995,0.997484048,227096.8693,0,997484048,0,227096,8693,23,2019-09-26 00:00:00.0000000,2018-10-22 00:00:00.0000000,20,2020-07-27 00:00:00.0000000,2019-10-01 00:00:00.0000000,,0,0,1
40,749303,0.747973088,0,0,747973088,0,0,1,2019-06-07 00:00:00.0000000,2019-06-07 00:00:00.0000000,1,2019-12-20 00:00:00.0000000,2019-12-20 00:00:00.0000000,NULL,0,,0,1
40,733517,0.013876452,55.45521508,0,13876452,1,55,45521508,17,2019-04-26 00:00:00.0000000,2018-10-30 00:00:00.0000000,2,2020-07-29 00:00:00.0000000,2019-11-11 00:00:00.0000000,,0,0,1
40,674337,0.972991199,257.4671231,0,972991199,0,257,4671231,2,2019-09-19 00:00:00.0000000,2018-11-27 00:00:00.0000000,NULL,NULL,NULL,,1,1,1
40,576011,0.543379563,3751.075376,0,543379563,0,3751,75376,12,2019-05-24 00:00:00.0000000,2018-10-26 00:00:00.0000000,8,2020-08-27 00:00:00.0000000,2020-01-09 00:00:00.0000000,,0,0,1
40,641443,0.994075003,6972.603201,0,994075003,0,6972,603201,19,2019-09-13 00:00:00.0000000,2018-10-22 00:00:00.0000000,24,2020-09-30 00:00:00.0000000,2019-10-08 00:00:00.0000000,,0,0,1
40,708608,0.997812866,8364.92699,0,997812866,0,8364,92699,38,2019-09-24 00:00:00.0000000,2018-10-09 00:00:00.0000000,53,2020-09-21 00:00:00.0000000,2019-10-07 00:00:00.0000000,,0,0,1
40,426919,0.90471084,4378.328966,0,90471084,0,4378,328966,4,2019-04-17 00:00:00.0000000,2018-10-08 00:00:00.0000000,NULL,NULL,NULL,,1,1,1
40,721394,0.986891204,12586.67807,0,986891204,0,12586,67807,9,2019-08-22 00:00:00.0000000,2018-10-04 00:00:00.0000000,13,2020-08-10 00:00:00.0000000,2019-10-03 00:00:00.0000000,,0,0,1
40,425805,0.998641289,53371.5543,0,998641289,0,53371,5543,123,2019-09-26 00:00:00.0000000,2018-10-01 00:00:00.0000000,150,2020-09-29 00:00:00.0000000,2019-10-03 00:00:00.0000000,,0,0,1
40,714674,0.64211365,0,0,64211365,0,0,1,2018-12-13 00:00:00.0000000,2018-12-13 00:00:00.0000000,2,2020-04-14 00:00:00.0000000,2020-01-28 00:00:00.0000000,NULL,0,,0,1
40,638235,0.827946937,5382.347129,0,827946937,0,5382,347129,13,2019-06-21 00:00:00.0000000,2018-10-08 00:00:00.0000000,34,2020-09-17 00:00:00.0000000,2019-10-03 00:00:00.0000000,,0,0,1
40,708991,0.822208089,1070.081815,0,822208089,0,1070,81815,3,2019-03-07 00:00:00.0000000,2018-11-14 00:00:00.0000000,2,2020-09-21 00:00:00.0000000,2020-01-13 00:00:00.0000000,,0,0,1
40,604921,0.973005913,930.7830433,0,973005913,0,930,7830433,2,2019-09-23 00:00:00.0000000,2019-03-19 00:00:00.0000000,20,2020-09-29 00:00:00.0000000,2019-10-30 00:00:00.0000000,,0,0,1
40,426914,0.979384973,40.53132699,0,979384973,0,40,53132699,3,2019-09-23 00:00:00.0000000,2019-07-22 00:00:00.0000000,12,2020-09-21 00:00:00.0000000,2019-10-30 00:00:00.0000000,,0,0,1
40,424971,0.987564618,8053.685122,0,987564618,0,8053,685122,5,2019-09-09 00:00:00.0000000,2018-10-30 00:00:00.0000000,4,2020-09-30 00:00:00.0000000,2020-06-24 00:00:00.0000000,,0,0,1
40,430944,0.490303536,6291.035431,0,490303536,1,6291,35431,22,2019-07-08 00:00:00.0000000,2018-11-06 00:00:00.0000000,26,2020-09-14 00:00:00.0000000,2019-10-23 00:00:00.0000000,,0,0,1
40,653043,0.944247806,2692.273408,0,944247806,0,2692,273408,5,2019-07-18 00:00:00.0000000,2019-02-25 00:00:00.0000000,3,2020-06-29 00:00:00.0000000,2020-03-12 00:00:00.0000000,,0,0,1
40,741456,0.815721092,13971.49212,0,815721092,0,13971,49212,6,2019-05-21 00:00:00.0000000,2018-12-20 00:00:00.0000000,1,2019-12-04 00:00:00.0000000,2019-12-04 00:00:00.0000000,,0,0,1
40,659639,0.651973249,0,0,651973249,0,0,1,2019-01-04 00:00:00.0000000,2019-01-04 00:00:00.0000000,2,2020-09-24 00:00:00.0000000,2020-03-16 00:00:00.0000000,NULL,0,,0,1
40,431216,0.996157988,5489.622212,0,996157988,0,5489,622212,13,2019-09-27 00:00:00.0000000,2018-10-04 00:00:00.0000000,1,2019-10-29 00:00:00.0000000,2019-10-29 00:00:00.0000000,,0,0,1
40,435572,0.811763935,0,0,811763935,0,0,1,2019-08-05 00:00:00.0000000,2019-08-05 00:00:00.0000000,4,2020-04-15 00:00:00.0000000,2019-12-12 00:00:00.0000000,NULL,0,,0,1
40,733249,0.65778673,643.5381025,0,65778673,0,643,5381025,2,2019-03-21 00:00:00.0000000,2019-02-22 00:00:00.0000000,4,2020-06-17 00:00:00.0000000,2020-05-26 00:00:00.0000000,,0,0,1
40,435173,0.814729751,3590.632134,0,814729751,0,3590,632134,10,2019-05-29 00:00:00.0000000,2018-10-02 00:00:00.0000000,5,2020-09-28 00:00:00.0000000,2020-03-31 00:00:00.0000000,,0,0,1
40,692039,0.956189262,81675.39707,0,956189262,0,81675,39707,9,2019-07-09 00:00:00.0000000,2018-10-05 00:00:00.0000000,16,2020-09-22 00:00:00.0000000,2020-01-08 00:00:00.0000000,,0,0,1
40,639404,0.99888932,23513.83505,0,99888932,0,23513,83505,40,2019-09-30 00:00:00.0000000,2018-10-10 00:00:00.0000000,41,2020-09-17 00:00:00.0000000,2019-10-09 00:00:00.0000000,,0,0,1
40,692474,0.758653086,38.96589877,0,758653086,0,38,96589877,2,2019-01-23 00:00:00.0000000,2018-11-27 00:00:00.0000000,NULL,NULL,NULL,,1,1,1
40,730488,0.260255458,393.7966655,0,260255458,1,393,7966655,3,2018-11-14 00:00:00.0000000,2018-10-02 00:00:00.0000000,NULL,NULL,NULL,,1,1,1
40,581317,0.62961598,315.8981161,0,62961598,0,315,8981161,2,2018-11-15 00:00:00.0000000,2018-10-02 00:00:00.0000000,1,2019-12-20 00:00:00.0000000,2019-12-20 00:00:00.0000000,,0,0,1
40,552054,0.999725484,100192.826,0,999725484,0,100192,826,161,2019-09-30 00:00:00.0000000,2018-10-01 00:00:00.0000000,161,2020-09-30 00:00:00.0000000,2019-10-02 00:00:00.0000000,,0,0,1
40,751835,0.969627401,15236.52325,0,969627401,0,15236,52325,2,2019-09-23 00:00:00.0000000,2019-08-02 00:00:00.0000000,2,2020-07-24 00:00:00.0000000,2020-06-16 00:00:00.0000000,,0,0,1
40,583156,0.616946906,0,0,616946906,0,0,1,2018-10-11 00:00:00.0000000,2018-10-11 00:00:00.0000000,3,2020-09-08 00:00:00.0000000,2019-11-25 00:00:00.0000000,NULL,0,,0,1
40,706572,0.985893743,3982.914244,0,985893743,0,3982,914244,5,2019-09-13 00:00:00.0000000,2019-03-26 00:00:00.0000000,3,2020-04-27 00:00:00.0000000,2019-12-04 00:00:00.0000000,,0,0,1
40,731776,0.997907537,10596.05026,0,997907537,0,10596,5026,62,2019-09-24 00:00:00.0000000,2018-10-25 00:00:00.0000000,50,2020-09-28 00:00:00.0000000,2019-10-01 00:00:00.0000000,,0,0,1
40,442648,0.105749777,337.4761486,0,105749777,1,337,4761486,16,2019-05-08 00:00:00.0000000,2018-10-11 00:00:00.0000000,7,2020-09-14 00:00:00.0000000,2020-04-13 00:00:00.0000000,,0,0,1
40,521430,0.488562144,10161.48873,0,488562144,1,10161,48873,12,2019-06-05 00:00:00.0000000,2018-11-20 00:00:00.0000000,3,2020-05-11 00:00:00.0000000,2020-02-18 00:00:00.0000000,,0,0,1
40,658134,0.623725872,0,0,623725872,0,0,1,2018-10-29 00:00:00.0000000,2018-10-29 00:00:00.0000000,2,2020-09-25 00:00:00.0000000,2020-06-11 00:00:00.0000000,NULL,0,,0,1
40,658055,0.979663346,2846.320356,0,979663346,0,2846,320356,3,2019-08-29 00:00:00.0000000,2018-10-02 00:00:00.0000000,15,2020-09-07 00:00:00.0000000,2019-10-16 00:00:00.0000000,,0,0,1
40,436108,0.99525413,4410.651678,0,99525413,0,4410,651678,11,2019-09-25 00:00:00.0000000,2018-10-01 00:00:00.0000000,2,2020-07-20 00:00:00.0000000,2020-01-30 00:00:00.0000000,,0,0,1
40,639811,0.826923108,4574.571805,0,826923108,0,4574,571805,14,2019-06-26 00:00:00.0000000,2018-10-09 00:00:00.0000000,15,2020-07-29 00:00:00.0000000,2019-10-08 00:00:00.0000000,,0,0,1
40,659298,0.972198085,384.2487421,0,972198085,0,384,2487421,2,2019-09-11 00:00:00.0000000,2018-10-15 00:00:00.0000000,3,2020-09-29 00:00:00.0000000,2019-10-18 00:00:00.0000000,,0,0,1
40,700068,0.99066172,2449.398515,0,99066172,0,2449,398515,5,2019-09-30 00:00:00.0000000,2019-02-21 00:00:00.0000000,1,2020-08-26 00:00:00.0000000,2020-08-26 00:00:00.0000000,,0,0,1
40,657601,0.002567538,47.67365636,0,2567538,1,47,67365636,33,2019-06-04 00:00:00.0000000,2018-10-03 00:00:00.0000000,NULL,NULL,NULL,,1,1,1
40,639414,0.747973088,0,0,747973088,0,0,1,2019-06-07 00:00:00.0000000,2019-06-07 00:00:00.0000000,NULL,NULL,NULL,NULL,1,,1,1
40,690650,0.741156892,0,0,741156892,0,0,1,2019-05-30 00:00:00.0000000,2019-05-30 00:00:00.0000000,NULL,NULL,NULL,NULL,1,,1,1
40,694461,0.999055715,53457.69955,0,999055715,0,53457,69955,47,2019-09-30 00:00:00.0000000,2018-10-01 00:00:00.0000000,62,2020-09-30 00:00:00.0000000,2019-10-03 00:00:00.0000000,,0,0,1
40,714466,0.750104626,5888.100945,0,750104626,0,5888,100945,2,2019-03-20 00:00:00.0000000,2019-02-07 00:00:00.0000000,NULL,NULL,NULL,,1,1,1
40,727097,0.713843951,0,0,713843951,0,0,1,2019-04-24 00:00:00.0000000,2019-04-24 00:00:00.0000000,1,2019-11-15 00:00:00.0000000,2019-11-15 00:00:00.0000000,NULL,0,,0,1
40,422312,0.984503504,6650.043038,0,984503504,0,6650,43038,6,2019-08-26 00:00:00.0000000,2018-12-17 00:00:00.0000000,1,2020-03-10 00:00:00.0000000,2020-03-10 00:00:00.0000000,,0,0,1
40,463725,0.999807937,1942316.857,0,999807937,0,1942316,857,230,2019-09-30 00:00:00.0000000,2018-10-02 00:00:00.0000000,198,2020-09-30 00:00:00.0000000,2019-10-01 00:00:00.0000000,,0,0,1
40,730723,0.851797026,0,0,851797026,0,0,1,2019-08-30 00:00:00.0000000,2019-08-30 00:00:00.0000000,NULL,NULL,NULL,NULL,1,,1,1
40,733369,0.979104261,1770.791728,0,979104261,0,1770,791728,5,2019-08-05 00:00:00.0000000,2018-10-30 00:00:00.0000000,8,2020-07-07 00:00:00.0000000,2019-10-15 00:00:00.0000000,,0,0,1
40,742469,0.62411143,0,0,62411143,0,0,1,2018-10-30 00:00:00.0000000,2018-10-30 00:00:00.0000000,NULL,NULL,NULL,NULL,1,,1,1
40,572217,0.994678797,6837.920617,0,994678797,0,6837,920617,13,2019-09-18 00:00:00.0000000,2018-10-15 00:00:00.0000000,9,2020-05-06 00:00:00.0000000,2019-10-01 00:00:00.0000000,,0,0,1
40,673901,0.949258135,196.9097865,0,949258135,0,196,9097865,2,2019-05-23 00:00:00.0000000,2018-10-16 00:00:00.0000000,2,2020-03-05 00:00:00.0000000,2019-11-11 00:00:00.0000000,,0,0,1
40,534527,0.931350792,1184.367984,0,931350792,0,1184,367984,2,2019-05-13 00:00:00.0000000,2018-12-21 00:00:00.0000000,1,2020-01-17 00:00:00.0000000,2020-01-17 00:00:00.0000000,,0,0,1
40,425225,0.9982308,188951.1528,0,9982308,0,188951,1528,33,2019-09-27 00:00:00.0000000,2018-10-11 00:00:00.0000000,26,2020-09-30 00:00:00.0000000,2019-10-30 00:00:00.0000000,,0,0,1
40,570833,0.996910789,1869.468881,0,996910789,0,1869,468881,22,2019-09-23 00:00:00.0000000,2018-10-09 00:00:00.0000000,14,2020-09-22 00:00:00.0000000,2019-10-10 00:00:00.0000000,,0,0,1
40,502882,0.789178835,6075.835858,0,789178835,0,6075,835858,2,2019-01-22 00:00:00.0000000,2018-11-16 00:00:00.0000000,NULL,NULL,NULL,,1,1,1
40,657551,0.319025751,34.62066216,0,319025751,1,34,62066216,3,2018-11-19 00:00:00.0000000,2018-10-01 00:00:00.0000000,NULL,NULL,NULL,,1,1,1
40,535165,0.999813617,1826540.653,0,999813617,0,1826540,653,237,2019-09-30 00:00:00.0000000,2018-10-02 00:00:00.0000000,198,2020-09-30 00:00:00.0000000,2019-10-01 00:00:00.0000000,,0,0,1
40,744932,0.646964417,0,0,646964417,0,0,1,2018-12-24 00:00:00.0000000,2018-12-24 00:00:00.0000000,2,2019-11-07 00:00:00.0000000,2019-10-10 00:00:00.0000000,NULL,0,,0,1
40,433651,0.972237385,1373.524803,0,972237385,0,1373,524803,2,2019-09-11 00:00:00.0000000,2018-10-09 00:00:00.0000000,2,2020-04-24 00:00:00.0000000,2019-10-21 00:00:00.0000000,,0,0,1
40,426896,0.757894676,0,0,757894676,0,0,1,2019-06-18 00:00:00.0000000,2019-06-18 00:00:00.0000000,NULL,NULL,NULL,NULL,1,,1,1
40,613221,0.802473827,0,0,802473827,0,0,1,2019-07-29 00:00:00.0000000,2019-07-29 00:00:00.0000000,1,2020-02-18 00:00:00.0000000,2020-02-18 00:00:00.0000000,NULL,0,,0,1
40,721364,0.37144488,29048.53315,0,37144488,1,29048,53315,60,2019-08-16 00:00:00.0000000,2018-10-02 00:00:00.0000000,35,2020-07-21 00:00:00.0000000,2019-10-08 00:00:00.0000000,,0,0,1
40,655737,0.989443383,3548.754801,0,989443383,0,3548,754801,6,2019-09-10 00:00:00.0000000,2018-10-11 00:00:00.0000000,4,2020-05-15 00:00:00.0000000,2020-01-21 00:00:00.0000000,,0,0,1
40,572706,0.993750699,5248.572542,0,993750699,0,5248,572542,10,2019-09-18 00:00:00.0000000,2018-10-09 00:00:00.0000000,8,2020-07-13 00:00:00.0000000,2019-10-04 00:00:00.0000000,,0,0,1
40,428895,0.8889499,10257.16416,0,8889499,0,10257,16416,27,2019-08-13 00:00:00.0000000,2018-11-21 00:00:00.0000000,16,2020-09-21 00:00:00.0000000,2019-10-09 00:00:00.0000000,,0,0,1
40,433039,0.998141416,69905.14326,0,998141416,0,69905,14326,42,2019-09-25 00:00:00.0000000,2018-10-01 00:00:00.0000000,30,2020-09-30 00:00:00.0000000,2019-10-12 00:00:00.0000000,,0,0,1
40,662614,0.999075501,77675.57326,0,999075501,0,77675,57326,48,2019-09-30 00:00:00.0000000,2018-10-01 00:00:00.0000000,63,2020-09-25 00:00:00.0000000,2019-10-04 00:00:00.0000000,,0,0,1
40,429091,0.936026551,2795.643894,0,936026551,0,2795,643894,7,2019-06-14 00:00:00.0000000,2018-10-11 00:00:00.0000000,6,2020-08-31 00:00:00.0000000,2020-01-10 00:00:00.0000000,,0,0,1
40,434706,0.997658942,81843.17535,0,997658942,0,81843,17535,51,2019-09-23 00:00:00.0000000,2018-10-11 00:00:00.0000000,51,2020-09-21 00:00:00.0000000,2019-10-30 00:00:00.0000000,,0,0,1
40,741681,0.617685461,0,0,617685461,0,0,1,2018-10-13 00:00:00.0000000,2018-10-13 00:00:00.0000000,NULL,NULL,NULL,NULL,1,,1,1
40,675824,0.964599187,10780.00661,0,964599187,0,10780,661,8,2019-07-26 00:00:00.0000000,2018-12-07 00:00:00.0000000,2,2020-03-26 00:00:00.0000000,2020-03-10 00:00:00.0000000,,0,0,1
40,610647,0.998442842,57078.05765,0,998442842,0,57078,5765,48,2019-09-26 00:00:00.0000000,2018-10-05 00:00:00.0000000,46,2020-09-29 00:00:00.0000000,2019-10-10 00:00:00.0000000,,0,0,1
40,713936,0.790220413,0,0,790220413,0,0,1,2019-07-19 00:00:00.0000000,2019-07-19 00:00:00.0000000,1,2019-12-23 00:00:00.0000000,2019-12-23 00:00:00.0000000,NULL,0,,0,1
40,719215,0.821582564,326.8370305,0,821582564,0,326,8370305,2,2019-05-14 00:00:00.0000000,2019-04-02 00:00:00.0000000,8,2020-07-17 00:00:00.0000000,2019-10-28 00:00:00.0000000,,0,0,1
40,707146,0.959079889,4190.113853,0,959079889,0,4190,113853,4,2019-07-25 00:00:00.0000000,2019-02-25 00:00:00.0000000,10,2020-07-03 00:00:00.0000000,2019-12-24 00:00:00.0000000,,0,0,1
40,734599,0.62081056,166.1641679,0,62081056,0,166,1641679,2,2019-01-10 00:00:00.0000000,2018-12-07 00:00:00.0000000,NULL,NULL,NULL,,1,1,1
40,688972,0.636153477,0,0,636153477,0,0,1,2018-11-29 00:00:00.0000000,2018-11-29 00:00:00.0000000,NULL,NULL,NULL,NULL,1,,1,1
40,752276,0.851797026,0,0,851797026,0,0,1,2019-08-30 00:00:00.0000000,2019-08-30 00:00:00.0000000,NULL,NULL,NULL,NULL,1,,1,1
40,752450,0.939126229,0,0,939126229,0,0,1,2019-09-30 00:00:00.0000000,2019-09-30 00:00:00.0000000,NULL,NULL,NULL,NULL,1,,1,1
40,552922,0.818791552,1227.066428,0,818791552,0,1227,66428,3,2019-02-25 00:00:00.0000000,2018-10-31 00:00:00.0000000,5,2020-08-18 00:00:00.0000000,2019-11-13 00:00:00.0000000,,0,0,1
40,571394,0.99879859,4037.770671,0,99879859,0,4037,770671,37,2019-09-30 00:00:00.0000000,2018-10-10 00:00:00.0000000,39,2020-09-28 00:00:00.0000000,2019-10-14 00:00:00.0000000,,0,0,1
40,695671,0.999112685,1238101.226,0,999112685,0,1238101,226,50,2019-09-30 00:00:00.0000000,2018-10-01 00:00:00.0000000,14,2020-09-30 00:00:00.0000000,2019-10-01 00:00:00.0000000,,0,0,1
40,429566,0.998848251,46177.13132,0,998848251,0,46177,13132,65,2019-09-27 00:00:00.0000000,2018-10-01 00:00:00.0000000,63,2020-09-29 00:00:00.0000000,2019-10-17 00:00:00.0000000,,0,0,1
40,428431,0.997842455,25549.50287,0,997842455,0,25549,50287,38,2019-09-24 00:00:00.0000000,2018-10-01 00:00:00.0000000,48,2020-09-21 00:00:00.0000000,2019-10-10 00:00:00.0000000,,0,0,1
40,654476,0.973538011,460.8604082,0,973538011,0,460,8604082,2,2019-09-24 00:00:00.0000000,2019-01-07 00:00:00.0000000,1,2019-10-15 00:00:00.0000000,2019-10-15 00:00:00.0000000,,0,0,1
40,701608,0.991320116,19746.36655,0,991320116,0,19746,36655,12,2019-09-05 00:00:00.0000000,2018-10-15 00:00:00.0000000,12,2020-09-04 00:00:00.0000000,2019-10-04 00:00:00.0000000,,0,0,1
40,422346,0.780051571,0,0,780051571,0,0,1,2019-07-10 00:00:00.0000000,2019-07-10 00:00:00.0000000,NULL,NULL,NULL,X,1,,1,1
40,717766,0.221591611,314.9479127,0,221591611,1,314,9479127,2,2018-11-16 00:00:00.0000000,2018-11-08 00:00:00.0000000,NULL,NULL,NULL,,1,1,1
40,430342,0.99542406,11136.89946,0,99542406,0,11136,89946,21,2019-09-18 00:00:00.0000000,2018-11-13 00:00:00.0000000,23,2020-09-25 00:00:00.0000000,2019-10-17 00:00:00.0000000,,0,0,1
40,696616,0.664504331,0,0,664504331,0,0,1,2019-01-30 00:00:00.0000000,2019-01-30 00:00:00.0000000,NULL,NULL,NULL,NULL,1,,1,1
40,671198,0.934608904,3320.677406,0,934608904,0,3320,677406,8,2019-06-18 00:00:00.0000000,2018-10-02 00:00:00.0000000,7,2020-09-08 00:00:00.0000000,2019-11-28 00:00:00.0000000,,0,0,1
40,730481,0.998531131,134147.5107,0,998531131,0,134147,5107,43,2019-09-27 00:00:00.0000000,2018-10-08 00:00:00.0000000,102,2020-09-30 00:00:00.0000000,2019-10-01 00:00:00.0000000,,0,0,1
40,709058,0.987651911,2255.088361,0,987651911,0,2255,88361,4,2019-09-27 00:00:00.0000000,2019-01-24 00:00:00.0000000,1,2020-07-08 00:00:00.0000000,2020-07-08 00:00:00.0000000,,0,0,1
40,652822,0.723882464,0,0,723882464,0,0,1,2019-05-08 00:00:00.0000000,2019-05-08 00:00:00.0000000,NULL,NULL,NULL,NULL,1,,1,1
40,739920,0.990111122,3265.135361,0,990111122,0,3265,135361,5,2019-09-26 00:00:00.0000000,2018-11-23 00:00:00.0000000,1,2020-09-30 00:00:00.0000000,2020-09-30 00:00:00.0000000,,0,0,1
40,734183,0.635320595,0,0,635320595,0,0,1,2018-11-27 00:00:00.0000000,2018-11-27 00:00:00.0000000,3,2020-06-23 00:00:00.0000000,2020-04-21 00:00:00.0000000,NULL,0,,0,1
40,669115,0.999439547,104745.6474,0,999439547,0,104745,6474,79,2019-09-30 00:00:00.0000000,2018-10-02 00:00:00.0000000,67,2020-09-25 00:00:00.0000000,2019-10-04 00:00:00.0000000,,0,0,1
40,725700,0.740326584,0,0,740326584,0,0,1,2019-05-29 00:00:00.0000000,2019-05-29 00:00:00.0000000,NULL,NULL,NULL,NULL,1,,1,1
40,463528,0.641247908,0,0,641247908,0,0,1,2018-12-11 00:00:00.0000000,2018-12-11 00:00:00.0000000,NULL,NULL,NULL,NULL,1,,1,1
40,698911,0.110683619,874.1811956,0,110683619,1,874,1811956,2,2018-10-05 00:00:00.0000000,2018-10-02 00:00:00.0000000,NULL,NULL,NULL,,1,1,1
40,669712,0.999502715,51444.26216,0,999502715,0,51444,26216,89,2019-09-30 00:00:00.0000000,2018-10-08 00:00:00.0000000,62,2020-09-28 00:00:00.0000000,2019-10-01 00:00:00.0000000,,0,0,1
40,434664,0.992808995,6181.06676,0,992808995,0,6181,6676,9,2019-09-16 00:00:00.0000000,2018-10-26 00:00:00.0000000,10,2020-06-09 00:00:00.0000000,2019-10-25 00:00:00.0000000,,0,0,1
40,724791,0.846302214,649.9641982,0,846302214,0,649,9641982,4,2019-03-28 00:00:00.0000000,2018-10-23 00:00:00.0000000,1,2019-10-01 00:00:00.0000000,2019-10-01 00:00:00.0000000,,0,0,1
40,463563,0.99976987,285717.9734,0,99976987,0,285717,9734,192,2019-09-30 00:00:00.0000000,2018-10-02 00:00:00.0000000,190,2020-09-30 00:00:00.0000000,2019-10-02 00:00:00.0000000,,0,0,1
40,467875,0.995412047,15630.80686,0,995412047,0,15630,80686,19,2019-09-17 00:00:00.0000000,2018-10-04 00:00:00.0000000,11,2020-09-30 00:00:00.0000000,2019-11-05 00:00:00.0000000,,0,0,1
40,654450,0.665007307,0,0,665007307,0,0,1,2019-01-31 00:00:00.0000000,2019-01-31 00:00:00.0000000,NULL,NULL,NULL,NULL,1,,1,1
40,588169,0.935624427,102173.3709,0,935624427,0,102173,3709,48,2019-08-29 00:00:00.0000000,2018-10-02 00:00:00.0000000,6,2020-07-03 00:00:00.0000000,2019-10-30 00:00:00.0000000,,0,0,1
40,579751,0.85754335,589.272514,0,85754335,0,589,272514,2,2019-05-30 00:00:00.0000000,2019-04-12 00:00:00.0000000,2,2019-10-25 00:00:00.0000000,2019-10-24 00:00:00.0000000,,0,0,1
40,681956,0.627231323,0,0,627231323,0,0,1,2018-11-07 00:00:00.0000000,2018-11-07 00:00:00.0000000,NULL,NULL,NULL,NULL,1,,1,1
40,427067,0.993917174,10682.31936,0,993917174,0,10682,31936,14,2019-09-13 00:00:00.0000000,2018-10-03 00:00:00.0000000,21,2020-09-08 00:00:00.0000000,2019-10-04 00:00:00.0000000,,0,0,1
40,600426,0.901674622,1240.726798,0,901674622,0,1240,726798,5,2019-05-17 00:00:00.0000000,2018-11-13 00:00:00.0000000,4,2020-05-13 00:00:00.0000000,2019-10-18 00:00:00.0000000,,0,0,1
40,430355,0.993854175,12977.66227,0,993854175,0,12977,66227,24,2019-09-13 00:00:00.0000000,2018-10-29 00:00:00.0000000,20,2020-09-11 00:00:00.0000000,2019-10-10 00:00:00.0000000,,0,0,1
40,424750,0.99976987,873288.6052,0,99976987,0,873288,6052,192,2019-09-30 00:00:00.0000000,2018-10-02 00:00:00.0000000,161,2020-09-30 00:00:00.0000000,2019-10-02 00:00:00.0000000,,0,0,1
40,695875,0.75977353,0,0,75977353,0,0,1,2019-06-20 00:00:00.0000000,2019-06-20 00:00:00.0000000,NULL,NULL,NULL,NULL,1,,1,1
40,596824,0.876626146,7583.036973,0,876626146,0,7583,36973,7,2019-05-28 00:00:00.0000000,2018-11-05 00:00:00.0000000,5,2020-07-02 00:00:00.0000000,2020-02-07 00:00:00.0000000,,0,0,1
40,428515,4.18E-05,0.560974861,4,1.80E-04,1,0,560974861,14,2019-03-14 00:00:00.0000000,2018-12-20 00:00:00.0000000,5,2020-05-25 00:00:00.0000000,2020-02-12 00:00:00.0000000,,0,0,1
40,425965,0.537025957,35.3341224,0,537025957,0,35,3341224,2,2019-02-21 00:00:00.0000000,2019-02-01 00:00:00.0000000,NULL,NULL,NULL,,1,1,1
40,556143,0.978401334,2717.808899,0,978401334,0,2717,808899,4,2019-08-05 00:00:00.0000000,2018-10-16 00:00:00.0000000,NULL,NULL,NULL,,1,1,1
40,653161,0.94007201,1226.415714,0,94007201,0,1226,415714,4,2019-05-30 00:00:00.0000000,2018-11-12 00:00:00.0000000,4,2020-06-03 00:00:00.0000000,2019-10-02 00:00:00.0000000,,0,0,1
40,433826,0.698674463,0,0,698674463,0,0,1,2019-04-01 00:00:00.0000000,2019-04-01 00:00:00.0000000,NULL,NULL,NULL,NULL,1,,1,1
40,680367,0.998508339,24678.73776,0,998508339,0,24678,73776,42,2019-09-27 00:00:00.0000000,2018-10-08 00:00:00.0000000,37,2020-09-22 00:00:00.0000000,2019-10-09 00:00:00.0000000,,0,0,1
40,422575,0.997580396,83882.8999,0,997580396,0,83882,8999,68,2019-09-23 00:00:00.0000000,2018-10-08 00:00:00.0000000,49,2020-09-30 00:00:00.0000000,2019-10-04 00:00:00.0000000,,0,0,1
40,747023,0.980717711,7262.314929,0,980717711,0,7262,314929,4,2019-09-04 00:00:00.0000000,2019-03-20 00:00:00.0000000,NULL,NULL,NULL,,1,1,1
40,434315,0.804689141,803.6120197,0,804689141,0,803,6120197,7,2019-05-07 00:00:00.0000000,2018-10-26 00:00:00.0000000,8,2020-09-04 00:00:00.0000000,2020-03-13 00:00:00.0000000,,0,0,1
40,581070,0.992049545,2045.593244,0,992049545,0,2045,593244,15,2019-09-06 00:00:00.0000000,2018-10-03 00:00:00.0000000,4,2020-09-29 00:00:00.0000000,2020-06-10 00:00:00.0000000,,0,0,1
40,422330,0.92628557,1838.281528,0,92628557,0,1838,281528,7,2019-06-12 00:00:00.0000000,2018-10-23 00:00:00.0000000,1,2020-06-08 00:00:00.0000000,2020-06-08 00:00:00.0000000,,0,0,1
40,584835,0.909277376,51551.1964,0,909277376,0,51551,1964,12,2019-07-11 00:00:00.0000000,2018-11-12 00:00:00.0000000,11,2020-09-07 00:00:00.0000000,2019-10-21 00:00:00.0000000,,0,0,1
40,652505,0.70443117,0,0,70443117,0,0,1,2019-04-10 00:00:00.0000000,2019-04-10 00:00:00.0000000,NULL,NULL,NULL,NULL,1,,1,1
40,721424,0.59481919,42.33399585,0,59481919,0,42,33399585,3,2019-01-29 00:00:00.0000000,2018-11-22 00:00:00.0000000,NULL,NULL,NULL,,1,1,1
40,586435,0.991595183,29986.50602,0,991595183,0,29986,50602,12,2019-09-06 00:00:00.0000000,2018-10-16 00:00:00.0000000,2,2020-07-28 00:00:00.0000000,2019-11-29 00:00:00.0000000,,0,0,1
40,697306,0.986566478,842.6264147,0,986566478,0,842,6264147,4,2019-09-18 00:00:00.0000000,2018-10-30 00:00:00.0000000,6,2020-08-25 00:00:00.0000000,2019-10-08 00:00:00.0000000,,0,0,1
40,464446,0.635736472,0,0,635736472,0,0,1,2018-11-28 00:00:00.0000000,2018-11-28 00:00:00.0000000,6,2020-09-04 00:00:00.0000000,2019-12-17 00:00:00.0000000,NULL,0,,0,1
40,423928,0.998821369,42392.21772,0,998821369,0,42392,21772,62,2019-09-27 00:00:00.0000000,2018-10-01 00:00:00.0000000,65,2020-09-30 00:00:00.0000000,2019-10-01 00:00:00.0000000,,0,0,1
40,423823,0.995161077,27577.45722,0,995161077,0,27577,45722,16,2019-09-19 00:00:00.0000000,2018-11-22 00:00:00.0000000,25,2020-07-29 00:00:00.0000000,2019-10-30 00:00:00.0000000,,0,0,1
40,425459,0.964317203,1468.878564,0,964317203,0,1468,878564,4,2019-07-01 00:00:00.0000000,2018-11-05 00:00:00.0000000,8,2020-06-25 00:00:00.0000000,2019-10-22 00:00:00.0000000,,0,0,1
40,717692,0.999817472,603624.012,0,999817472,0,603624,12,242,2019-09-30 00:00:00.0000000,2018-10-01 00:00:00.0000000,78,2020-09-30 00:00:00.0000000,2019-10-01 00:00:00.0000000,,0,0,1
40,588425,0.996067706,24713.54875,0,996067706,0,24713,54875,22,2019-09-19 00:00:00.0000000,2018-10-08 00:00:00.0000000,16,2020-09-25 00:00:00.0000000,2019-10-03 00:00:00.0000000,,0,0,1
40,707498,0.926713706,3235.443852,0,926713706,0,3235,443852,2,2019-05-13 00:00:00.0000000,2019-01-03 00:00:00.0000000,2,2020-09-16 00:00:00.0000000,2020-05-08 00:00:00.0000000,,0,0,1
40,702144,0.9721956,2674.312649,0,9721956,0,2674,312649,6,2019-08-07 00:00:00.0000000,2019-01-21 00:00:00.0000000,NULL,NULL,NULL,,1,1,1
40,660831,0.977571323,10803.17121,0,977571323,0,10803,17121,3,2019-09-19 00:00:00.0000000,2019-07-08 00:00:00.0000000,4,2020-05-18 00:00:00.0000000,2019-11-22 00:00:00.0000000,,0,0,1
40,495469,0.178154397,68.35815289,0,178154397,1,68,35815289,2,2018-10-10 00:00:00.0000000,2018-10-03 00:00:00.0000000,NULL,NULL,NULL,,1,1,1
40,604906,0.99605056,20892.74742,0,99605056,0,20892,74742,21,2019-09-19 00:00:00.0000000,2018-10-01 00:00:00.0000000,15,2020-09-10 00:00:00.0000000,2019-10-02 00:00:00.0000000,,0,0,1
40,710761,0.986625949,12828.80171,0,986625949,0,12828,80171,21,2019-08-30 00:00:00.0000000,2018-10-11 00:00:00.0000000,13,2020-09-30 00:00:00.0000000,2019-10-15 00:00:00.0000000,,0,0,1
40,425357,0.999791609,1827154.674,0,999791609,0,1827154,674,212,2019-09-30 00:00:00.0000000,2018-10-01 00:00:00.0000000,175,2020-09-30 00:00:00.0000000,2019-10-01 00:00:00.0000000,,0,0,1
40,632508,0.970880107,100.7420817,0,970880107,0,100,7420817,2,2019-09-02 00:00:00.0000000,2018-10-29 00:00:00.0000000,1,2020-07-30 00:00:00.0000000,2020-07-30 00:00:00.0000000,,0,0,1
40,647023,0.995458307,1769.595727,0,995458307,0,1769,595727,11,2019-09-27 00:00:00.0000000,2018-11-20 00:00:00.0000000,8,2020-09-17 00:00:00.0000000,2019-10-04 00:00:00.0000000,,0,0,1
40,436491,0.999750338,139488.0183,0,999750338,0,139488,183,177,2019-09-30 00:00:00.0000000,2018-10-01 00:00:00.0000000,185,2020-09-29 00:00:00.0000000,2019-10-01 00:00:00.0000000,,0,0,1
40,698825,0.939126229,0,0,939126229,0,0,1,2019-09-30 00:00:00.0000000,2019-09-30 00:00:00.0000000,NULL,NULL,NULL,NULL,1,,1,1
40,730563,0.8182587,301.3212581,0,8182587,0,301,3212581,3,2019-02-21 00:00:00.0000000,2018-10-25 00:00:00.0000000,NULL,NULL,NULL,,1,1,1
40,747415,0.696184181,0,0,696184181,0,0,1,2019-03-28 00:00:00.0000000,2019-03-28 00:00:00.0000000,NULL,NULL,NULL,NULL,1,,1,1
40,724916,0.998309269,20623.38224,0,998309269,0,20623,38224,55,2019-09-25 00:00:00.0000000,2018-10-01 00:00:00.0000000,63,2020-09-29 00:00:00.0000000,2019-10-02 00:00:00.0000000,,0,0,1
40,425167,0.998596222,40901.67344,0,998596222,0,40901,67344,61,2019-09-26 00:00:00.0000000,2018-10-02 00:00:00.0000000,45,2020-09-17 00:00:00.0000000,2019-10-28 00:00:00.0000000,,0,0,1
40,708493,0.997647662,3604.840021,0,997647662,0,3604,840021,28,2019-09-25 00:00:00.0000000,2018-10-17 00:00:00.0000000,25,2020-09-17 00:00:00.0000000,2019-10-15 00:00:00.0000000,,0,0,1
40,750864,0.968708356,2361.003178,0,968708356,0,2361,3178,2,2019-09-19 00:00:00.0000000,2019-07-10 00:00:00.0000000,1,2019-10-15 00:00:00.0000000,2019-10-15 00:00:00.0000000,,0,0,1
40,688538,0.709064473,0,0,709064473,0,0,1,2019-04-17 00:00:00.0000000,2019-04-17 00:00:00.0000000,NULL,NULL,NULL,NULL,1,,1,1
40,442343,0.897906179,1999.303907,0,897906179,0,1999,303907,3,2019-03-22 00:00:00.0000000,2018-10-09 00:00:00.0000000,NULL,NULL,NULL,,1,1,1
40,678309,0.893444532,4337.925321,0,893444532,0,4337,925321,5,2019-07-15 00:00:00.0000000,2019-04-09 00:00:00.0000000,1,2020-05-12 00:00:00.0000000,2020-05-12 00:00:00.0000000,,0,0,1
40,659557,0.264225617,1743.142986,0,264225617,1,1743,142986,26,2019-07-03 00:00:00.0000000,2018-10-17 00:00:00.0000000,3,2020-05-15 00:00:00.0000000,2019-12-16 00:00:00.0000000,,0,0,1
40,422255,0.991407391,20235.31294,0,991407391,0,20235,31294,8,2019-09-16 00:00:00.0000000,2019-01-15 00:00:00.0000000,5,2020-06-22 00:00:00.0000000,2020-02-26 00:00:00.0000000,,0,0,1
40,724851,0.665007307,0,0,665007307,0,0,1,2019-01-31 00:00:00.0000000,2019-01-31 00:00:00.0000000,NULL,NULL,NULL,NULL,1,,1,1
40,744925,0.95592822,6176.930699,0,95592822,0,6176,930699,2,2019-09-12 00:00:00.0000000,2019-08-08 00:00:00.0000000,18,2020-09-29 00:00:00.0000000,2019-10-09 00:00:00.0000000,,0,0,1
40,435445,0.993729566,3116.824281,0,993729566,0,3116,824281,15,2019-09-12 00:00:00.0000000,2018-10-09 00:00:00.0000000,8,2020-04-15 00:00:00.0000000,2019-10-24 00:00:00.0000000,,0,0,1
40,423199,0.916975042,680.6162872,0,916975042,0,680,6162872,2,2019-05-17 00:00:00.0000000,2019-01-31 00:00:00.0000000,6,2020-09-21 00:00:00.0000000,2020-01-28 00:00:00.0000000,,0,0,1
40,746037,0.995911232,51161.47839,0,995911232,0,51161,47839,33,2019-09-23 00:00:00.0000000,2019-03-12 00:00:00.0000000,75,2020-09-24 00:00:00.0000000,2019-10-03 00:00:00.0000000,,0,0,1
40,749459,0.961158921,31100.35968,0,961158921,0,31100,35968,2,2019-08-30 00:00:00.0000000,2019-05-31 00:00:00.0000000,NULL,NULL,NULL,,1,1,1
40,636408,0.018519298,68.62091211,0,18519298,1,68,62091211,6,2019-01-30 00:00:00.0000000,2018-12-05 00:00:00.0000000,1,2019-11-13 00:00:00.0000000,2019-11-13 00:00:00.0000000,,0,0,1
40,745965,0.160129385,16.49263998,0,160129385,1,16,49263998,2,2019-01-30 00:00:00.0000000,2019-01-28 00:00:00.0000000,NULL,NULL,NULL,,1,1,1
40,689777,0.937963805,609.0444754,0,937963805,0,609,444754,3,2019-05-20 00:00:00.0000000,2018-11-23 00:00:00.0000000,2,2020-06-22 00:00:00.0000000,2020-06-15 00:00:00.0000000,,0,0,1
40,672807,0.999401537,79174.92589,0,999401537,0,79174,92589,74,2019-09-30 00:00:00.0000000,2018-10-01 00:00:00.0000000,68,2020-09-30 00:00:00.0000000,2019-10-02 00:00:00.0000000,,0,0,1
40,604670,0.985894589,3395.165148,0,985894589,0,3395,165148,4,2019-09-23 00:00:00.0000000,2019-05-15 00:00:00.0000000,2,2020-07-29 00:00:00.0000000,2020-01-13 00:00:00.0000000,,0,0,1
40,732354,0.854471339,537.9678498,0,854471339,0,537,9678498,9,2019-07-01 00:00:00.0000000,2019-01-09 00:00:00.0000000,NULL,NULL,NULL,,1,1,1
40,422723,0.638679574,0,0,638679574,0,0,1,2018-12-05 00:00:00.0000000,2018-12-05 00:00:00.0000000,NULL,NULL,NULL,NULL,1,,1,1
40,538558,0.996240721,6002.991084,0,996240721,0,6002,991084,14,2019-09-26 00:00:00.0000000,2018-10-24 00:00:00.0000000,32,2020-09-24 00:00:00.0000000,2019-10-17 00:00:00.0000000,,0,0,1
40,705261,0.99565272,91562.37308,0,99565272,0,91562,37308,17,2019-09-20 00:00:00.0000000,2018-11-05 00:00:00.0000000,23,2020-09-24 00:00:00.0000000,2019-10-22 00:00:00.0000000,,0,0,1
40,653888,0.99888932,100811.8748,0,99888932,0,100811,8748,40,2019-09-30 00:00:00.0000000,2018-10-02 00:00:00.0000000,59,2020-09-30 00:00:00.0000000,2019-10-02 00:00:00.0000000,,0,0,1
40,699630,0.999367205,3.26E+07,0,999367205,0,32600000,72,2019-09-30 00:00:00.0000000,2018-10-05 00:00:00.0000000,84,2020-09-30 00:00:00.0000000,2019-10-02 00:00:00.0000000,NULL,0,,0,1
40,734204,0.948091427,4038.300467,0,948091427,0,4038,300467,2,2019-07-16 00:00:00.0000000,2019-03-18 00:00:00.0000000,7,2020-09-29 00:00:00.0000000,2019-10-01 00:00:00.0000000,,0,0,1
40,588418,0.998668738,57825.60999,0,998668738,0,57825,60999,76,2019-09-26 00:00:00.0000000,2018-10-04 00:00:00.0000000,91,2020-09-30 00:00:00.0000000,2019-10-04 00:00:00.0000000,,0,0,1
40,596290,0.690725404,0,0,690725404,0,0,1,2019-03-19 00:00:00.0000000,2019-03-19 00:00:00.0000000,NULL,NULL,NULL,NULL,1,,1,1
40,689426,0.618800025,0,0,618800025,0,0,1,2018-10-16 00:00:00.0000000,2018-10-16 00:00:00.0000000,NULL,NULL,NULL,NULL,1,,1,1
40,594638,0.877967411,2506.094988,0,877967411,0,2506,94988,7,2019-05-31 00:00:00.0000000,2018-11-12 00:00:00.0000000,9,2020-09-03 00:00:00.0000000,2019-10-24 00:00:00.0000000,,0,0,1
40,466366,0.999723765,71469.17514,0,999723765,0,71469,17514,160,2019-09-30 00:00:00.0000000,2018-10-01 00:00:00.0000000,161,2020-09-30 00:00:00.0000000,2019-10-01 00:00:00.0000000,,0,0,1
40,495891,0.99528292,23986.84795,0,99528292,0,23986,84795,18,2019-09-17 00:00:00.0000000,2018-10-09 00:00:00.0000000,9,2020-03-09 00:00:00.0000000,2019-10-16 00:00:00.0000000,,0,0,1
40,434113,0.998714536,16150.42767,0,998714536,0,16150,42767,53,2019-09-27 00:00:00.0000000,2018-10-03 00:00:00.0000000,49,2020-09-22 00:00:00.0000000,2019-10-04 00:00:00.0000000,,0,0,1
40,661872,0.999348517,58100.82266,0,999348517,0,58100,82266,68,2019-09-30 00:00:00.0000000,2018-10-02 00:00:00.0000000,76,2020-09-30 00:00:00.0000000,2019-10-03 00:00:00.0000000,,0,0,1
40,726195,0.999822609,3354429.928,0,999822609,0,3354429,928,249,2019-09-30 00:00:00.0000000,2018-10-02 00:00:00.0000000,252,2020-09-30 00:00:00.0000000,2019-10-01 00:00:00.0000000,,0,0,1
40,424858,0.75977353,0,0,75977353,0,0,1,2019-06-20 00:00:00.0000000,2019-06-20 00:00:00.0000000,NULL,NULL,NULL,NULL,1,,1,1
40,581919,0.973323886,6553.349791,0,973323886,0,6553,349791,9,2019-07-31 00:00:00.0000000,2018-10-30 00:00:00.0000000,4,2020-07-16 00:00:00.0000000,2019-11-27 00:00:00.0000000,,0,0,1
40,434612,0.910452216,539.8167518,0,910452216,0,539,8167518,3,2019-08-03 00:00:00.0000000,2019-06-13 00:00:00.0000000,2,2019-12-02 00:00:00.0000000,2019-10-04 00:00:00.0000000,,0,0,1
40,430569,0.938376885,87.34330623,0,938376885,0,87,34330623,2,2019-06-21 00:00:00.0000000,2019-02-21 00:00:00.0000000,NULL,NULL,NULL,,1,1,1
40,621712,0.999814401,3561281.691,0,999814401,0,3561281,691,238,2019-09-30 00:00:00.0000000,2018-10-01 00:00:00.0000000,196,2020-09-30 00:00:00.0000000,2019-10-01 00:00:00.0000000,,0,0,1
40,700193,0.995771137,1115.452101,0,995771137,0,1115,452101,14,2019-09-23 00:00:00.0000000,2018-10-23 00:00:00.0000000,15,2020-09-23 00:00:00.0000000,2019-10-30 00:00:00.0000000,,0,0,1
40,435567,0.998682942,47560.00081,0,998682942,0,47560,81,102,2019-09-26 00:00:00.0000000,2018-10-04 00:00:00.0000000,113,2020-09-25 00:00:00.0000000,2019-10-03 00:00:00.0000000,,0,0,1
40,717814,0.66152056,0,0,66152056,0,0,1,2019-01-24 00:00:00.0000000,2019-01-24 00:00:00.0000000,1,2020-01-20 00:00:00.0000000,2020-01-20 00:00:00.0000000,NULL,0,,0,1
40,450503,0.705740597,0,0,705740597,0,0,1,2019-04-12 00:00:00.0000000,2019-04-12 00:00:00.0000000,NULL,NULL,NULL,NULL,1,,1,1
40,724735,0.986932201,3106.300519,0,986932201,0,3106,300519,16,2019-08-26 00:00:00.0000000,2018-10-02 00:00:00.0000000,NULL,NULL,NULL,,1,1,1
40,423432,0.991680797,1351.224398,0,991680797,0,1351,224398,6,2019-09-25 00:00:00.0000000,2018-10-08 00:00:00.0000000,10,2020-09-07 00:00:00.0000000,2019-10-03 00:00:00.0000000,,0,0,1
40,689744,0.973916803,3082.175036,0,973916803,0,3082,175036,3,2019-07-31 00:00:00.0000000,2018-10-19 00:00:00.0000000,1,2020-02-13 00:00:00.0000000,2020-02-13 00:00:00.0000000,,0,0,1
40,446588,0.966176206,3376.441422,0,966176206,0,3376,441422,3,2019-09-11 00:00:00.0000000,2019-07-24 00:00:00.0000000,NULL,NULL,NULL,,1,1,1
40,639306,0.554115228,1820.333255,0,554115228,0,1820,333255,2,2019-01-15 00:00:00.0000000,2018-12-20 00:00:00.0000000,1,2019-12-10 00:00:00.0000000,2019-12-10 00:00:00.0000000,,0,0,1
40,424374,0.623296747,6317.827348,0,623296747,0,6317,827348,3,2019-04-09 00:00:00.0000000,2019-02-18 00:00:00.0000000,NULL,NULL,NULL,,1,1,1
40,694364,0.988562906,8468.294455,0,988562906,0,8468,294455,12,2019-08-27 00:00:00.0000000,2018-10-03 00:00:00.0000000,7,2020-01-31 00:00:00.0000000,2019-10-01 00:00:00.0000000,,0,0,1
40,729081,0.991847564,12150.6012,0,991847564,0,12150,6012,7,2019-09-19 00:00:00.0000000,2018-11-05 00:00:00.0000000,4,2020-01-27 00:00:00.0000000,2019-10-09 00:00:00.0000000,,0,0,1
40,423361,0.713843951,0,0,713843951,0,0,1,2019-04-24 00:00:00.0000000,2019-04-24 00:00:00.0000000,NULL,NULL,NULL,NULL,1,,1,1
40,435224,0.999736941,82745.38246,0,999736941,0,82745,38246,168,2019-09-30 00:00:00.0000000,2018-10-01 00:00:00.0000000,170,2020-09-30 00:00:00.0000000,2019-10-01 00:00:00.0000000,,0,0,1
40,526876,0.745054093,7532.06857,0,745054093,0,7532,6857,25,2019-07-22 00:00:00.0000000,2018-10-08 00:00:00.0000000,28,2020-08-19 00:00:00.0000000,2019-10-07 00:00:00.0000000,,0,0,1
40,426236,0.972051178,2293.648418,0,972051178,0,2293,648418,9,2019-08-01 00:00:00.0000000,2018-11-13 00:00:00.0000000,1,2020-02-06 00:00:00.0000000,2020-02-06 00:00:00.0000000,,0,0,1
40,704460,0.997310478,10880.89064,0,997310478,0,10880,89064,25,2019-09-24 00:00:00.0000000,2018-10-10 00:00:00.0000000,32,2020-09-29 00:00:00.0000000,2019-10-07 00:00:00.0000000,,0,0,1
40,527735,0.716298811,980.1598304,0,716298811,0,980,1598304,3,2019-01-11 00:00:00.0000000,2018-10-03 00:00:00.0000000,4,2020-02-26 00:00:00.0000000,2020-01-17 00:00:00.0000000,,0,0,1
40,633314,0.998286131,41408.27999,0,998286131,0,41408,27999,35,2019-09-27 00:00:00.0000000,2018-10-24 00:00:00.0000000,22,2020-09-28 00:00:00.0000000,2019-10-21 00:00:00.0000000,,0,0,1
40,429055,0.798268984,650.4649872,0,798268984,0,650,4649872,3,2019-02-05 00:00:00.0000000,2018-10-10 00:00:00.0000000,2,2020-03-25 00:00:00.0000000,2020-03-11 00:00:00.0000000,,0,0,1
40,704442,0.874800058,0,0,874800058,0,0,1,2019-09-10 00:00:00.0000000,2019-09-10 00:00:00.0000000,NULL,NULL,NULL,NULL,1,,1,1
40,425444,0.998119378,744198.9315,0,998119378,0,744198,9315,196,2019-09-26 00:00:00.0000000,2018-10-01 00:00:00.0000000,158,2020-09-30 00:00:00.0000000,2019-10-01 00:00:00.0000000,,0,0,1
40,422881,0.999785531,3251947.937,0,999785531,0,3251947,937,206,2019-09-30 00:00:00.0000000,2018-10-01 00:00:00.0000000,212,2020-09-30 00:00:00.0000000,2019-10-01 00:00:00.0000000,,0,0,1
40,740264,0.970190679,4783.236035,0,970190679,0,4783,236035,9,2019-08-05 00:00:00.0000000,2018-12-15 00:00:00.0000000,13,2020-09-29 00:00:00.0000000,2019-11-05 00:00:00.0000000,,0,0,1
40,717644,0.993250353,8901.745225,0,993250353,0,8901,745225,12,2019-09-12 00:00:00.0000000,2018-10-08 00:00:00.0000000,10,2020-09-14 00:00:00.0000000,2019-10-11 00:00:00.0000000,,0,0,1
40,428426,0.939955466,3530.715665,0,939955466,0,3530,715665,4,2019-06-12 00:00:00.0000000,2018-12-17 00:00:00.0000000,6,2020-07-22 00:00:00.0000000,2019-12-31 00:00:00.0000000,,0,0,1
40,733841,0.99938485,89992.41529,0,99938485,0,89992,41529,72,2019-09-30 00:00:00.0000000,2018-10-19 00:00:00.0000000,77,2020-09-30 00:00:00.0000000,2019-10-09 00:00:00.0000000,,0,0,1
40,434334,0.997422639,53899.40003,0,997422639,0,53899,40003,79,2019-09-23 00:00:00.0000000,2018-10-08 00:00:00.0000000,106,2020-09-29 00:00:00.0000000,2019-10-01 00:00:00.0000000,,0,0,1
40,622262,0.122046303,366.5532649,0,122046303,1,366,5532649,2,2019-01-09 00:00:00.0000000,2019-01-08 00:00:00.0000000,1,2020-03-25 00:00:00.0000000,2020-03-25 00:00:00.0000000,,0,0,1
40,747939,0.694342808,0,0,694342808,0,0,1,2019-03-25 00:00:00.0000000,2019-03-25 00:00:00.0000000,NULL,NULL,NULL,NULL,1,,1,1
40,425231,0.998981629,51438.72689,0,998981629,0,51438,72689,92,2019-09-27 00:00:00.0000000,2018-10-04 00:00:00.0000000,77,2020-09-24 00:00:00.0000000,2019-10-09 00:00:00.0000000,,0,0,1
40,661225,0.992976541,3081.797485,0,992976541,0,3081,797485,8,2019-09-20 00:00:00.0000000,2018-10-03 00:00:00.0000000,1,2020-08-12 00:00:00.0000000,2020-08-12 00:00:00.0000000,,0,0,1
40,423519,0.999730514,106131.5139,0,999730514,0,106131,5139,164,2019-09-30 00:00:00.0000000,2018-10-01 00:00:00.0000000,166,2020-09-30 00:00:00.0000000,2019-10-01 00:00:00.0000000,,0,0,1
40,424548,0.128939134,3556.444901,0,128939134,1,3556,444901,4,2019-07-11 00:00:00.0000000,2019-07-01 00:00:00.0000000,NULL,NULL,NULL,,1,1,1
40,696259,0.995732332,26550.13205,0,995732332,0,26550,13205,51,2019-09-19 00:00:00.0000000,2018-10-17 00:00:00.0000000,63,2020-09-15 00:00:00.0000000,2019-10-02 00:00:00.0000000,,0,0,1
40,432715,0.987998779,24952.76872,0,987998779,0,24952,76872,5,2019-09-23 00:00:00.0000000,2019-05-30 00:00:00.0000000,22,2020-09-29 00:00:00.0000000,2019-10-29 00:00:00.0000000,,0,0,1
40,748675,0.741991888,0,0,741991888,0,0,1,2019-05-31 00:00:00.0000000,2019-05-31 00:00:00.0000000,5,2020-02-19 00:00:00.0000000,2019-10-03 00:00:00.0000000,NULL,0,,0,1
40,675204,0.996070828,12411.97855,0,996070828,0,12411,97855,33,2019-09-18 00:00:00.0000000,2018-10-01 00:00:00.0000000,15,2020-09-29 00:00:00.0000000,2019-10-14 00:00:00.0000000,,0,0,1
40,650681,0.494404066,569.5979783,0,494404066,1,569,5979783,2,2019-03-21 00:00:00.0000000,2019-03-07 00:00:00.0000000,NULL,NULL,NULL,,1,1,1
40,553757,0.260094549,448.2684352,0,260094549,1,448,2684352,2,2018-12-28 00:00:00.0000000,2018-12-20 00:00:00.0000000,NULL,NULL,NULL,,1,1,1
40,707274,0.990506247,3907.633131,0,990506247,0,3907,633131,7,2019-09-10 00:00:00.0000000,2018-10-09 00:00:00.0000000,10,2020-09-09 00:00:00.0000000,2019-10-03 00:00:00.0000000,,0,0,1
40,432742,0.418578802,710.4068854,0,418578802,1,710,4068854,2,2018-12-18 00:00:00.0000000,2018-11-30 00:00:00.0000000,4,2020-03-13 00:00:00.0000000,2019-12-12 00:00:00.0000000,,0,0,1
40,688561,0.348200511,17.97605398,0,348200511,1,17,97605398,2,2019-04-04 00:00:00.0000000,2019-03-29 00:00:00.0000000,NULL,NULL,NULL,,1,1,1
40,424930,0.997328564,17539.27908,0,997328564,0,17539,27908,21,2019-09-26 00:00:00.0000000,2018-10-08 00:00:00.0000000,26,2020-09-21 00:00:00.0000000,2019-10-01 00:00:00.0000000,,0,0,1
40,668428,0.713151852,0,0,713151852,0,0,1,2019-04-23 00:00:00.0000000,2019-04-23 00:00:00.0000000,13,2020-07-21 00:00:00.0000000,2020-01-29 00:00:00.0000000,NULL,0,,0,1
40,431197,0.017743531,52.33343204,0,17743531,1,52,33343204,3,2018-11-27 00:00:00.0000000,2018-11-20 00:00:00.0000000,2,2020-02-12 00:00:00.0000000,2020-01-17 00:00:00.0000000,,0,0,1
40,535329,0.989763595,14173.40935,0,989763595,0,14173,40935,37,2019-09-09 00:00:00.0000000,2018-10-04 00:00:00.0000000,24,2020-09-23 00:00:00.0000000,2019-10-03 00:00:00.0000000,,0,0,1
40,747159,0.839230104,0,0,839230104,0,0,1,2019-08-23 00:00:00.0000000,2019-08-23 00:00:00.0000000,NULL,NULL,NULL,NULL,1,,1,1
40,721353,0.99973215,1983724.074,0,99973215,0,1983724,74,165,2019-09-30 00:00:00.0000000,2018-10-01 00:00:00.0000000,156,2020-09-30 00:00:00.0000000,2019-10-01 00:00:00.0000000,,0,0,1
40,434861,0.756276199,1615.073876,0,756276199,0,1615,73876,2,2019-04-10 00:00:00.0000000,2019-03-04 00:00:00.0000000,1,2020-04-01 00:00:00.0000000,2020-04-01 00:00:00.0000000,,0,0,1
40,588316,0.619547605,0,0,619547605,0,0,1,2018-10-18 00:00:00.0000000,2018-10-18 00:00:00.0000000,NULL,NULL,NULL,X,1,,1,1
40,721278,0.998926601,112896.4328,0,998926601,0,112896,4328,78,2019-09-27 00:00:00.0000000,2018-10-05 00:00:00.0000000,70,2020-09-18 00:00:00.0000000,2019-10-01 00:00:00.0000000,,0,0,1
40,596818,0.971025274,3395.11544,0,971025274,0,3395,11544,4,2019-07-23 00:00:00.0000000,2018-12-05 00:00:00.0000000,14,2020-03-10 00:00:00.0000000,2019-10-18 00:00:00.0000000,,0,0,1
40,428011,0.999714839,70029.68739,0,999714839,0,70029,68739,155,2019-09-30 00:00:00.0000000,2018-10-02 00:00:00.0000000,166,2020-09-30 00:00:00.0000000,2019-10-02 00:00:00.0000000,,0,0,1
40,425915,0.989879956,17219.00181,0,989879956,0,17219,181,5,2019-09-25 00:00:00.0000000,2018-12-27 00:00:00.0000000,6,2020-09-15 00:00:00.0000000,2020-01-21 00:00:00.0000000,,0,0,1
40,750151,0.985162643,35840.97764,0,985162643,0,35840,97764,5,2019-09-24 00:00:00.0000000,2019-08-06 00:00:00.0000000,1,2019-10-08 00:00:00.0000000,2019-10-08 00:00:00.0000000,,0,0,1
40,431458,0.999594191,99632.02895,0,999594191,0,99632,2895,109,2019-09-30 00:00:00.0000000,2018-10-04 00:00:00.0000000,99,2020-09-25 00:00:00.0000000,2019-10-01 00:00:00.0000000,,0,0,1
40,435457,0.999701326,68663.58527,0,999701326,0,68663,58527,148,2019-09-30 00:00:00.0000000,2018-10-01 00:00:00.0000000,156,2020-09-30 00:00:00.0000000,2019-10-03 00:00:00.0000000,,0,0,1
40,646820,0.99573435,13365.39735,0,99573435,0,13365,39735,12,2019-09-26 00:00:00.0000000,2018-10-02 00:00:00.0000000,24,2020-09-21 00:00:00.0000000,2019-10-03 00:00:00.0000000,,0,0,1
40,724754,0.979116932,2148.449119,0,979116932,0,2148,449119,14,2019-08-14 00:00:00.0000000,2018-10-10 00:00:00.0000000,NULL,NULL,NULL,,1,1,1
40,428514,0.62411143,0,0,62411143,0,0,1,2018-10-30 00:00:00.0000000,2018-10-30 00:00:00.0000000,NULL,NULL,NULL,NULL,1,,1,1
40,729393,0.9765223,6324.775155,0,9765223,0,6324,775155,3,2019-09-10 00:00:00.0000000,2019-05-14 00:00:00.0000000,NULL,NULL,NULL,,1,1,1
40,435771,0.988303979,10404.15838,0,988303979,0,10404,15838,10,2019-08-28 00:00:00.0000000,2018-10-24 00:00:00.0000000,4,2020-06-11 00:00:00.0000000,2020-02-11 00:00:00.0000000,,0,0,1
40,715116,0.997153879,32370.02904,0,997153879,0,32370,2904,24,2019-09-24 00:00:00.0000000,2018-11-06 00:00:00.0000000,1,2020-02-19 00:00:00.0000000,2020-02-19 00:00:00.0000000,,0,0,1
40,423296,0.998505714,18939.47905,0,998505714,0,18939,47905,52,2019-09-26 00:00:00.0000000,2018-10-02 00:00:00.0000000,27,2020-07-15 00:00:00.0000000,2019-10-01 00:00:00.0000000,,0,0,1
40,645361,0.997969071,12895.89469,0,997969071,0,12895,89469,22,2019-09-30 00:00:00.0000000,2018-10-09 00:00:00.0000000,8,2020-09-30 00:00:00.0000000,2019-10-28 00:00:00.0000000,,0,0,1
40,447986,0.997601318,19868.9626,0,997601318,0,19868,9626,43,2019-09-23 00:00:00.0000000,2018-10-15 00:00:00.0000000,32,2020-09-24 00:00:00.0000000,2019-10-25 00:00:00.0000000,,0,0,1
40,601028,0.975876303,9983.338943,0,975876303,0,9983,338943,5,2019-08-07 00:00:00.0000000,2018-12-27 00:00:00.0000000,7,2020-09-15 00:00:00.0000000,2019-10-10 00:00:00.0000000,,0,0,1
40,724833,0.661445282,956.1368698,0,661445282,0,956,1368698,6,2019-03-27 00:00:00.0000000,2018-10-18 00:00:00.0000000,1,2020-03-10 00:00:00.0000000,2020-03-10 00:00:00.0000000,,0,0,1
40,689508,0.942365761,2863.082723,0,942365761,0,2863,82723,4,2019-05-28 00:00:00.0000000,2018-10-31 00:00:00.0000000,1,2020-08-07 00:00:00.0000000,2020-08-07 00:00:00.0000000,,0,0,1
40,434897,0.999681949,5364031.194,0,999681949,0,5364031,194,139,2019-09-30 00:00:00.0000000,2018-10-02 00:00:00.0000000,117,2020-09-30 00:00:00.0000000,2019-10-01 00:00:00.0000000,,0,0,1
40,745253,0.651511098,0,0,651511098,0,0,1,2019-01-03 00:00:00.0000000,2019-01-03 00:00:00.0000000,NULL,NULL,NULL,NULL,1,,1,1
40,748663,0.442916583,3194.686837,0,442916583,1,3194,686837,8,2019-07-25 00:00:00.0000000,2019-05-28 00:00:00.0000000,8,2020-07-21 00:00:00.0000000,2019-10-01 00:00:00.0000000,,0,0,1
40,621805,0.996910789,5310.080025,0,996910789,0,5310,80025,22,2019-09-23 00:00:00.0000000,2018-10-09 00:00:00.0000000,17,2020-09-21 00:00:00.0000000,2019-10-30 00:00:00.0000000,,0,0,1
40,552465,0.997820709,3577.346038,0,997820709,0,3577,346038,25,2019-09-27 00:00:00.0000000,2018-10-02 00:00:00.0000000,25,2020-09-15 00:00:00.0000000,2019-10-02 00:00:00.0000000,,0,0,1
40,669494,0.998821369,34852.88052,0,998821369,0,34852,88052,62,2019-09-27 00:00:00.0000000,2018-10-01 00:00:00.0000000,72,2020-09-23 00:00:00.0000000,2019-10-02 00:00:00.0000000,,0,0,1
40,431174,0.946320109,1207.260134,0,946320109,0,1207,260134,9,2019-07-03 00:00:00.0000000,2018-10-09 00:00:00.0000000,2,2020-07-22 00:00:00.0000000,2020-02-19 00:00:00.0000000,,0,0,1
40,708502,0.970361393,2360.368223,0,970361393,0,2360,368223,3,2019-07-25 00:00:00.0000000,2018-11-28 00:00:00.0000000,2,2020-08-25 00:00:00.0000000,2020-01-20 00:00:00.0000000,,0,0,1
40,669268,0.992614884,19496.4048,0,992614884,0,19496,4048,32,2019-09-11 00:00:00.0000000,2018-10-04 00:00:00.0000000,30,2020-09-29 00:00:00.0000000,2019-10-08 00:00:00.0000000,,0,0,1
40,608046,0.72537285,0,0,72537285,0,0,1,2019-05-10 00:00:00.0000000,2019-05-10 00:00:00.0000000,NULL,NULL,NULL,NULL,1,,1,1
40,425272,0.657630209,0,0,657630209,0,0,1,2019-01-16 00:00:00.0000000,2019-01-16 00:00:00.0000000,1,2020-01-17 00:00:00.0000000,2020-01-17 00:00:00.0000000,NULL,0,,0,1
40,738648,0.660050118,0,0,660050118,0,0,1,2019-01-21 00:00:00.0000000,2019-01-21 00:00:00.0000000,NULL,NULL,NULL,NULL,1,,1,1
40,433486,0.99717303,2149.913243,0,99717303,0,2149,913243,23,2019-09-24 00:00:00.0000000,2018-10-09 00:00:00.0000000,22,2020-09-21 00:00:00.0000000,2019-10-21 00:00:00.0000000,,0,0,1
40,699717,0.99879859,21639.67132,0,99879859,0,21639,67132,37,2019-09-30 00:00:00.0000000,2018-10-11 00:00:00.0000000,44,2020-09-22 00:00:00.0000000,2019-10-09 00:00:00.0000000,,0,0,1
40,743646,0.630014309,0,0,630014309,0,0,1,2018-11-14 00:00:00.0000000,2018-11-14 00:00:00.0000000,2,2019-12-19 00:00:00.0000000,2019-11-13 00:00:00.0000000,NULL,0,,0,1
40,722215,0.139558502,9999.37663,0,139558502,1,9999,37663,20,2019-05-30 00:00:00.0000000,2018-10-02 00:00:00.0000000,NULL,NULL,NULL,,1,1,1
40,557840,0.996228586,23849.9169,0,996228586,0,23849,9169,41,2019-09-19 00:00:00.0000000,2018-10-09 00:00:00.0000000,26,2020-09-24 00:00:00.0000000,2019-10-16 00:00:00.0000000,,0,0,1
40,608746,0.745683481,2492.099597,0,745683481,0,2492,99597,4,2019-02-26 00:00:00.0000000,2018-10-17 00:00:00.0000000,3,2020-07-24 00:00:00.0000000,2019-10-01 00:00:00.0000000,,0,0,1
40,704988,0.981956009,20095.2241,0,981956009,0,20095,2241,36,2019-09-03 00:00:00.0000000,2018-10-02 00:00:00.0000000,27,2020-09-18 00:00:00.0000000,2019-10-14 00:00:00.0000000,,0,0,1
40,431730,0.990642253,21382.08954,0,990642253,0,21382,8954,23,2019-09-09 00:00:00.0000000,2018-11-30 00:00:00.0000000,7,2020-09-28 00:00:00.0000000,2019-11-08 00:00:00.0000000,,0,0,1
40,695785,0.997951785,23808.34304,0,997951785,0,23808,34304,45,2019-09-24 00:00:00.0000000,2018-10-03 00:00:00.0000000,56,2020-09-30 00:00:00.0000000,2019-10-03 00:00:00.0000000,,0,0,1
40,617151,0.106204189,479.0144489,0,106204189,1,479,144489,25,2019-06-17 00:00:00.0000000,2018-10-11 00:00:00.0000000,8,2020-09-02 00:00:00.0000000,2019-10-08 00:00:00.0000000,,0,0,1
40,729358,0.99678527,7475.709409,0,99678527,0,7475,709409,14,2019-09-30 00:00:00.0000000,2018-11-07 00:00:00.0000000,5,2020-09-24 00:00:00.0000000,2019-10-07 00:00:00.0000000,,0,0,1
40,737175,0.998829563,57030.74408,0,998829563,0,57030,74408,82,2019-09-27 00:00:00.0000000,2018-11-23 00:00:00.0000000,93,2020-09-29 00:00:00.0000000,2019-10-01 00:00:00.0000000,,0,0,1
40,422878,0.998563976,23427.58754,0,998563976,0,23427,58754,31,2019-09-30 00:00:00.0000000,2018-10-15 00:00:00.0000000,30,2020-08-03 00:00:00.0000000,2019-10-07 00:00:00.0000000,,0,0,1
40,709111,0.819589035,987.9086449,0,819589035,0,987,9086449,2,2019-01-25 00:00:00.0000000,2018-11-07 00:00:00.0000000,2,2020-02-11 00:00:00.0000000,2019-12-26 00:00:00.0000000,,0,0,1
40,423109,0.729495189,1439.434552,0,729495189,0,1439,434552,2,2019-04-03 00:00:00.0000000,2019-02-28 00:00:00.0000000,NULL,NULL,NULL,,1,1,1
40,733247,0.974719749,2203.141931,0,974719749,0,2203,141931,9,2019-07-29 00:00:00.0000000,2018-10-08 00:00:00.0000000,7,2020-07-09 00:00:00.0000000,2019-10-28 00:00:00.0000000,,0,0,1
40,435475,0.681318058,2602.865545,0,681318058,0,2602,865545,6,2019-04-30 00:00:00.0000000,2018-12-17 00:00:00.0000000,13,2020-09-21 00:00:00.0000000,2019-10-30 00:00:00.0000000,,0,0,1
40,650652,0.995890153,12313.91899,0,995890153,0,12313,91899,48,2019-09-19 00:00:00.0000000,2018-10-16 00:00:00.0000000,39,2020-09-28 00:00:00.0000000,2019-10-02 00:00:00.0000000,,0,0,1
40,658146,0.498014375,625.3192626,0,498014375,1,625,3192626,4,2019-02-21 00:00:00.0000000,2018-11-30 00:00:00.0000000,NULL,NULL,NULL,,1,1,1
40,426517,0.990739587,1710.048717,0,990739587,0,1710,48717,6,2019-09-18 00:00:00.0000000,2018-10-05 00:00:00.0000000,4,2020-09-28 00:00:00.0000000,2019-10-10 00:00:00.0000000,,0,0,1
40,424742,0.714080454,320.0603267,0,714080454,0,320,603267,2,2019-03-04 00:00:00.0000000,2019-01-25 00:00:00.0000000,3,2020-08-19 00:00:00.0000000,2020-01-30 00:00:00.0000000,,0,0,1
40,745085,0.648766986,0,0,648766986,0,0,1,2018-12-28 00:00:00.0000000,2018-12-28 00:00:00.0000000,NULL,NULL,NULL,NULL,1,,1,1
40,579573,0.992789036,1460.123232,0,992789036,0,1460,123232,7,2019-09-25 00:00:00.0000000,2018-10-24 00:00:00.0000000,NULL,NULL,NULL,,1,1,1
40,431271,0.268940386,25141.95519,0,268940386,1,25141,95519,45,2019-08-01 00:00:00.0000000,2018-10-03 00:00:00.0000000,36,2020-09-16 00:00:00.0000000,2019-10-03 00:00:00.0000000,,0,0,1
40,421850,0.934789827,6438.30103,0,934789827,0,6438,30103,9,2019-06-27 00:00:00.0000000,2018-10-11 00:00:00.0000000,19,2020-09-23 00:00:00.0000000,2019-11-19 00:00:00.0000000,,0,0,1
40,741293,0.99879859,69447.89705,0,99879859,0,69447,89705,37,2019-09-30 00:00:00.0000000,2018-11-23 00:00:00.0000000,47,2020-09-14 00:00:00.0000000,2019-10-07 00:00:00.0000000,,0,0,1
40,650605,0.983649804,3065.754797,0,983649804,0,3065,754797,7,2019-08-20 00:00:00.0000000,2018-11-28 00:00:00.0000000,3,2020-04-08 00:00:00.0000000,2019-10-31 00:00:00.0000000,,0,0,1
40,749675,0.74283163,0,0,74283163,0,0,1,2019-06-01 00:00:00.0000000,2019-06-01 00:00:00.0000000,NULL,NULL,NULL,NULL,1,,1,1
40,592733,0.958499938,2219.521778,0,958499938,0,2219,521778,2,2019-07-08 00:00:00.0000000,2018-12-04 00:00:00.0000000,11,2020-08-26 00:00:00.0000000,2019-10-31 00:00:00.0000000,,0,0,1
40,428531,0.729165003,0,0,729165003,0,0,1,2019-05-15 00:00:00.0000000,2019-05-15 00:00:00.0000000,1,2020-01-08 00:00:00.0000000,2020-01-08 00:00:00.0000000,NULL,0,,0,1
40,707759,0.844455809,0,0,844455809,0,0,1,2019-08-26 00:00:00.0000000,2019-08-26 00:00:00.0000000,NULL,NULL,NULL,NULL,1,,1,1
40,715091,0.874800058,0,0,874800058,0,0,1,2019-09-10 00:00:00.0000000,2019-09-10 00:00:00.0000000,NULL,NULL,NULL,NULL,1,,1,1
40,593852,0.902337758,1599.863413,0,902337758,0,1599,863413,4,2019-05-09 00:00:00.0000000,2018-11-28 00:00:00.0000000,2,2019-12-11 00:00:00.0000000,2019-12-04 00:00:00.0000000,,0,0,1
40,660593,0.960872366,492.9631995,0,960872366,0,492,9631995,2,2019-09-12 00:00:00.0000000,2019-07-25 00:00:00.0000000,4,2020-09-04 00:00:00.0000000,2020-01-15 00:00:00.0000000,,0,0,1
40,423036,0.997484754,16728.86272,0,997484754,0,16728,86272,24,2019-09-26 00:00:00.0000000,2018-11-27 00:00:00.0000000,15,2020-06-05 00:00:00.0000000,2019-10-10 00:00:00.0000000,,0,0,1
40,660955,0.971504221,2661.446011,0,971504221,0,2661,446011,2,2019-09-19 00:00:00.0000000,2019-04-29 00:00:00.0000000,1,2020-06-08 00:00:00.0000000,2020-06-08 00:00:00.0000000,,0,0,1
40,750936,0.793782633,0,0,793782633,0,0,1,2019-07-22 00:00:00.0000000,2019-07-22 00:00:00.0000000,NULL,NULL,NULL,NULL,1,,1,1
40,658121,0.093562833,19.55957587,0,93562833,1,19,55957587,2,2018-11-13 00:00:00.0000000,2018-11-12 00:00:00.0000000,NULL,NULL,NULL,,1,1,1
40,623674,0.997940795,16699.82442,0,997940795,0,16699,82442,27,2019-09-27 00:00:00.0000000,2018-10-10 00:00:00.0000000,1,2019-10-25 00:00:00.0000000,2019-10-25 00:00:00.0000000,,0,0,1
40,435207,0.974304243,1614.121289,0,974304243,0,1614,121289,4,2019-07-23 00:00:00.0000000,2018-10-24 00:00:00.0000000,NULL,NULL,NULL,,1,1,1
40,667287,0.994640045,2548.04832,0,994640045,0,2548,4832,12,2019-09-19 00:00:00.0000000,2018-10-08 00:00:00.0000000,13,2020-08-25 00:00:00.0000000,2019-10-02 00:00:00.0000000,,0,0,1
40,724717,0.814749569,993.0047905,0,814749569,0,993,47905,8,2019-05-13 00:00:00.0000000,2018-10-08 00:00:00.0000000,1,2020-02-21 00:00:00.0000000,2020-02-21 00:00:00.0000000,,0,0,1
40,681978,0.99033843,4413.932747,0,99033843,0,4413,932747,18,2019-09-03 00:00:00.0000000,2018-10-10 00:00:00.0000000,12,2020-07-10 00:00:00.0000000,2019-10-23 00:00:00.0000000,,0,0,1
40,612972,0.996400677,10138.2875,0,996400677,0,10138,2875,33,2019-09-19 00:00:00.0000000,2018-10-02 00:00:00.0000000,44,2020-09-23 00:00:00.0000000,2019-10-11 00:00:00.0000000,,0,0,1
40,428709,0.997586393,21442.55054,0,997586393,0,21442,55054,42,2019-09-23 00:00:00.0000000,2018-10-16 00:00:00.0000000,61,2020-09-29 00:00:00.0000000,2019-10-01 00:00:00.0000000,,0,0,1
40,702120,0.661028848,0,0,661028848,0,0,1,2019-01-23 00:00:00.0000000,2019-01-23 00:00:00.0000000,1,2020-09-30 00:00:00.0000000,2020-09-30 00:00:00.0000000,NULL,0,,0,1
40,708217,0.977945351,38705.85129,0,977945351,0,38705,85129,19,2019-08-21 00:00:00.0000000,2018-10-22 00:00:00.0000000,4,2020-06-19 00:00:00.0000000,2019-11-11 00:00:00.0000000,,0,0,1
40,655430,0.621053813,0,0,621053813,0,0,1,2018-10-22 00:00:00.0000000,2018-10-22 00:00:00.0000000,NULL,NULL,NULL,X,1,,1,1
40,580945,0.999828137,2562209.329,0,999828137,0,2562209,329,257,2019-09-30 00:00:00.0000000,2018-10-01 00:00:00.0000000,226,2020-09-30 00:00:00.0000000,2019-10-01 00:00:00.0000000,,0,0,1
40,724775,0.994591421,3671.402752,0,994591421,0,3671,402752,14,2019-09-16 00:00:00.0000000,2018-10-01 00:00:00.0000000,1,2019-12-05 00:00:00.0000000,2019-12-05 00:00:00.0000000,,0,0,1
40,432194,0.947425326,3141.143933,0,947425326,0,3141,143933,12,2019-07-16 00:00:00.0000000,2018-10-05 00:00:00.0000000,7,2020-03-06 00:00:00.0000000,2019-10-22 00:00:00.0000000,,0,0,1
40,750964,0.644520512,90036.47956,0,644520512,0,90036,47956,4,2019-08-08 00:00:00.0000000,2019-07-18 00:00:00.0000000,15,2020-06-26 00:00:00.0000000,2019-10-02 00:00:00.0000000,,0,0,1
40,740572,0.937693061,4500.791473,0,937693061,0,4500,791473,12,2019-07-17 00:00:00.0000000,2018-10-30 00:00:00.0000000,18,2020-09-01 00:00:00.0000000,2019-10-04 00:00:00.0000000,,0,0,1
40,729028,0.912211317,14552.63844,0,912211317,0,14552,63844,6,2019-06-13 00:00:00.0000000,2018-12-11 00:00:00.0000000,5,2020-02-26 00:00:00.0000000,2019-11-27 00:00:00.0000000,,0,0,1
40,427271,0.999586586,135400.4311,0,999586586,0,135400,4311,107,2019-09-30 00:00:00.0000000,2018-10-02 00:00:00.0000000,89,2020-09-30 00:00:00.0000000,2019-10-10 00:00:00.0000000,,0,0,1
40,702152,0.785109724,362.7115171,0,785109724,0,362,7115171,2,2018-12-27 00:00:00.0000000,2018-10-15 00:00:00.0000000,NULL,NULL,NULL,,1,1,1
40,423682,0.929467419,2267.817804,0,929467419,0,2267,817804,3,2019-04-17 00:00:00.0000000,2018-10-02 00:00:00.0000000,10,2020-09-29 00:00:00.0000000,2020-01-23 00:00:00.0000000,,0,0,1
40,624370,0.616578963,0,0,616578963,0,0,1,2018-10-10 00:00:00.0000000,2018-10-10 00:00:00.0000000,NULL,NULL,NULL,NULL,1,,1,1
40,429772,0.959777376,615.1634861,0,959777376,0,615,1634861,6,2019-07-09 00:00:00.0000000,2018-11-23 00:00:00.0000000,4,2020-04-07 00:00:00.0000000,2019-10-28 00:00:00.0000000,,0,0,1
40,431918,0.996218225,29097.67905,0,996218225,0,29097,67905,44,2019-09-19 00:00:00.0000000,2018-10-04 00:00:00.0000000,59,2020-09-30 00:00:00.0000000,2019-10-02 00:00:00.0000000,,0,0,1
40,677925,0.999055715,274943.0182,0,999055715,0,274943,182,47,2019-09-30 00:00:00.0000000,2018-10-16 00:00:00.0000000,58,2020-09-15 00:00:00.0000000,2019-10-02 00:00:00.0000000,,0,0,1
40,687224,0.998654396,230951.5025,0,998654396,0,230951,5025,70,2019-09-26 00:00:00.0000000,2018-10-01 00:00:00.0000000,105,2020-09-21 00:00:00.0000000,2019-10-01 00:00:00.0000000,,0,0,1
40,708176,0.512450864,1363.187961,0,512450864,0,1363,187961,2,2019-01-09 00:00:00.0000000,2018-12-17 00:00:00.0000000,NULL,NULL,NULL,,1,1,1
40,662184,0.999818224,137419.5201,0,999818224,0,137419,5201,243,2019-09-30 00:00:00.0000000,2018-10-01 00:00:00.0000000,71,2020-02-04 00:00:00.0000000,2019-10-01 00:00:00.0000000,,0,0,1
40,428061,0.963550249,5876.16236,0,963550249,0,5876,16236,2,2019-09-03 00:00:00.0000000,2019-05-30 00:00:00.0000000,6,2020-09-15 00:00:00.0000000,2019-10-17 00:00:00.0000000,,0,0,1
40,744595,0.651196463,8793.061244,0,651196463,0,8793,61244,4,2019-03-13 00:00:00.0000000,2018-12-04 00:00:00.0000000,NULL,NULL,NULL,,1,1,1
40,431159,0.99066172,1102.232393,0,99066172,0,1102,232393,5,2019-09-30 00:00:00.0000000,2018-12-12 00:00:00.0000000,2,2019-12-13 00:00:00.0000000,2019-10-04 00:00:00.0000000,,0,0,1
40,442327,0.996972804,284198.4365,0,996972804,0,284198,4365,30,2019-09-25 00:00:00.0000000,2019-03-11 00:00:00.0000000,41,2020-07-16 00:00:00.0000000,2019-10-11 00:00:00.0000000,,0,0,1
40,750806,0.774705252,0,0,774705252,0,0,1,2019-07-05 00:00:00.0000000,2019-07-05 00:00:00.0000000,NULL,NULL,NULL,NULL,1,,1,1
40,636337,0.999809595,1904917.272,0,999809595,0,1904917,272,232,2019-09-30 00:00:00.0000000,2018-10-02 00:00:00.0000000,202,2020-09-30 00:00:00.0000000,2019-10-01 00:00:00.0000000,,0,0,1
40,667165,0.936874091,1510.140357,0,936874091,0,1510,140357,2,2019-05-30 00:00:00.0000000,2019-01-08 00:00:00.0000000,1,2020-03-04 00:00:00.0000000,2020-03-04 00:00:00.0000000,,0,0,1
40,425263,0.996909644,19150.36443,0,996909644,0,19150,36443,23,2019-09-23 00:00:00.0000000,2018-10-29 00:00:00.0000000,5,2020-09-25 00:00:00.0000000,2019-11-13 00:00:00.0000000,,0,0,1
40,721360,0.999720263,572767.8586,0,999720263,0,572767,8586,158,2019-09-30 00:00:00.0000000,2018-10-03 00:00:00.0000000,111,2020-09-15 00:00:00.0000000,2019-10-01 00:00:00.0000000,,0,0,1
40,576103,0.949064462,9534.183223,0,949064462,0,9534,183223,3,2019-06-25 00:00:00.0000000,2019-01-17 00:00:00.0000000,3,2020-07-13 00:00:00.0000000,2019-12-17 00:00:00.0000000,,0,0,1
40,563447,0.733055889,0,0,733055889,0,0,1,2019-05-20 00:00:00.0000000,2019-05-20 00:00:00.0000000,NULL,NULL,NULL,X,1,,1,1
40,433540,0.655247799,0,0,655247799,0,0,1,2019-01-11 00:00:00.0000000,2019-01-11 00:00:00.0000000,1,2020-02-04 00:00:00.0000000,2020-02-04 00:00:00.0000000,NULL,0,,0,1
40,721727,0.033838795,92.13678996,0,33838795,1,92,13678996,13,2019-04-01 00:00:00.0000000,2018-10-16 00:00:00.0000000,NULL,NULL,NULL,,1,1,1
40,451064,0.993701783,42457.21153,0,993701783,0,42457,21153,34,2019-09-13 00:00:00.0000000,2018-10-01 00:00:00.0000000,24,2020-09-30 00:00:00.0000000,2019-10-04 00:00:00.0000000,,0,0,1
40,423977,0.882019195,0,0,882019195,0,0,1,2019-09-13 00:00:00.0000000,2019-09-13 00:00:00.0000000,NULL,NULL,NULL,NULL,1,,1,1
40,425142,0.615104515,6213.727762,0,615104515,0,6213,727762,10,2019-05-14 00:00:00.0000000,2018-10-26 00:00:00.0000000,9,2020-09-21 00:00:00.0000000,2019-11-25 00:00:00.0000000,,0,0,1
40,432068,0.986976236,6974.833768,0,986976236,0,6974,833768,8,2019-08-27 00:00:00.0000000,2018-11-14 00:00:00.0000000,2,2020-09-10 00:00:00.0000000,2020-09-07 00:00:00.0000000,,0,0,1
40,586868,0.973194635,43514.62945,0,973194635,0,43514,62945,15,2019-08-09 00:00:00.0000000,2018-10-03 00:00:00.0000000,3,2020-03-04 00:00:00.0000000,2019-10-08 00:00:00.0000000,,0,0,1
40,712840,0.815953565,0,0,815953565,0,0,1,2019-08-08 00:00:00.0000000,2019-08-08 00:00:00.0000000,2,2020-06-19 00:00:00.0000000,2019-12-13 00:00:00.0000000,NULL,0,,0,1
40,729395,0.997510746,222245.5606,0,997510746,0,222245,5606,18,2019-09-30 00:00:00.0000000,2018-10-26 00:00:00.0000000,18,2020-09-30 00:00:00.0000000,2019-10-03 00:00:00.0000000,,0,0,1
40,430386,0.958047126,18634.81088,0,958047126,0,18634,81088,6,2019-06-27 00:00:00.0000000,2018-10-16 00:00:00.0000000,15,2020-09-30 00:00:00.0000000,2019-10-17 00:00:00.0000000,,0,0,1
40,425431,0.999417344,35223.07602,0,999417344,0,35223,7602,76,2019-09-30 00:00:00.0000000,2018-10-01 00:00:00.0000000,93,2020-09-28 00:00:00.0000000,2019-10-01 00:00:00.0000000,,0,0,1
40,434252,0.997572379,1136293.646,0,997572379,0,1136293,646,60,2019-09-23 00:00:00.0000000,2018-10-18 00:00:00.0000000,51,2020-09-30 00:00:00.0000000,2019-10-01 00:00:00.0000000,,0,0,1
40,682148,0.653368097,0,0,653368097,0,0,1,2019-01-07 00:00:00.0000000,2019-01-07 00:00:00.0000000,NULL,NULL,NULL,NULL,1,,1,1
40,427219,0.10084384,90.15357676,0,10084384,1,90,15357676,2,2018-11-30 00:00:00.0000000,2018-11-29 00:00:00.0000000,NULL,NULL,NULL,,1,1,1
40,553753,0.189351854,2320.424019,0,189351854,1,2320,424019,3,2019-02-21 00:00:00.0000000,2019-01-30 00:00:00.0000000,13,2020-09-28 00:00:00.0000000,2019-10-15 00:00:00.0000000,,0,0,1
40,556971,0.99127031,5555.255133,0,99127031,0,5555,255133,11,2019-09-05 00:00:00.0000000,2018-10-10 00:00:00.0000000,9,2020-05-28 00:00:00.0000000,2019-11-05 00:00:00.0000000,,0,0,1
40,672521,0.811763935,0,0,811763935,0,0,1,2019-08-05 00:00:00.0000000,2019-08-05 00:00:00.0000000,2,2020-08-31 00:00:00.0000000,2020-08-04 00:00:00.0000000,X,0,,0,1
40,715707,0.999178749,74279.22483,0,999178749,0,74279,22483,54,2019-09-30 00:00:00.0000000,2018-10-10 00:00:00.0000000,45,2020-09-29 00:00:00.0000000,2019-10-08 00:00:00.0000000,,0,0,1
40,641242,0.997377381,7315.08109,0,997377381,0,7315,8109,20,2019-09-27 00:00:00.0000000,2018-10-02 00:00:00.0000000,17,2020-09-29 00:00:00.0000000,2019-10-14 00:00:00.0000000,,0,0,1
40,747543,0.848069765,0,0,848069765,0,0,1,2019-08-28 00:00:00.0000000,2019-08-28 00:00:00.0000000,2,2020-09-04 00:00:00.0000000,2020-08-26 00:00:00.0000000,NULL,0,,0,1
40,639850,0.996731952,30175.19118,0,996731952,0,30175,19118,17,2019-09-26 00:00:00.0000000,2018-11-30 00:00:00.0000000,11,2020-06-05 00:00:00.0000000,2019-10-23 00:00:00.0000000,,0,0,1
40,435032,0.997510746,22789.99002,0,997510746,0,22789,99002,18,2019-09-30 00:00:00.0000000,2018-10-26 00:00:00.0000000,9,2019-12-20 00:00:00.0000000,2019-10-01 00:00:00.0000000,,0,0,1
40,448452,0.919583526,714.4961906,0,919583526,0,714,4961906,2,2019-08-21 00:00:00.0000000,2019-07-24 00:00:00.0000000,4,2020-08-21 00:00:00.0000000,2019-10-23 00:00:00.0000000,,0,0,1
40,559028,0.990236365,3512.76694,0,990236365,0,3512,76694,7,2019-09-09 00:00:00.0000000,2018-10-17 00:00:00.0000000,3,2020-04-27 00:00:00.0000000,2020-03-04 00:00:00.0000000,,0,0,1
40,588764,0.654775715,0,0,654775715,0,0,1,2019-01-10 00:00:00.0000000,2019-01-10 00:00:00.0000000,NULL,NULL,NULL,NULL,1,,1,1
40,749151,0.734641132,0,0,734641132,0,0,1,2019-05-22 00:00:00.0000000,2019-05-22 00:00:00.0000000,NULL,NULL,NULL,NULL,1,,1,1
40,708348,0.661028848,0,0,661028848,0,0,1,2019-01-23 00:00:00.0000000,2019-01-23 00:00:00.0000000,NULL,NULL,NULL,NULL,1,,1,1
40,588439,0.994530629,7994.938832,0,994530629,0,7994,938832,9,2019-09-27 00:00:00.0000000,2018-11-13 00:00:00.0000000,21,2020-09-03 00:00:00.0000000,2019-10-02 00:00:00.0000000,,0,0,1
40,425074,0.998564574,225493.4786,0,998564574,0,225493,4786,59,2019-09-26 00:00:00.0000000,2018-10-08 00:00:00.0000000,88,2020-09-30 00:00:00.0000000,2019-10-09 00:00:00.0000000,,0,0,1
40,434359,0.992434469,13956.59983,0,992434469,0,13956,59983,22,2019-09-09 00:00:00.0000000,2018-10-18 00:00:00.0000000,25,2020-07-23 00:00:00.0000000,2019-10-02 00:00:00.0000000,,0,0,1
40,423224,0.98931479,1518.221421,0,98931479,0,1518,221421,6,2019-09-10 00:00:00.0000000,2018-10-24 00:00:00.0000000,8,2020-09-15 00:00:00.0000000,2019-10-25 00:00:00.0000000,,0,0,1
40,730495,0.095977445,10243.65138,0,95977445,1,10243,65138,24,2019-06-18 00:00:00.0000000,2018-10-29 00:00:00.0000000,NULL,NULL,NULL,,1,1,1
40,441578,0.914289906,0,0,914289906,0,0,1,2019-09-24 00:00:00.0000000,2019-09-24 00:00:00.0000000,NULL,NULL,NULL,NULL,1,,1,1
40,677717,0.724975322,445.9610454,0,724975322,0,445,9610454,5,2019-03-25 00:00:00.0000000,2018-10-31 00:00:00.0000000,4,2020-08-31 00:00:00.0000000,2020-03-27 00:00:00.0000000,,0,0,1
40,708654,0.831695845,236.1239358,0,831695845,0,236,1239358,2,2019-01-29 00:00:00.0000000,2018-11-06 00:00:00.0000000,1,2020-09-07 00:00:00.0000000,2020-09-07 00:00:00.0000000,,0,0,1
40,423028,0.995351625,18814.38845,0,995351625,0,18814,38845,23,2019-09-17 00:00:00.0000000,2018-10-30 00:00:00.0000000,27,2020-09-11 00:00:00.0000000,2019-10-04 00:00:00.0000000,,0,0,1
40,625475,0.998624385,137890.9442,0,998624385,0,137890,9442,65,2019-09-26 00:00:00.0000000,2018-10-02 00:00:00.0000000,39,2020-09-30 00:00:00.0000000,2019-10-07 00:00:00.0000000,,0,0,1
40,713295,0.730709206,0,0,730709206,0,0,1,2019-05-17 00:00:00.0000000,2019-05-17 00:00:00.0000000,NULL,NULL,NULL,NULL,1,,1,1
40,739551,0.652918209,1427819.795,0,652918209,0,1427819,795,6,2019-03-28 00:00:00.0000000,2018-10-22 00:00:00.0000000,1,2020-03-06 00:00:00.0000000,2020-03-06 00:00:00.0000000,,0,0,1
40,429564,0.080631404,587.6779585,0,80631404,1,587,6779585,13,2019-04-17 00:00:00.0000000,2018-10-22 00:00:00.0000000,1,2020-09-01 00:00:00.0000000,2020-09-01 00:00:00.0000000,,0,0,1
40,448066,0.997734138,50083.14058,0,997734138,0,50083,14058,26,2019-09-26 00:00:00.0000000,2018-10-03 00:00:00.0000000,21,2020-09-21 00:00:00.0000000,2019-10-02 00:00:00.0000000,,0,0,1
40,650854,7.43E-08,0.001756233,7,4.30E-07,1,0,1756233,32,2019-03-27 00:00:00.0000000,2018-10-10 00:00:00.0000000,NULL,NULL,NULL,,1,1,1
40,633520,0.998255275,36598.21122,0,998255275,0,36598,21122,39,2019-09-26 00:00:00.0000000,2018-10-08 00:00:00.0000000,35,2020-09-30 00:00:00.0000000,2019-10-01 00:00:00.0000000,,0,0,1
40,730480,0.61438971,0,0,61438971,0,0,1,2018-10-04 00:00:00.0000000,2018-10-04 00:00:00.0000000,1,2020-02-21 00:00:00.0000000,2020-02-21 00:00:00.0000000,X,0,,0,1
40,739740,0.999605087,525258.1879,0,999605087,0,525258,1879,112,2019-09-30 00:00:00.0000000,2018-10-04 00:00:00.0000000,94,2020-09-28 00:00:00.0000000,2019-10-01 00:00:00.0000000,,0,0,1
40,685494,0.915136839,8270.383026,0,915136839,0,8270,383026,11,2019-07-11 00:00:00.0000000,2018-11-23 00:00:00.0000000,6,2020-07-31 00:00:00.0000000,2020-02-04 00:00:00.0000000,,0,0,1
40,547500,0.996928528,3148.362995,0,996928528,0,3148,362995,22,2019-09-23 00:00:00.0000000,2018-10-04 00:00:00.0000000,19,2020-09-21 00:00:00.0000000,2019-10-30 00:00:00.0000000,,0,0,1
40,721362,0.579917439,96878.52533,0,579917439,0,96878,52533,34,2019-07-30 00:00:00.0000000,2018-10-10 00:00:00.0000000,12,2020-09-29 00:00:00.0000000,2019-10-25 00:00:00.0000000,,0,0,1
40,742148,0.863755586,0,0,863755586,0,0,1,2019-09-05 00:00:00.0000000,2019-09-05 00:00:00.0000000,3,2020-09-11 00:00:00.0000000,2019-11-27 00:00:00.0000000,NULL,0,,0,1
40,744881,0.809449607,3902.031766,0,809449607,0,3902,31766,8,2019-06-19 00:00:00.0000000,2019-01-14 00:00:00.0000000,7,2020-09-28 00:00:00.0000000,2019-10-21 00:00:00.0000000,,0,0,1
40,647582,0.998515666,69273.55114,0,998515666,0,69273,55114,30,2019-09-30 00:00:00.0000000,2018-10-08 00:00:00.0000000,9,2020-06-05 00:00:00.0000000,2019-10-04 00:00:00.0000000,,0,0,1
40,424200,0.996867811,171781.2053,0,996867811,0,171781,2053,142,2019-09-24 00:00:00.0000000,2018-10-01 00:00:00.0000000,149,2020-09-30 00:00:00.0000000,2019-10-02 00:00:00.0000000,,0,0,1
40,636876,0.985417052,10801.26083,0,985417052,0,10801,26083,4,2019-09-24 00:00:00.0000000,2019-06-24 00:00:00.0000000,15,2020-09-17 00:00:00.0000000,2019-10-14 00:00:00.0000000,,0,0,1
40,696623,0.998860639,11232.52033,0,998860639,0,11232,52033,39,2019-09-30 00:00:00.0000000,2018-11-15 00:00:00.0000000,1,2019-10-07 00:00:00.0000000,2019-10-07 00:00:00.0000000,,0,0,1
40,682127,0.99663282,6024.466493,0,99663282,0,6024,466493,19,2019-09-23 00:00:00.0000000,2018-10-05 00:00:00.0000000,6,2020-09-21 00:00:00.0000000,2019-10-10 00:00:00.0000000,,0,0,1
40,718962,0.991008592,9776.030965,0,991008592,0,9776,30965,10,2019-09-06 00:00:00.0000000,2018-10-26 00:00:00.0000000,2,2019-11-13 00:00:00.0000000,2019-11-06 00:00:00.0000000,,0,0,1
40,708770,0.630416033,0,0,630416033,0,0,1,2018-11-15 00:00:00.0000000,2018-11-15 00:00:00.0000000,NULL,NULL,NULL,NULL,1,,1,1
40,552523,0.86024444,1136.682886,0,86024444,0,1136,682886,2,2019-06-17 00:00:00.0000000,2019-05-07 00:00:00.0000000,3,2020-07-31 00:00:00.0000000,2019-11-27 00:00:00.0000000,,0,0,1
40,538764,0.18880635,399.279452,0,18880635,1,399,279452,2,2019-02-04 00:00:00.0000000,2019-02-01 00:00:00.0000000,NULL,NULL,NULL,,1,1,1
40,607707,0.017086734,32.95926196,0,17086734,1,32,95926196,3,2018-10-30 00:00:00.0000000,2018-10-22 00:00:00.0000000,NULL,NULL,NULL,,1,1,1
40,423280,0.609657681,595.5309766,0,609657681,0,595,5309766,4,2019-08-21 00:00:00.0000000,2019-08-08 00:00:00.0000000,1,2020-01-28 00:00:00.0000000,2020-01-28 00:00:00.0000000,,0,0,1
40,733251,0.882200084,154.5942065,0,882200084,0,154,5942065,2,2019-02-12 00:00:00.0000000,2018-10-16 00:00:00.0000000,3,2020-09-14 00:00:00.0000000,2020-01-21 00:00:00.0000000,,0,0,1
40,422241,0.723142786,0,0,723142786,0,0,1,2019-05-07 00:00:00.0000000,2019-05-07 00:00:00.0000000,1,2020-01-30 00:00:00.0000000,2020-01-30 00:00:00.0000000,NULL,0,,0,1
40,725907,0.973617713,3315.749779,0,973617713,0,3315,749779,7,2019-07-23 00:00:00.0000000,2018-10-15 00:00:00.0000000,8,2020-09-29 00:00:00.0000000,2020-02-18 00:00:00.0000000,,0,0,1
40,502318,0.972054386,496.4136255,0,972054386,0,496,4136255,4,2019-07-22 00:00:00.0000000,2018-11-19 00:00:00.0000000,5,2020-09-21 00:00:00.0000000,2019-10-03 00:00:00.0000000,,0,0,1
40,673886,0.998641697,32067.67771,0,998641697,0,32067,67771,68,2019-09-26 00:00:00.0000000,2018-10-02 00:00:00.0000000,73,2020-09-28 00:00:00.0000000,2019-10-04 00:00:00.0000000,,0,0,1
40,427999,0.990121998,6326.39862,0,990121998,0,6326,39862,9,2019-09-03 00:00:00.0000000,2018-10-15 00:00:00.0000000,1,2020-07-13 00:00:00.0000000,2020-07-13 00:00:00.0000000,,0,0,1
40,583376,0.999553086,133793.0418,0,999553086,0,133793,418,99,2019-09-30 00:00:00.0000000,2018-10-01 00:00:00.0000000,56,2020-09-29 00:00:00.0000000,2019-10-01 00:00:00.0000000,,0,0,1
40,427566,0.655247799,0,0,655247799,0,0,1,2019-01-11 00:00:00.0000000,2019-01-11 00:00:00.0000000,NULL,NULL,NULL,NULL,1,,1,1
40,660975,0.633257947,0,0,633257947,0,0,1,2018-11-22 00:00:00.0000000,2018-11-22 00:00:00.0000000,NULL,NULL,NULL,NULL,1,,1,1
40,560466,0.914751417,11213.37525,0,914751417,0,11213,37525,14,2019-07-26 00:00:00.0000000,2018-12-10 00:00:00.0000000,29,2020-09-29 00:00:00.0000000,2019-10-02 00:00:00.0000000,,0,0,1
40,724778,0.631804176,269.0589494,0,631804176,0,269,589494,4,2019-02-06 00:00:00.0000000,2018-10-16 00:00:00.0000000,NULL,NULL,NULL,,1,1,1
40,739803,0.983377274,3185.503536,0,983377274,0,3185,503536,4,2019-09-18 00:00:00.0000000,2019-05-29 00:00:00.0000000,12,2020-09-30 00:00:00.0000000,2019-10-16 00:00:00.0000000,,0,0,1
40,608700,0.999792589,130068.121,0,999792589,0,130068,121,213,2019-09-30 00:00:00.0000000,2018-10-01 00:00:00.0000000,225,2020-09-30 00:00:00.0000000,2019-10-02 00:00:00.0000000,,0,0,1
40,464401,0.282515162,74.35946306,0,282515162,1,74,35946306,2,2018-12-13 00:00:00.0000000,2018-12-03 00:00:00.0000000,NULL,NULL,NULL,,1,1,1
40,523121,0.679250433,0,0,679250433,0,0,1,2019-02-27 00:00:00.0000000,2019-02-27 00:00:00.0000000,NULL,NULL,NULL,NULL,1,,1,1
40,435230,0.999740041,84510.69352,0,999740041,0,84510,69352,170,2019-09-30 00:00:00.0000000,2018-10-01 00:00:00.0000000,140,2020-09-28 00:00:00.0000000,2019-10-01 00:00:00.0000000,,0,0,1
40,623640,0.997969135,70585.62758,0,997969135,0,70585,62758,56,2019-09-24 00:00:00.0000000,2018-10-15 00:00:00.0000000,53,2020-09-30 00:00:00.0000000,2019-10-10 00:00:00.0000000,,0,0,1
40,709105,0.679250433,0,0,679250433,0,0,1,2019-02-27 00:00:00.0000000,2019-02-27 00:00:00.0000000,NULL,NULL,NULL,NULL,1,,1,1
40,428373,0.999013488,111955.5376,0,999013488,0,111955,5376,45,2019-09-30 00:00:00.0000000,2018-10-02 00:00:00.0000000,9,2020-08-21 00:00:00.0000000,2020-02-21 00:00:00.0000000,,0,0,1
40,576587,0.630014309,0,0,630014309,0,0,1,2018-11-14 00:00:00.0000000,2018-11-14 00:00:00.0000000,NULL,NULL,NULL,NULL,1,,1,1
40,689832,0.187858255,108.3047672,0,187858255,1,108,3047672,2,2018-10-25 00:00:00.0000000,2018-10-18 00:00:00.0000000,3,2019-12-30 00:00:00.0000000,2019-11-29 00:00:00.0000000,,0,0,1
40,430577,0.99786803,29456.21408,0,99786803,0,29456,21408,40,2019-09-24 00:00:00.0000000,2018-10-05 00:00:00.0000000,53,2020-09-21 00:00:00.0000000,2019-10-21 00:00:00.0000000,,0,0,1
40,650942,0.997860169,8417.011085,0,997860169,0,8417,11085,26,2019-09-27 00:00:00.0000000,2018-10-24 00:00:00.0000000,20,2020-09-24 00:00:00.0000000,2019-10-07 00:00:00.0000000,,0,0,1
40,751864,0.901212946,0,0,901212946,0,0,1,2019-09-20 00:00:00.0000000,2019-09-20 00:00:00.0000000,1,2019-11-06 00:00:00.0000000,2019-11-06 00:00:00.0000000,NULL,0,,0,1
40,716966,0.665402473,380.6842174,0,665402473,0,380,6842174,4,2019-02-13 00:00:00.0000000,2018-10-19 00:00:00.0000000,5,2020-05-22 00:00:00.0000000,2019-11-21 00:00:00.0000000,,0,0,1
40,625344,0.357713414,809.8323706,0,357713414,1,809,8323706,8,2019-04-05 00:00:00.0000000,2018-11-06 00:00:00.0000000,NULL,NULL,NULL,,1,1,1
40,431039,0.987366032,18638.34854,0,987366032,0,18638,34854,17,2019-08-28 00:00:00.0000000,2018-10-08 00:00:00.0000000,13,2020-09-16 00:00:00.0000000,2019-11-13 00:00:00.0000000,,0,0,1
40,539094,0.997975429,142718.5906,0,997975429,0,142718,5906,48,2019-09-25 00:00:00.0000000,2018-12-05 00:00:00.0000000,66,2020-09-14 00:00:00.0000000,2019-10-03 00:00:00.0000000,,0,0,1
40,662222,0.997898153,85847.94223,0,997898153,0,85847,94223,86,2019-09-24 00:00:00.0000000,2018-10-04 00:00:00.0000000,73,2020-09-29 00:00:00.0000000,2019-10-01 00:00:00.0000000,,0,0,1
40,426272,0.619547605,0,0,619547605,0,0,1,2018-10-18 00:00:00.0000000,2018-10-18 00:00:00.0000000,NULL,NULL,NULL,NULL,1,,1,1
40,611862,0.621432692,0,0,621432692,0,0,1,2018-10-23 00:00:00.0000000,2018-10-23 00:00:00.0000000,1,2020-09-22 00:00:00.0000000,2020-09-22 00:00:00.0000000,NULL,0,,0,1
40,631769,0.941842533,11751.44313,0,941842533,0,11751,44313,12,2019-07-29 00:00:00.0000000,2018-12-17 00:00:00.0000000,10,2020-07-21 00:00:00.0000000,2019-11-04 00:00:00.0000000,,0,0,1
40,674498,0.839419859,1896.057116,0,839419859,0,1896,57116,7,2019-05-24 00:00:00.0000000,2018-11-19 00:00:00.0000000,7,2020-01-07 00:00:00.0000000,2019-11-21 00:00:00.0000000,,0,0,1
40,712769,0.997403802,35057.38834,0,997403802,0,35057,38834,35,2019-09-23 00:00:00.0000000,2018-10-30 00:00:00.0000000,42,2020-05-22 00:00:00.0000000,2019-10-01 00:00:00.0000000,,0,0,1
40,672344,0.810069616,1586.925951,0,810069616,0,1586,925951,16,2019-07-10 00:00:00.0000000,2018-11-09 00:00:00.0000000,33,2020-09-29 00:00:00.0000000,2019-10-24 00:00:00.0000000,,0,0,1
40,427161,0.099941202,12.20956417,0,99941202,1,12,20956417,2,2018-10-18 00:00:00.0000000,2018-10-16 00:00:00.0000000,1,2020-02-12 00:00:00.0000000,2020-02-12 00:00:00.0000000,,0,0,1
40,422495,0.992685044,5650.595599,0,992685044,0,5650,595599,24,2019-09-09 00:00:00.0000000,2018-10-01 00:00:00.0000000,26,2020-09-18 00:00:00.0000000,2019-10-07 00:00:00.0000000,,0,0,1
40,751468,0.983807443,5886.738453,0,983807443,0,5886,738453,3,2019-09-30 00:00:00.0000000,2019-07-26 00:00:00.0000000,25,2020-09-23 00:00:00.0000000,2019-10-28 00:00:00.0000000,,0,0,1
40,717447,0.764580284,0,0,764580284,0,0,1,2019-06-25 00:00:00.0000000,2019-06-25 00:00:00.0000000,1,2020-03-23 00:00:00.0000000,2020-03-23 00:00:00.0000000,NULL,0,,0,1
40,724790,0.987085893,318.428565,0,987085893,0,318,428565,8,2019-08-23 00:00:00.0000000,2018-10-03 00:00:00.0000000,NULL,NULL,NULL,,1,1,1
40,441239,0.99983142,2.25E+07,0,99983142,0,22500000,262,2019-09-30 00:00:00.0000000,2018-10-01 00:00:00.0000000,257,2020-09-30 00:00:00.0000000,2019-10-01 00:00:00.0000000,NULL,0,,0,1
40,746071,0.38182978,609.7381406,0,38182978,1,609,7381406,2,2019-02-15 00:00:00.0000000,2019-02-04 00:00:00.0000000,NULL,NULL,NULL,,1,1,1
40,654245,0.999797352,161419.9262,0,999797352,0,161419,9262,218,2019-09-30 00:00:00.0000000,2018-10-02 00:00:00.0000000,127,2020-09-08 00:00:00.0000000,2019-10-01 00:00:00.0000000,,0,0,1
40,731146,0.978794781,1258.760711,0,978794781,0,1258,760711,3,2019-09-09 00:00:00.0000000,2019-03-14 00:00:00.0000000,5,2020-01-16 00:00:00.0000000,2019-10-28 00:00:00.0000000,,0,0,1
40,535361,0.995039549,6101.718663,0,995039549,0,6101,718663,10,2019-09-27 00:00:00.0000000,2018-11-19 00:00:00.0000000,7,2020-09-23 00:00:00.0000000,2019-10-28 00:00:00.0000000,,0,0,1
40,690632,0.998463992,6433.900476,0,998463992,0,6433,900476,29,2019-09-30 00:00:00.0000000,2018-10-31 00:00:00.0000000,12,2020-09-30 00:00:00.0000000,2019-10-01 00:00:00.0000000,,0,0,1
40,667938,0.997289516,35590.11023,0,997289516,0,35590,11023,30,2019-09-23 00:00:00.0000000,2018-10-25 00:00:00.0000000,20,2020-09-21 00:00:00.0000000,2019-10-22 00:00:00.0000000,,0,0,1
40,687409,0.962293259,2562.127068,0,962293259,0,2562,127068,3,2019-07-08 00:00:00.0000000,2018-12-18 00:00:00.0000000,4,2020-06-20 00:00:00.0000000,2020-03-25 00:00:00.0000000,,0,0,1
40,434015,0.99256178,30937.94308,0,99256178,0,30937,94308,8,2019-09-20 00:00:00.0000000,2018-12-21 00:00:00.0000000,3,2020-09-03 00:00:00.0000000,2020-07-31 00:00:00.0000000,,0,0,1
40,691808,0.998285494,73482.27681,0,998285494,0,73482,27681,53,2019-09-25 00:00:00.0000000,2018-10-03 00:00:00.0000000,55,2020-09-23 00:00:00.0000000,2019-10-09 00:00:00.0000000,,0,0,1
40,652630,0.997643685,11057.16807,0,997643685,0,11057,16807,19,2019-09-30 00:00:00.0000000,2018-12-03 00:00:00.0000000,8,2020-09-24 00:00:00.0000000,2019-10-09 00:00:00.0000000,,0,0,1
40,576957,0.999820443,546013.0001,0,999820443,0,546013,1,246,2019-09-30 00:00:00.0000000,2018-10-01 00:00:00.0000000,248,2020-09-30 00:00:00.0000000,2019-10-01 00:00:00.0000000,,0,0,1
40,547133,0.995506822,2465.955864,0,995506822,0,2465,955864,13,2019-09-23 00:00:00.0000000,2018-10-30 00:00:00.0000000,14,2020-09-21 00:00:00.0000000,2019-10-30 00:00:00.0000000,,0,0,1
40,522203,0.985463789,1451.359944,0,985463789,0,1451,359944,4,2019-09-16 00:00:00.0000000,2019-02-01 00:00:00.0000000,NULL,NULL,NULL,,1,1,1
40,699483,0.995364408,16094.11841,0,995364408,0,16094,11841,30,2019-09-16 00:00:00.0000000,2018-10-02 00:00:00.0000000,33,2020-09-21 00:00:00.0000000,2019-10-01 00:00:00.0000000,,0,0,1
40,434994,0.973102385,985.3355767,0,973102385,0,985,3355767,3,2019-09-05 00:00:00.0000000,2019-05-23 00:00:00.0000000,1,2019-10-21 00:00:00.0000000,2019-10-21 00:00:00.0000000,,0,0,1
40,699510,0.949768126,4159.199361,0,949768126,0,4159,199361,9,2019-07-22 00:00:00.0000000,2018-12-18 00:00:00.0000000,5,2020-09-21 00:00:00.0000000,2019-11-05 00:00:00.0000000,,0,0,1
40,525695,0.999566266,236357.2194,0,999566266,0,236357,2194,102,2019-09-30 00:00:00.0000000,2018-10-03 00:00:00.0000000,104,2020-09-30 00:00:00.0000000,2019-10-01 00:00:00.0000000,,0,0,1
40,724768,0.614027865,0,0,614027865,0,0,1,2018-10-03 00:00:00.0000000,2018-10-03 00:00:00.0000000,NULL,NULL,NULL,NULL,1,,1,1
40,647509,0.97015128,1179.282646,0,97015128,0,1179,282646,2,2019-09-03 00:00:00.0000000,2018-12-31 00:00:00.0000000,6,2020-09-18 00:00:00.0000000,2019-10-29 00:00:00.0000000,,0,0,1
40,681089,0.758617104,5082.697841,0,758617104,0,5082,697841,17,2019-07-08 00:00:00.0000000,2018-11-06 00:00:00.0000000,2,2020-01-31 00:00:00.0000000,2019-12-10 00:00:00.0000000,,0,0,1
40,430547,0.668060235,0,0,668060235,0,0,1,2019-02-06 00:00:00.0000000,2019-02-06 00:00:00.0000000,2,2020-08-10 00:00:00.0000000,2020-08-07 00:00:00.0000000,NULL,0,,0,1
40,565501,0.942909708,27619.53371,0,942909708,0,27619,53371,8,2019-08-02 00:00:00.0000000,2019-02-28 00:00:00.0000000,21,2020-09-24 00:00:00.0000000,2019-10-28 00:00:00.0000000,,0,0,1
40,421800,0.999466647,109941.541,0,999466647,0,109941,541,83,2019-09-30 00:00:00.0000000,2018-10-09 00:00:00.0000000,60,2020-09-21 00:00:00.0000000,2019-10-03 00:00:00.0000000,,0,0,1
40,552157,0.999788614,2485728.062,0,999788614,0,2485728,62,209,2019-09-30 00:00:00.0000000,2018-10-01 00:00:00.0000000,178,2020-09-30 00:00:00.0000000,2019-10-02 00:00:00.0000000,,0,0,1
40,744334,0.648314359,0,0,648314359,0,0,1,2018-12-27 00:00:00.0000000,2018-12-27 00:00:00.0000000,NULL,NULL,NULL,NULL,1,,1,1
40,749150,0.993057864,17075.17109,0,993057864,0,17075,17109,9,2019-09-26 00:00:00.0000000,2019-06-19 00:00:00.0000000,18,2020-09-21 00:00:00.0000000,2019-10-18 00:00:00.0000000,,0,0,1
40,730776,0.998341798,110173.0206,0,998341798,0,110173,206,87,2019-09-25 00:00:00.0000000,2018-10-03 00:00:00.0000000,82,2020-09-25 00:00:00.0000000,2019-10-07 00:00:00.0000000,,0,0,1
40,599153,0.091192382,6.178063377,0,91192382,1,6,178063377,2,2018-11-07 00:00:00.0000000,2018-11-06 00:00:00.0000000,1,2020-01-17 00:00:00.0000000,2020-01-17 00:00:00.0000000,,0,0,1
40,653880,0.993314928,4524.346343,0,993314928,0,4524,346343,10,2019-09-17 00:00:00.0000000,2018-11-15 00:00:00.0000000,4,2020-02-12 00:00:00.0000000,2019-12-11 00:00:00.0000000,,0,0,1
40,675013,0.965228397,676.8890345,0,965228397,0,676,8890345,9,2019-08-01 00:00:00.0000000,2018-12-17 00:00:00.0000000,1,2019-10-01 00:00:00.0000000,2019-10-01 00:00:00.0000000,,0,0,1
40,699729,0.646964417,0,0,646964417,0,0,1,2018-12-24 00:00:00.0000000,2018-12-24 00:00:00.0000000,1,2020-02-05 00:00:00.0000000,2020-02-05 00:00:00.0000000,NULL,0,,0,1
40,426240,0.99484074,18397.0079,0,99484074,0,18397,79,49,2019-09-17 00:00:00.0000000,2018-10-03 00:00:00.0000000,15,2020-09-04 00:00:00.0000000,2019-10-14 00:00:00.0000000,,0,0,1
40,713610,0.974419385,6247.264058,0,974419385,0,6247,264058,2,2019-09-30 00:00:00.0000000,2018-10-16 00:00:00.0000000,1,2019-12-05 00:00:00.0000000,2019-12-05 00:00:00.0000000,,0,0,1
40,521797,0.901212946,0,0,901212946,0,0,1,2019-09-20 00:00:00.0000000,2019-09-20 00:00:00.0000000,5,2020-09-23 00:00:00.0000000,2019-11-06 00:00:00.0000000,NULL,0,,0,1
40,668369,0.973980469,8298.891611,0,973980469,0,8298,891611,16,2019-08-13 00:00:00.0000000,2018-10-15 00:00:00.0000000,33,2020-09-28 00:00:00.0000000,2019-10-10 00:00:00.0000000,,0,0,1
40,655223,0.992336531,9346.344566,0,992336531,0,9346,344566,10,2019-09-12 00:00:00.0000000,2018-11-05 00:00:00.0000000,16,2020-07-15 00:00:00.0000000,2019-10-08 00:00:00.0000000,,0,0,1
40,731964,0.674888679,5792.374021,0,674888679,0,5792,374021,2,2019-03-21 00:00:00.0000000,2019-02-20 00:00:00.0000000,NULL,NULL,NULL,,1,1,1
40,566420,0.8941129,4220.224362,0,8941129,0,4220,224362,7,2019-05-24 00:00:00.0000000,2018-10-09 00:00:00.0000000,3,2020-09-16 00:00:00.0000000,2020-09-02 00:00:00.0000000,,0,0,1
40,644298,0.972723217,6274.648772,0,972723217,0,6274,648772,3,2019-07-23 00:00:00.0000000,2018-10-04 00:00:00.0000000,3,2020-03-06 00:00:00.0000000,2019-10-17 00:00:00.0000000,,0,0,1
40,678796,0.037429683,73.8949957,0,37429683,1,73,8949957,10,2019-02-27 00:00:00.0000000,2018-10-10 00:00:00.0000000,4,2020-07-23 00:00:00.0000000,2019-10-30 00:00:00.0000000,,0,0,1
40,512679,0.729935109,0,0,729935109,0,0,1,2019-05-16 00:00:00.0000000,2019-05-16 00:00:00.0000000,NULL,NULL,NULL,NULL,1,,1,1
40,693768,0.626445375,0,0,626445375,0,0,1,2018-11-05 00:00:00.0000000,2018-11-05 00:00:00.0000000,NULL,NULL,NULL,NULL,1,,1,1
40,428259,0.618800025,0,0,618800025,0,0,1,2018-10-16 00:00:00.0000000,2018-10-16 00:00:00.0000000,NULL,NULL,NULL,NULL,1,,1,1
40,611593,0.985917119,2066.094697,0,985917119,0,2066,94697,5,2019-08-29 00:00:00.0000000,2018-10-04 00:00:00.0000000,3,2020-02-14 00:00:00.0000000,2019-10-10 00:00:00.0000000,,0,0,1
40,425346,0.994097091,4431.858466,0,994097091,0,4431,858466,10,2019-09-20 00:00:00.0000000,2018-10-05 00:00:00.0000000,7,2020-07-23 00:00:00.0000000,2020-01-09 00:00:00.0000000,,0,0,1
40,649714,0.834973307,398.7881245,0,834973307,0,398,7881245,2,2019-09-05 00:00:00.0000000,2019-09-02 00:00:00.0000000,3,2020-06-23 00:00:00.0000000,2019-11-28 00:00:00.0000000,,0,0,1
40,703381,0.986656719,1884.410333,0,986656719,0,1884,410333,4,2019-09-18 00:00:00.0000000,2018-10-11 00:00:00.0000000,2,2020-03-13 00:00:00.0000000,2019-11-06 00:00:00.0000000,,0,0,1
40,425698,0.893791404,276.6322228,0,893791404,0,276,6322228,4,2019-04-09 00:00:00.0000000,2018-10-05 00:00:00.0000000,NULL,NULL,NULL,,1,1,1
40,423098,0.999013488,46035.06161,0,999013488,0,46035,6161,45,2019-09-30 00:00:00.0000000,2018-10-04 00:00:00.0000000,29,2020-08-28 00:00:00.0000000,2019-10-11 00:00:00.0000000,,0,0,1
40,721054,0.485410263,1014.34084,0,485410263,1,1014,34084,2,2019-02-15 00:00:00.0000000,2019-01-29 00:00:00.0000000,NULL,NULL,NULL,,1,1,1
40,431211,0.98672662,6917.510709,0,98672662,0,6917,510709,8,2019-08-22 00:00:00.0000000,2018-10-05 00:00:00.0000000,7,2020-06-15 00:00:00.0000000,2019-10-25 00:00:00.0000000,,0,0,1
40,731770,0.912579907,1671.503982,0,912579907,0,1671,503982,2,2019-06-13 00:00:00.0000000,2019-03-27 00:00:00.0000000,2,2020-07-15 00:00:00.0000000,2020-05-22 00:00:00.0000000,,0,0,1
40,571162,0.630818813,0,0,630818813,0,0,1,2018-11-16 00:00:00.0000000,2018-11-16 00:00:00.0000000,3,2020-05-21 00:00:00.0000000,2020-02-26 00:00:00.0000000,NULL,0,,0,1
40,674979,0.945174713,504.3104796,0,945174713,0,504,3104796,4,2019-05-23 00:00:00.0000000,2018-10-08 00:00:00.0000000,NULL,NULL,NULL,,1,1,1
40,724743,0.894128774,2122.382879,0,894128774,0,2122,382879,7,2019-07-05 00:00:00.0000000,2019-02-04 00:00:00.0000000,1,2019-10-01 00:00:00.0000000,2019-10-01 00:00:00.0000000,,0,0,1
40,705672,0.987854867,52485.09912,0,987854867,0,52485,9912,17,2019-09-04 00:00:00.0000000,2018-12-17 00:00:00.0000000,15,2020-08-27 00:00:00.0000000,2019-10-10 00:00:00.0000000,,0,0,1
40,725568,0.676733447,748.4394053,0,676733447,0,748,4394053,3,2019-01-13 00:00:00.0000000,2018-10-16 00:00:00.0000000,8,2020-08-06 00:00:00.0000000,2019-10-15 00:00:00.0000000,,0,0,1
40,428784,0.991867019,82397.90749,0,991867019,0,82397,90749,38,2019-09-12 00:00:00.0000000,2018-10-15 00:00:00.0000000,31,2020-08-12 00:00:00.0000000,2019-10-23 00:00:00.0000000,,0,0,1
40,633426,0.9964285,17092.85002,0,9964285,0,17092,85002,34,2019-09-20 00:00:00.0000000,2018-11-02 00:00:00.0000000,29,2020-07-20 00:00:00.0000000,2019-10-08 00:00:00.0000000,,0,0,1
40,734098,0.151353806,155.2213932,0,151353806,1,155,2213932,2,2018-11-20 00:00:00.0000000,2018-11-16 00:00:00.0000000,NULL,NULL,NULL,,1,1,1
40,720557,0.738679811,0,0,738679811,0,0,1,2019-05-27 00:00:00.0000000,2019-05-27 00:00:00.0000000,2,2020-03-10 00:00:00.0000000,2020-01-13 00:00:00.0000000,NULL,0,,0,1
40,700342,0.985799193,1154.63281,0,985799193,0,1154,63281,5,2019-08-29 00:00:00.0000000,2018-10-11 00:00:00.0000000,NULL,NULL,NULL,,1,1,1
40,625476,0.75977353,0,0,75977353,0,0,1,2019-06-20 00:00:00.0000000,2019-06-20 00:00:00.0000000,NULL,NULL,NULL,X,1,,1,1
40,650826,0.99363438,4517.502438,0,99363438,0,4517,502438,9,2019-09-23 00:00:00.0000000,2019-01-17 00:00:00.0000000,17,2020-09-30 00:00:00.0000000,2019-10-30 00:00:00.0000000,,0,0,1
40,648505,0.157091521,925.8496459,0,157091521,1,925,8496459,5,2019-06-18 00:00:00.0000000,2019-05-21 00:00:00.0000000,NULL,NULL,NULL,,1,1,1
40,431929,0.99865174,14259.85134,0,99865174,0,14259,85134,33,2019-09-30 00:00:00.0000000,2018-10-01 00:00:00.0000000,5,2020-07-30 00:00:00.0000000,2020-01-15 00:00:00.0000000,,0,0,1
40,601027,0.502420902,329.176717,0,502420902,0,329,176717,3,2019-02-19 00:00:00.0000000,2018-12-31 00:00:00.0000000,4,2020-09-07 00:00:00.0000000,2019-10-08 00:00:00.0000000,,0,0,1
40,644159,0.993905151,22797.77415,0,993905151,0,22797,77415,34,2019-09-16 00:00:00.0000000,2018-11-29 00:00:00.0000000,82,2020-09-29 00:00:00.0000000,2019-10-10 00:00:00.0000000,,0,0,1
40,533284,0.796161079,5183.145596,0,796161079,0,5183,145596,14,2019-06-24 00:00:00.0000000,2018-10-16 00:00:00.0000000,23,2020-09-28 00:00:00.0000000,2019-10-04 00:00:00.0000000,,0,0,1
40,721348,0.629214003,0,0,629214003,0,0,1,2018-11-12 00:00:00.0000000,2018-11-12 00:00:00.0000000,2,2020-09-16 00:00:00.0000000,2019-12-16 00:00:00.0000000,NULL,0,,0,1
40,653815,0.927913146,6011.201695,0,927913146,0,6011,201695,5,2019-05-24 00:00:00.0000000,2018-10-23 00:00:00.0000000,3,2020-02-10 00:00:00.0000000,2019-12-05 00:00:00.0000000,,0,0,1
40,432378,0.98374766,9006.224061,0,98374766,0,9006,224061,14,2019-08-21 00:00:00.0000000,2018-10-19 00:00:00.0000000,9,2020-09-10 00:00:00.0000000,2019-11-18 00:00:00.0000000,,0,0,1
40,426996,0.971824165,1595.850817,0,971824165,0,1595,850817,5,2019-07-12 00:00:00.0000000,2018-10-05 00:00:00.0000000,5,2020-08-05 00:00:00.0000000,2019-10-23 00:00:00.0000000,,0,0,1
40,425289,0.999746026,8791744.072,0,999746026,0,8791744,72,174,2019-09-30 00:00:00.0000000,2018-10-01 00:00:00.0000000,96,2020-09-29 00:00:00.0000000,2019-10-02 00:00:00.0000000,,0,0,1
40,667300,0.68373774,0,0,68373774,0,0,1,2019-03-07 00:00:00.0000000,2019-03-07 00:00:00.0000000,NULL,NULL,NULL,NULL,1,,1,1
40,433876,0.988872841,4476.064137,0,988872841,0,4476,64137,10,2019-09-02 00:00:00.0000000,2018-11-30 00:00:00.0000000,21,2020-09-29 00:00:00.0000000,2019-12-12 00:00:00.0000000,,0,0,1
40,724670,0.997594476,13468.35391,0,997594476,0,13468,35391,24,2019-09-26 00:00:00.0000000,2018-10-04 00:00:00.0000000,48,2020-09-21 00:00:00.0000000,2019-10-08 00:00:00.0000000,,0,0,1
40,426450,0.99066172,5367.989949,0,99066172,0,5367,989949,5,2019-09-30 00:00:00.0000000,2018-12-03 00:00:00.0000000,9,2020-04-27 00:00:00.0000000,2019-10-10 00:00:00.0000000,,0,0,1
40,688157,0.983816063,11005.82777,0,983816063,0,11005,82777,13,2019-08-20 00:00:00.0000000,2018-10-19 00:00:00.0000000,6,2020-07-30 00:00:00.0000000,2019-12-30 00:00:00.0000000,,0,0,1
40,751958,0.879556828,0,0,879556828,0,0,1,2019-09-12 00:00:00.0000000,2019-09-12 00:00:00.0000000,2,2019-11-11 00:00:00.0000000,2019-11-06 00:00:00.0000000,NULL,0,,0,1
40,725050,0.723139504,3943.447741,0,723139504,0,3943,447741,7,2019-04-25 00:00:00.0000000,2018-10-29 00:00:00.0000000,14,2020-09-21 00:00:00.0000000,2019-11-05 00:00:00.0000000,,0,0,1
40,747554,0.703780667,0,0,703780667,0,0,1,2019-04-09 00:00:00.0000000,2019-04-09 00:00:00.0000000,NULL,NULL,NULL,NULL,1,,1,1
40,563728,0.993720707,71920.25466,0,993720707,0,71920,25466,13,2019-09-13 00:00:00.0000000,2018-10-05 00:00:00.0000000,20,2020-09-30 00:00:00.0000000,2019-10-24 00:00:00.0000000,,0,0,1
40,447619,0.708393843,0,0,708393843,0,0,1,2019-04-16 00:00:00.0000000,2019-04-16 00:00:00.0000000,NULL,NULL,NULL,NULL,1,,1,1
40,422251,0.999659884,34693.63204,0,999659884,0,34693,63204,130,2019-09-30 00:00:00.0000000,2018-10-01 00:00:00.0000000,163,2020-09-30 00:00:00.0000000,2019-10-01 00:00:00.0000000,,0,0,1
40,719077,0.994217361,7047.1818,0,994217361,0,7047,1818,12,2019-09-18 00:00:00.0000000,2018-11-13 00:00:00.0000000,10,2020-09-08 00:00:00.0000000,2019-10-07 00:00:00.0000000,,0,0,1
40,709155,0.996422543,3651.293768,0,996422543,0,3651,293768,18,2019-09-23 00:00:00.0000000,2018-10-30 00:00:00.0000000,14,2020-09-21 00:00:00.0000000,2019-10-14 00:00:00.0000000,,0,0,1
40,686235,0.708393843,0,0,708393843,0,0,1,2019-04-16 00:00:00.0000000,2019-04-16 00:00:00.0000000,NULL,NULL,NULL,NULL,1,,1,1
40,430805,0.99833579,100321.3621,0,99833579,0,100321,3621,80,2019-09-25 00:00:00.0000000,2018-10-08 00:00:00.0000000,48,2020-09-24 00:00:00.0000000,2019-10-03 00:00:00.0000000,,0,0,1
40,435319,0.999446577,35122.11343,0,999446577,0,35122,11343,80,2019-09-30 00:00:00.0000000,2018-10-05 00:00:00.0000000,120,2020-09-30 00:00:00.0000000,2019-10-03 00:00:00.0000000,,0,0,1
40,509230,0.970168454,1554.971991,0,970168454,0,1554,971991,3,2019-07-17 00:00:00.0000000,2018-10-25 00:00:00.0000000,6,2020-09-09 00:00:00.0000000,2019-10-30 00:00:00.0000000,,0,0,1
40,724852,0.627231323,0,0,627231323,0,0,1,2018-11-07 00:00:00.0000000,2018-11-07 00:00:00.0000000,NULL,NULL,NULL,NULL,1,,1,1
40,698619,0.973567699,3425.78294,0,973567699,0,3425,78294,3,2019-08-02 00:00:00.0000000,2018-11-08 00:00:00.0000000,3,2019-11-29 00:00:00.0000000,2019-11-19 00:00:00.0000000,,0,0,1
40,628078,0.998624659,150534.2696,0,998624659,0,150534,2696,66,2019-09-27 00:00:00.0000000,2019-01-04 00:00:00.0000000,91,2020-09-30 00:00:00.0000000,2019-10-01 00:00:00.0000000,,0,0,1
40,427899,0.963221997,494.9467726,0,963221997,0,494,9467726,3,2019-06-25 00:00:00.0000000,2018-10-25 00:00:00.0000000,1,2020-07-06 00:00:00.0000000,2020-07-06 00:00:00.0000000,,0,0,1
40,423306,0.993176266,793.3442767,0,993176266,0,793,3442767,8,2019-09-24 00:00:00.0000000,2019-01-23 00:00:00.0000000,10,2020-09-30 00:00:00.0000000,2020-01-09 00:00:00.0000000,,0,0,1
40,676211,0.735440131,0,0,735440131,0,0,1,2019-05-23 00:00:00.0000000,2019-05-23 00:00:00.0000000,NULL,NULL,NULL,NULL,1,,1,1
40,451160,0.831952591,8001.369757,0,831952591,0,8001,369757,18,2019-07-10 00:00:00.0000000,2018-10-01 00:00:00.0000000,34,2020-09-29 00:00:00.0000000,2019-10-16 00:00:00.0000000,,0,0,1
40,734930,0.982821342,2965.836931,0,982821342,0,2965,836931,3,2019-09-26 00:00:00.0000000,2019-04-17 00:00:00.0000000,1,2020-01-31 00:00:00.0000000,2020-01-31 00:00:00.0000000,,0,0,1
40,641092,0.611038584,421.4801429,0,611038584,0,421,4801429,4,2019-01-24 00:00:00.0000000,2018-10-03 00:00:00.0000000,NULL,NULL,NULL,,1,1,1
40,622642,0.098989358,828.3322615,0,98989358,1,828,3322615,8,2019-03-12 00:00:00.0000000,2018-11-16 00:00:00.0000000,9,2020-06-04 00:00:00.0000000,2019-10-02 00:00:00.0000000,,0,0,1
40,617105,0.97876074,13577.90271,0,97876074,0,13577,90271,18,2019-08-19 00:00:00.0000000,2018-10-09 00:00:00.0000000,2,2020-09-09 00:00:00.0000000,2020-01-20 00:00:00.0000000,,0,0,1
40,435970,0.999688682,61975.68748,0,999688682,0,61975,68748,142,2019-09-30 00:00:00.0000000,2018-10-02 00:00:00.0000000,96,2020-09-30 00:00:00.0000000,2019-10-01 00:00:00.0000000,,0,0,1
40,697834,0.994024925,3819.393425,0,994024925,0,3819,393425,12,2019-09-16 00:00:00.0000000,2018-10-16 00:00:00.0000000,11,2020-09-25 00:00:00.0000000,2019-10-14 00:00:00.0000000,,0,0,1
40,734592,0.978251549,2123.598089,0,978251549,0,2123,598089,6,2019-08-02 00:00:00.0000000,2018-10-29 00:00:00.0000000,5,2020-06-05 00:00:00.0000000,2019-10-10 00:00:00.0000000,,0,0,1
40,731732,0.873004085,572.9879963,0,873004085,0,572,9879963,4,2019-04-15 00:00:00.0000000,2018-11-07 00:00:00.0000000,5,2020-09-08 00:00:00.0000000,2019-10-02 00:00:00.0000000,,0,0,1
40,636710,0.661028848,0,0,661028848,0,0,1,2019-01-23 00:00:00.0000000,2019-01-23 00:00:00.0000000,2,2020-03-31 00:00:00.0000000,2020-01-22 00:00:00.0000000,NULL,0,,0,1
40,750511,0.925536852,994.3997064,0,925536852,0,994,3997064,2,2019-08-06 00:00:00.0000000,2019-06-21 00:00:00.0000000,NULL,NULL,NULL,,1,1,1
40,724962,0.068019935,194.4142043,0,68019935,1,194,4142043,8,2019-02-04 00:00:00.0000000,2018-10-01 00:00:00.0000000,NULL,NULL,NULL,,1,1,1
40,712678,0.995864339,5135.538273,0,995864339,0,5135,538273,12,2019-09-27 00:00:00.0000000,2018-10-04 00:00:00.0000000,4,2020-07-30 00:00:00.0000000,2019-10-08 00:00:00.0000000,,0,0,1
40,726360,0.667035837,0,0,667035837,0,0,1,2019-02-04 00:00:00.0000000,2019-02-04 00:00:00.0000000,NULL,NULL,NULL,NULL,1,,1,1
40,436562,0.998052015,15386.25625,0,998052015,0,15386,25625,39,2019-09-25 00:00:00.0000000,2018-10-10 00:00:00.0000000,25,2020-09-10 00:00:00.0000000,2019-10-22 00:00:00.0000000,,0,0,1
40,739917,0.619547605,0,0,619547605,0,0,1,2018-10-18 00:00:00.0000000,2018-10-18 00:00:00.0000000,NULL,NULL,NULL,NULL,1,,1,1
40,594800,0.999805396,1494594.404,0,999805396,0,1494594,404,227,2019-09-30 00:00:00.0000000,2018-10-02 00:00:00.0000000,198,2020-09-30 00:00:00.0000000,2019-10-01 00:00:00.0000000,,0,0,1
40,424666,0.998671053,99596.6726,0,998671053,0,99596,6726,112,2019-09-26 00:00:00.0000000,2018-10-02 00:00:00.0000000,113,2020-09-29 00:00:00.0000000,2019-10-01 00:00:00.0000000,,0,0,1
40,658198,0.679250433,0,0,679250433,0,0,1,2019-02-27 00:00:00.0000000,2019-02-27 00:00:00.0000000,3,2020-02-04 00:00:00.0000000,2019-11-22 00:00:00.0000000,NULL,0,,0,1
40,620642,0.990675794,3279.597997,0,990675794,0,3279,597997,6,2019-09-18 00:00:00.0000000,2018-10-18 00:00:00.0000000,34,2020-09-07 00:00:00.0000000,2019-10-23 00:00:00.0000000,,0,0,1
40,663172,0.998029003,276764.8609,0,998029003,0,276764,8609,32,2019-09-26 00:00:00.0000000,2018-10-08 00:00:00.0000000,22,2020-09-29 00:00:00.0000000,2019-10-04 00:00:00.0000000,,0,0,1
40,424534,0.997251716,32825.34476,0,997251716,0,32825,34476,19,2019-09-27 00:00:00.0000000,2018-10-09 00:00:00.0000000,19,2020-07-21 00:00:00.0000000,2019-10-02 00:00:00.0000000,,0,0,1
40,670126,0.832451097,314.3014471,0,832451097,0,314,3014471,2,2019-02-26 00:00:00.0000000,2018-12-14 00:00:00.0000000,3,2020-02-03 00:00:00.0000000,2020-01-16 00:00:00.0000000,,0,0,1
40,724780,0.773968584,654.652115,0,773968584,0,654,652115,6,2019-04-29 00:00:00.0000000,2018-11-19 00:00:00.0000000,NULL,NULL,NULL,,1,1,1
40,608757,0.367345426,649.7499108,0,367345426,1,649,7499108,2,2019-01-09 00:00:00.0000000,2018-12-27 00:00:00.0000000,1,2020-07-13 00:00:00.0000000,2020-07-13 00:00:00.0000000,,0,0,1
40,662367,0.996206267,4300.284343,0,996206267,0,4300,284343,16,2019-09-23 00:00:00.0000000,2018-10-08 00:00:00.0000000,3,2019-12-23 00:00:00.0000000,2019-10-30 00:00:00.0000000,,0,0,1
40,710140,0.991567908,814.1265738,0,991567908,0,814,1265738,7,2019-09-16 00:00:00.0000000,2018-10-01 00:00:00.0000000,7,2020-09-21 00:00:00.0000000,2019-11-14 00:00:00.0000000,,0,0,1
40,636132,0.968557926,126114.1993,0,968557926,0,126114,1993,70,2019-09-10 00:00:00.0000000,2018-10-08 00:00:00.0000000,36,2020-09-24 00:00:00.0000000,2019-10-02 00:00:00.0000000,,0,0,1
40,433475,0.900340357,62.87280099,0,900340357,0,62,87280099,2,2019-02-25 00:00:00.0000000,2018-10-11 00:00:00.0000000,NULL,NULL,NULL,,1,1,1
40,429855,0.913462188,814.3292991,0,913462188,0,814,3292991,3,2019-04-12 00:00:00.0000000,2018-10-26 00:00:00.0000000,NULL,NULL,NULL,,1,1,1
40,429764,0.855080417,2601.60467,0,855080417,0,2601,60467,6,2019-05-06 00:00:00.0000000,2018-10-26 00:00:00.0000000,1,2019-12-03 00:00:00.0000000,2019-12-03 00:00:00.0000000,,0,0,1
40,676443,0.668060235,0,0,668060235,0,0,1,2019-02-06 00:00:00.0000000,2019-02-06 00:00:00.0000000,NULL,NULL,NULL,NULL,1,,1,1
40,429888,0.999814401,6251253.714,0,999814401,0,6251253,714,238,2019-09-30 00:00:00.0000000,2018-10-01 00:00:00.0000000,199,2020-09-30 00:00:00.0000000,2019-10-01 00:00:00.0000000,,0,0,1
40,686473,0.626837845,0,0,626837845,0,0,1,2018-11-06 00:00:00.0000000,2018-11-06 00:00:00.0000000,5,2020-09-29 00:00:00.0000000,2019-10-30 00:00:00.0000000,NULL,0,,0,1
40,734008,0.762800901,995.2051282,0,762800901,0,995,2051282,5,2019-03-28 00:00:00.0000000,2018-10-24 00:00:00.0000000,NULL,NULL,NULL,,1,1,1
40,436452,0.994969309,13019.37979,0,994969309,0,13019,37979,15,2019-09-19 00:00:00.0000000,2018-11-27 00:00:00.0000000,17,2020-09-28 00:00:00.0000000,2019-11-19 00:00:00.0000000,,0,0,1
40,564203,0.999688682,64294.42812,0,999688682,0,64294,42812,142,2019-09-30 00:00:00.0000000,2018-10-02 00:00:00.0000000,157,2020-09-30 00:00:00.0000000,2019-10-01 00:00:00.0000000,,0,0,1
40,692172,0.369183247,7522.631337,0,369183247,1,7522,631337,29,2019-07-12 00:00:00.0000000,2018-10-04 00:00:00.0000000,4,2020-09-29 00:00:00.0000000,2020-06-25 00:00:00.0000000,,0,0,1
40,572069,0.917162,3956.918108,0,917162,0,3956,918108,13,2019-07-09 00:00:00.0000000,2018-10-08 00:00:00.0000000,9,2020-07-09 00:00:00.0000000,2019-10-17 00:00:00.0000000,,0,0,1
40,428362,0.997781065,6721.198899,0,997781065,0,6721,198899,30,2019-09-25 00:00:00.0000000,2018-10-02 00:00:00.0000000,61,2020-09-30 00:00:00.0000000,2019-10-15 00:00:00.0000000,,0,0,1
40,430482,0.99886415,116442.0112,0,99886415,0,116442,112,71,2019-09-27 00:00:00.0000000,2018-10-17 00:00:00.0000000,77,2020-09-30 00:00:00.0000000,2019-10-02 00:00:00.0000000,,0,0,1
40,714639,0.145576382,15607.29708,0,145576382,1,15607,29708,7,2019-06-25 00:00:00.0000000,2019-05-09 00:00:00.0000000,NULL,NULL,NULL,,1,1,1
40,422884,0.997581308,13845.25485,0,997581308,0,13845,25485,41,2019-09-23 00:00:00.0000000,2018-10-15 00:00:00.0000000,35,2020-09-21 00:00:00.0000000,2019-10-01 00:00:00.0000000,,0,0,1
40,430222,0.998697778,27163.05819,0,998697778,0,27163,5819,93,2019-09-26 00:00:00.0000000,2018-10-02 00:00:00.0000000,118,2020-09-29 00:00:00.0000000,2019-10-02 00:00:00.0000000,,0,0,1
40,559350,0.987370167,3519.133132,0,987370167,0,3519,133132,4,2019-09-26 00:00:00.0000000,2019-02-27 00:00:00.0000000,2,2020-09-30 00:00:00.0000000,2019-11-07 00:00:00.0000000,,0,0,1
40,717700,0.167037792,593.9928498,0,167037792,1,593,9928498,2,2019-02-07 00:00:00.0000000,2019-02-05 00:00:00.0000000,NULL,NULL,NULL,,1,1,1
40,432461,0.999812826,2404586.965,0,999812826,0,2404586,965,236,2019-09-30 00:00:00.0000000,2018-10-02 00:00:00.0000000,202,2020-09-30 00:00:00.0000000,2019-10-01 00:00:00.0000000,,0,0,1
40,580790,0.111168928,5.757091436,0,111168928,1,5,757091436,2,2018-12-21 00:00:00.0000000,2018-12-20 00:00:00.0000000,1,2020-05-19 00:00:00.0000000,2020-05-19 00:00:00.0000000,,0,0,1
40,713985,0.886837402,2751.161685,0,886837402,0,2751,161685,3,2019-03-20 00:00:00.0000000,2018-10-19 00:00:00.0000000,19,2020-09-30 00:00:00.0000000,2019-10-23 00:00:00.0000000,,0,0,1
40,632020,0.993989168,1936.972556,0,993989168,0,1936,972556,9,2019-09-23 00:00:00.0000000,2018-10-23 00:00:00.0000000,3,2019-10-24 00:00:00.0000000,2019-10-08 00:00:00.0000000,,0,0,1
40,428307,0.992835824,190683.1965,0,992835824,0,190683,1965,10,2019-09-19 00:00:00.0000000,2019-02-14 00:00:00.0000000,3,2020-03-11 00:00:00.0000000,2019-10-10 00:00:00.0000000,,0,0,1
40,727824,0.997510746,2455.246884,0,997510746,0,2455,246884,18,2019-09-30 00:00:00.0000000,2018-10-25 00:00:00.0000000,22,2020-09-14 00:00:00.0000000,2019-10-07 00:00:00.0000000,,0,0,1
40,741525,0.999524167,1090855.694,0,999524167,0,1090855,694,93,2019-09-30 00:00:00.0000000,2018-10-01 00:00:00.0000000,61,2020-02-27 00:00:00.0000000,2019-10-15 00:00:00.0000000,,0,0,1
40,636706,0.877151529,0,0,877151529,0,0,1,2019-09-11 00:00:00.0000000,2019-09-11 00:00:00.0000000,NULL,NULL,NULL,NULL,1,,1,1
40,712762,0.993947022,5489.631788,0,993947022,0,5489,631788,10,2019-09-19 00:00:00.0000000,2018-10-03 00:00:00.0000000,27,2020-07-31 00:00:00.0000000,2019-10-04 00:00:00.0000000,,0,0,1
40,704535,0.091971727,68.92754764,0,91971727,1,68,92754764,2,2018-11-09 00:00:00.0000000,2018-11-08 00:00:00.0000000,5,2020-09-21 00:00:00.0000000,2019-12-09 00:00:00.0000000,,0,0,1
40,732468,0.728398846,0,0,728398846,0,0,1,2019-05-14 00:00:00.0000000,2019-05-14 00:00:00.0000000,NULL,NULL,NULL,NULL,1,,1,1
40,429633,0.780024264,3409.941529,0,780024264,0,3409,941529,9,2019-06-11 00:00:00.0000000,2018-12-14 00:00:00.0000000,10,2020-07-07 00:00:00.0000000,2020-01-22 00:00:00.0000000,,0,0,1
40,607908,0.998172678,26913.678,0,998172678,0,26913,678,45,2019-09-25 00:00:00.0000000,2018-10-08 00:00:00.0000000,11,2020-06-29 00:00:00.0000000,2019-10-07 00:00:00.0000000,,0,0,1
40,425940,0.995820313,15290.34208,0,995820313,0,15290,34208,22,2019-09-18 00:00:00.0000000,2018-10-08 00:00:00.0000000,20,2020-09-23 00:00:00.0000000,2019-10-01 00:00:00.0000000,,0,0,1
40,430819,0.975584102,22655.75119,0,975584102,0,22655,75119,59,2019-09-09 00:00:00.0000000,2018-10-10 00:00:00.0000000,60,2020-09-30 00:00:00.0000000,2019-11-18 00:00:00.0000000,,0,0,1
40,721072,0.757894676,0,0,757894676,0,0,1,2019-06-18 00:00:00.0000000,2019-06-18 00:00:00.0000000,1,2020-08-28 00:00:00.0000000,2020-08-28 00:00:00.0000000,NULL,0,,0,1
40,526060,0.685087287,3397.584375,0,685087287,0,3397,584375,8,2019-06-07 00:00:00.0000000,2019-01-18 00:00:00.0000000,3,2020-05-13 00:00:00.0000000,2019-10-16 00:00:00.0000000,,0,0,1
40,734005,0.67596911,0,0,67596911,0,0,1,2019-02-21 00:00:00.0000000,2019-02-21 00:00:00.0000000,NULL,NULL,NULL,NULL,1,,1,1
40,576475,0.992652769,6353.490492,0,992652769,0,6353,490492,7,2019-09-24 00:00:00.0000000,2018-10-23 00:00:00.0000000,4,2020-06-24 00:00:00.0000000,2019-11-06 00:00:00.0000000,,0,0,1
40,435340,0.776702423,350.2170768,0,776702423,0,350,2170768,4,2019-03-29 00:00:00.0000000,2018-11-27 00:00:00.0000000,5,2020-06-11 00:00:00.0000000,2019-11-12 00:00:00.0000000,,0,0,1
40,733336,0.995077148,48670.43439,0,995077148,0,48670,43439,11,2019-09-24 00:00:00.0000000,2018-10-17 00:00:00.0000000,1,2020-02-04 00:00:00.0000000,2020-02-04 00:00:00.0000000,,0,0,1
40,431469,0.782283643,2266.415218,0,782283643,0,2266,415218,9,2019-05-21 00:00:00.0000000,2018-10-18 00:00:00.0000000,8,2020-09-22 00:00:00.0000000,2019-12-23 00:00:00.0000000,,0,0,1
40,720350,0.990578559,3225.809867,0,990578559,0,3225,809867,6,2019-09-17 00:00:00.0000000,2018-10-08 00:00:00.0000000,2,2020-04-22 00:00:00.0000000,2020-02-05 00:00:00.0000000,,0,0,1
40,747966,0.972925216,465.3575171,0,972925216,0,465,3575171,2,2019-09-25 00:00:00.0000000,2019-05-23 00:00:00.0000000,14,2020-09-30 00:00:00.0000000,2020-01-29 00:00:00.0000000,,0,0,1
40,431952,0.999766212,747557.9419,0,999766212,0,747557,9419,189,2019-09-30 00:00:00.0000000,2018-10-01 00:00:00.0000000,110,2020-09-30 00:00:00.0000000,2019-10-01 00:00:00.0000000,,0,0,1
40,705418,0.714539235,0,0,714539235,0,0,1,2019-04-25 00:00:00.0000000,2019-04-25 00:00:00.0000000,2,2020-07-06 00:00:00.0000000,2019-11-04 00:00:00.0000000,NULL,0,,0,1
40,430473,0.999813617,2868975.194,0,999813617,0,2868975,194,237,2019-09-30 00:00:00.0000000,2018-10-02 00:00:00.0000000,205,2020-09-30 00:00:00.0000000,2019-10-01 00:00:00.0000000,,0,0,1
40,743182,0.7338464,0,0,7338464,0,0,1,2019-05-21 00:00:00.0000000,2019-05-21 00:00:00.0000000,NULL,NULL,NULL,NULL,1,,1,1
40,612302,0.999711104,46061.98682,0,999711104,0,46061,98682,153,2019-09-30 00:00:00.0000000,2018-10-02 00:00:00.0000000,82,2020-09-24 00:00:00.0000000,2019-10-03 00:00:00.0000000,,0,0,1
40,731199,0.977665739,10809.54087,0,977665739,0,10809,54087,4,2019-09-18 00:00:00.0000000,2019-07-26 00:00:00.0000000,11,2020-06-09 00:00:00.0000000,2019-10-10 00:00:00.0000000,,0,0,1
40,644086,0.91858114,1809.076888,0,91858114,0,1809,76888,2,2019-07-03 00:00:00.0000000,2019-04-25 00:00:00.0000000,2,2020-03-23 00:00:00.0000000,2019-12-23 00:00:00.0000000,,0,0,1
40,588158,0.993907603,7788.336161,0,993907603,0,7788,336161,11,2019-09-17 00:00:00.0000000,2018-10-17 00:00:00.0000000,13,2020-09-29 00:00:00.0000000,2019-10-29 00:00:00.0000000,,0,0,1
40,428632,0.863934593,15961.87298,0,863934593,0,15961,87298,2,2019-06-20 00:00:00.0000000,2019-05-10 00:00:00.0000000,NULL,NULL,NULL,,1,1,1
40,606242,0.990229624,4412.612921,0,990229624,0,4412,612921,7,2019-09-13 00:00:00.0000000,2018-12-24 00:00:00.0000000,4,2020-06-29 00:00:00.0000000,2020-01-17 00:00:00.0000000,,0,0,1
40,710374,0.199094631,624.6912972,0,199094631,1,624,6912972,2,2018-12-04 00:00:00.0000000,2018-11-28 00:00:00.0000000,NULL,NULL,NULL,,1,1,1
40,581308,0.641247908,0,0,641247908,0,0,1,2018-12-11 00:00:00.0000000,2018-12-11 00:00:00.0000000,NULL,NULL,NULL,NULL,1,,1,1
40,646328,0.999821171,2.07E+07,0,999821171,0,20700000,247,2019-09-30 00:00:00.0000000,2018-10-01 00:00:00.0000000,239,2020-09-30 00:00:00.0000000,2019-10-01 00:00:00.0000000,NULL,0,,0,1
40,681253,0.995387299,55811.94964,0,995387299,0,55811,94964,17,2019-09-18 00:00:00.0000000,2018-10-11 00:00:00.0000000,8,2020-05-05 00:00:00.0000000,2019-10-25 00:00:00.0000000,,0,0,1
40,557002,0.999758536,1813253.973,0,999758536,0,1813253,973,183,2019-09-30 00:00:00.0000000,2018-10-02 00:00:00.0000000,206,2020-09-30 00:00:00.0000000,2019-10-04 00:00:00.0000000,,0,0,1
40,434506,0.614027865,0,0,614027865,0,0,1,2018-10-03 00:00:00.0000000,2018-10-03 00:00:00.0000000,1,2019-12-17 00:00:00.0000000,2019-12-17 00:00:00.0000000,NULL,0,,0,1
40,432938,0.682154546,606.6081253,0,682154546,0,606,6081253,3,2019-02-15 00:00:00.0000000,2018-11-29 00:00:00.0000000,NULL,NULL,NULL,,1,1,1
40,427176,0.998036182,24402.99543,0,998036182,0,24402,99543,67,2019-09-24 00:00:00.0000000,2018-10-02 00:00:00.0000000,65,2020-09-30 00:00:00.0000000,2019-10-01 00:00:00.0000000,,0,0,1
40,654482,0.905077955,7058.068489,0,905077955,0,7058,68489,15,2019-07-17 00:00:00.0000000,2018-10-25 00:00:00.0000000,20,2020-09-24 00:00:00.0000000,2019-10-09 00:00:00.0000000,,0,0,1
40,720515,0.940195724,3501.886368,0,940195724,0,3501,886368,5,2019-07-19 00:00:00.0000000,2019-03-07 00:00:00.0000000,2,2020-09-18 00:00:00.0000000,2019-11-08 00:00:00.0000000,,0,0,1
40,693244,0.993172723,8030.012122,0,993172723,0,8030,12122,9,2019-09-19 00:00:00.0000000,2018-11-23 00:00:00.0000000,7,2020-09-29 00:00:00.0000000,2019-11-29 00:00:00.0000000,,0,0,1
40,672261,0.333905295,62101.31538,0,333905295,1,62101,31538,57,2019-08-13 00:00:00.0000000,2018-10-01 00:00:00.0000000,43,2020-09-22 00:00:00.0000000,2019-10-08 00:00:00.0000000,,0,0,1
40,670198,0.785609151,0,0,785609151,0,0,1,2019-07-15 00:00:00.0000000,2019-07-15 00:00:00.0000000,1,2020-07-22 00:00:00.0000000,2020-07-22 00:00:00.0000000,NULL,0,,0,1
40,625544,0.99973215,101254.2278,0,99973215,0,101254,2278,165,2019-09-30 00:00:00.0000000,2018-10-01 00:00:00.0000000,170,2020-09-30 00:00:00.0000000,2019-10-01 00:00:00.0000000,,0,0,1
40,428778,0.991905035,10863.07498,0,991905035,0,10863,7498,21,2019-09-09 00:00:00.0000000,2018-11-08 00:00:00.0000000,11,2020-09-11 00:00:00.0000000,2019-10-22 00:00:00.0000000,,0,0,1
40,672947,0.760722173,0,0,760722173,0,0,1,2019-06-21 00:00:00.0000000,2019-06-21 00:00:00.0000000,1,2019-11-21 00:00:00.0000000,2019-11-21 00:00:00.0000000,NULL,0,,0,1
40,432805,0.998599931,65630.3974,0,998599931,0,65630,3974,65,2019-09-26 00:00:00.0000000,2018-10-11 00:00:00.0000000,62,2020-09-30 00:00:00.0000000,2019-10-14 00:00:00.0000000,,0,0,1
40,422899,0.973426981,3019.716792,0,973426981,0,3019,716792,4,2019-07-23 00:00:00.0000000,2018-11-06 00:00:00.0000000,6,2020-07-23 00:00:00.0000000,2019-10-01 00:00:00.0000000,,0,0,1
40,689682,0.61438971,0,0,61438971,0,0,1,2018-10-04 00:00:00.0000000,2018-10-04 00:00:00.0000000,NULL,NULL,NULL,NULL,1,,1,1
40,749595,0.850594586,4168.270637,0,850594586,0,4168,270637,2,2019-08-29 00:00:00.0000000,2019-08-22 00:00:00.0000000,6,2020-09-22 00:00:00.0000000,2019-11-25 00:00:00.0000000,,0,0,1
40,691774,0.997195861,7167.202522,0,997195861,0,7167,202522,24,2019-09-24 00:00:00.0000000,2018-10-25 00:00:00.0000000,29,2020-09-21 00:00:00.0000000,2019-10-21 00:00:00.0000000,,0,0,1
40,700227,0.997194144,14950.6542,0,997194144,0,14950,6542,16,2019-09-30 00:00:00.0000000,2018-10-19 00:00:00.0000000,3,2019-11-05 00:00:00.0000000,2019-10-04 00:00:00.0000000,,0,0,1
40,558775,0.999809595,1731726.747,0,999809595,0,1731726,747,232,2019-09-30 00:00:00.0000000,2018-10-02 00:00:00.0000000,199,2020-09-30 00:00:00.0000000,2019-10-01 00:00:00.0000000,,0,0,1
40,692647,0.999348517,61695.11978,0,999348517,0,61695,11978,68,2019-09-30 00:00:00.0000000,2018-10-18 00:00:00.0000000,66,2020-09-29 00:00:00.0000000,2019-10-04 00:00:00.0000000,,0,0,1
40,703330,0.998808469,26857.82302,0,998808469,0,26857,82302,61,2019-09-27 00:00:00.0000000,2018-10-03 00:00:00.0000000,72,2020-09-24 00:00:00.0000000,2019-10-14 00:00:00.0000000,,0,0,1
40,713113,0.99980877,3764880.25,0,99980877,0,3764880,25,231,2019-09-30 00:00:00.0000000,2018-10-01 00:00:00.0000000,203,2020-09-30 00:00:00.0000000,2019-10-01 00:00:00.0000000,,0,0,1
40,434274,0.98938543,4470.281162,0,98938543,0,4470,281162,6,2019-09-10 00:00:00.0000000,2018-10-17 00:00:00.0000000,1,2020-03-06 00:00:00.0000000,2020-03-06 00:00:00.0000000,,0,0,1
40,725491,0.990479471,3321.842747,0,990479471,0,3321,842747,13,2019-09-03 00:00:00.0000000,2018-10-24 00:00:00.0000000,20,2020-09-23 00:00:00.0000000,2019-10-02 00:00:00.0000000,,0,0,1
40,493345,0.996489366,2207.767748,0,996489366,0,2207,767748,19,2019-09-23 00:00:00.0000000,2018-11-12 00:00:00.0000000,22,2020-09-07 00:00:00.0000000,2019-11-13 00:00:00.0000000,,0,0,1
40,724669,0.980105814,4577.453079,0,980105814,0,4577,453079,5,2019-08-21 00:00:00.0000000,2019-01-21 00:00:00.0000000,5,2020-09-30 00:00:00.0000000,2019-11-05 00:00:00.0000000,,0,0,1
40,733812,0.015822707,30.73743174,0,15822707,1,30,73743174,4,2018-10-29 00:00:00.0000000,2018-10-02 00:00:00.0000000,NULL,NULL,NULL,,1,1,1
40,465225,0.996973834,28826.6057,0,996973834,0,28826,6057,24,2019-09-23 00:00:00.0000000,2018-10-30 00:00:00.0000000,14,2020-09-21 00:00:00.0000000,2019-10-30 00:00:00.0000000,,0,0,1
40,434133,0.876674546,3443.922088,0,876674546,0,3443,922088,11,2019-07-01 00:00:00.0000000,2018-11-20 00:00:00.0000000,10,2020-09-30 00:00:00.0000000,2019-10-14 00:00:00.0000000,,0,0,1
40,654405,0.993717132,5914.95401,0,993717132,0,5914,95401,11,2019-09-16 00:00:00.0000000,2018-10-17 00:00:00.0000000,12,2020-05-11 00:00:00.0000000,2019-10-07 00:00:00.0000000,,0,0,1
40,625275,0.997031844,124813.2967,0,997031844,0,124813,2967,24,2019-09-23 00:00:00.0000000,2018-10-16 00:00:00.0000000,26,2020-09-21 00:00:00.0000000,2019-10-14 00:00:00.0000000,,0,0,1
40,657493,0.686031679,0,0,686031679,0,0,1,2019-03-11 00:00:00.0000000,2019-03-11 00:00:00.0000000,1,2020-02-13 00:00:00.0000000,2020-02-13 00:00:00.0000000,NULL,0,,0,1
40,596926,0.668575007,0,0,668575007,0,0,1,2019-02-07 00:00:00.0000000,2019-02-07 00:00:00.0000000,NULL,NULL,NULL,NULL,1,,1,1
40,672907,0.999348517,78383.93194,0,999348517,0,78383,93194,68,2019-09-30 00:00:00.0000000,2018-10-04 00:00:00.0000000,150,2020-09-30 00:00:00.0000000,2019-10-03 00:00:00.0000000,,0,0,1
40,710108,0.908023906,4088.03707,0,908023906,0,4088,3707,2,2019-04-23 00:00:00.0000000,2019-01-03 00:00:00.0000000,NULL,NULL,NULL,,1,1,1
40,431113,0.997413655,95517.56385,0,997413655,0,95517,56385,82,2019-09-23 00:00:00.0000000,2018-10-04 00:00:00.0000000,76,2020-09-21 00:00:00.0000000,2019-10-02 00:00:00.0000000,,0,0,1
40,577301,0.998484421,26604.94595,0,998484421,0,26604,94595,42,2019-09-27 00:00:00.0000000,2018-10-24 00:00:00.0000000,29,2020-09-03 00:00:00.0000000,2019-10-04 00:00:00.0000000,,0,0,1
40,429682,0.671700406,0,0,671700406,0,0,1,2019-02-13 00:00:00.0000000,2019-02-13 00:00:00.0000000,3,2020-09-17 00:00:00.0000000,2019-11-26 00:00:00.0000000,NULL,0,,0,1
40,740397,0.674890751,0,0,674890751,0,0,1,2019-02-19 00:00:00.0000000,2019-02-19 00:00:00.0000000,NULL,NULL,NULL,NULL,1,,1,1
40,583239,0.184619046,74.33518782,0,184619046,1,74,33518782,4,2018-12-17 00:00:00.0000000,2018-10-17 00:00:00.0000000,NULL,NULL,NULL,,1,1,1
40,698759,0.993451916,1054.481922,0,993451916,0,1054,481922,9,2019-09-20 00:00:00.0000000,2018-11-06 00:00:00.0000000,13,2020-09-23 00:00:00.0000000,2019-11-06 00:00:00.0000000,,0,0,1
40,428683,0.672227546,0,0,672227546,0,0,1,2019-02-14 00:00:00.0000000,2019-02-14 00:00:00.0000000,NULL,NULL,NULL,NULL,1,,1,1
40,732496,0.630014309,0,0,630014309,0,0,1,2018-11-14 00:00:00.0000000,2018-11-14 00:00:00.0000000,NULL,NULL,NULL,NULL,1,,1,1
40,712677,0.160402357,64.53224994,0,160402357,1,64,53224994,2,2019-02-28 00:00:00.0000000,2019-02-27 00:00:00.0000000,1,2019-10-16 00:00:00.0000000,2019-10-16 00:00:00.0000000,,0,0,1
40,661184,0.874898949,831.1398456,0,874898949,0,831,1398456,2,2019-03-21 00:00:00.0000000,2018-12-19 00:00:00.0000000,NULL,NULL,NULL,,1,1,1
40,433942,0.996481494,13419.07154,0,996481494,0,13419,7154,15,2019-09-26 00:00:00.0000000,2018-10-08 00:00:00.0000000,12,2020-09-17 00:00:00.0000000,2019-10-02 00:00:00.0000000,,0,0,1
40,637178,0.996400514,112512.8165,0,996400514,0,112512,8165,52,2019-09-20 00:00:00.0000000,2018-10-09 00:00:00.0000000,37,2020-09-22 00:00:00.0000000,2019-10-10 00:00:00.0000000,,0,0,1
40,423870,0.997599069,18126.81908,0,997599069,0,18126,81908,38,2019-09-23 00:00:00.0000000,2018-10-03 00:00:00.0000000,19,2020-09-11 00:00:00.0000000,2019-10-03 00:00:00.0000000,,0,0,1
40,689702,0.679804213,0,0,679804213,0,0,1,2019-02-28 00:00:00.0000000,2019-02-28 00:00:00.0000000,NULL,NULL,NULL,NULL,1,,1,1
40,668770,0.777888699,0,0,777888699,0,0,1,2019-07-08 00:00:00.0000000,2019-07-08 00:00:00.0000000,NULL,NULL,NULL,NULL,1,,1,1
40,583246,0.954266112,1367.306111,0,954266112,0,1367,306111,3,2019-05-28 00:00:00.0000000,2018-10-05 00:00:00.0000000,2,2020-07-27 00:00:00.0000000,2019-12-05 00:00:00.0000000,,0,0,1
40,718665,0.987096805,2254.111344,0,987096805,0,2254,111344,5,2019-09-05 00:00:00.0000000,2018-10-10 00:00:00.0000000,2,2020-07-09 00:00:00.0000000,2019-10-30 00:00:00.0000000,,0,0,1
40,739657,0.869755197,770.3500564,0,869755197,0,770,3500564,3,2019-03-26 00:00:00.0000000,2018-11-15 00:00:00.0000000,NULL,NULL,NULL,,1,1,1
40,681922,0.955189539,955.6507572,0,955189539,0,955,6507572,7,2019-07-02 00:00:00.0000000,2018-10-23 00:00:00.0000000,6,2020-08-31 00:00:00.0000000,2020-01-15 00:00:00.0000000,,0,0,1
40,616560,0.747103607,0,0,747103607,0,0,1,2019-06-06 00:00:00.0000000,2019-06-06 00:00:00.0000000,NULL,NULL,NULL,NULL,1,,1,1
40,597736,0.970888229,2898.78411,0,970888229,0,2898,78411,6,2019-07-16 00:00:00.0000000,2018-10-19 00:00:00.0000000,NULL,NULL,NULL,,1,1,1
40,433755,0.997764618,10803.15484,0,997764618,0,10803,15484,35,2019-09-24 00:00:00.0000000,2018-10-02 00:00:00.0000000,18,2020-09-28 00:00:00.0000000,2019-10-11 00:00:00.0000000,,0,0,1
40,751836,0.958778171,101839.3707,0,958778171,0,101839,3707,2,2019-09-12 00:00:00.0000000,2019-08-01 00:00:00.0000000,1,2019-10-28 00:00:00.0000000,2019-10-28 00:00:00.0000000,,0,0,1
40,579509,0.773659798,0,0,773659798,0,0,1,2019-07-04 00:00:00.0000000,2019-07-04 00:00:00.0000000,NULL,NULL,NULL,NULL,1,,1,1
40,628039,0.999806251,2021508.804,0,999806251,0,2021508,804,228,2019-09-30 00:00:00.0000000,2018-10-01 00:00:00.0000000,204,2020-09-30 00:00:00.0000000,2019-10-01 00:00:00.0000000,,0,0,1
40,421768,0.999020972,150684.0114,0,999020972,0,150684,114,119,2019-09-27 00:00:00.0000000,2018-10-03 00:00:00.0000000,125,2020-09-30 00:00:00.0000000,2019-10-01 00:00:00.0000000,,0,0,1
40,700121,0.99837541,62712.48682,0,99837541,0,62712,48682,73,2019-09-25 00:00:00.0000000,2018-10-01 00:00:00.0000000,98,2020-09-29 00:00:00.0000000,2019-10-02 00:00:00.0000000,,0,0,1
40,624133,0.546537535,944.8523238,0,546537535,0,944,8523238,2,2018-12-24 00:00:00.0000000,2018-11-26 00:00:00.0000000,13,2020-09-17 00:00:00.0000000,2020-04-24 00:00:00.0000000,,0,0,1
40,724679,0.971007264,366.9916218,0,971007264,0,366,9916218,2,2019-09-09 00:00:00.0000000,2019-01-14 00:00:00.0000000,2,2020-02-12 00:00:00.0000000,2019-10-22 00:00:00.0000000,,0,0,1
40,719371,0.618427601,0,0,618427601,0,0,1,2018-10-15 00:00:00.0000000,2018-10-15 00:00:00.0000000,NULL,NULL,NULL,NULL,1,,1,1
40,426856,0.999026017,104114.5738,0,999026017,0,104114,5738,128,2019-09-27 00:00:00.0000000,2018-10-01 00:00:00.0000000,115,2020-09-30 00:00:00.0000000,2019-10-01 00:00:00.0000000,,0,0,1
40,678143,0.988108464,138127.3574,0,988108464,0,138127,3574,13,2019-08-27 00:00:00.0000000,2018-10-10 00:00:00.0000000,13,2020-09-21 00:00:00.0000000,2019-10-08 00:00:00.0000000,,0,0,1
40,682726,0.991939248,10455.55793,0,991939248,0,10455,55793,6,2019-09-27 00:00:00.0000000,2018-10-01 00:00:00.0000000,1,2019-12-31 00:00:00.0000000,2019-12-31 00:00:00.0000000,,0,0,1
40,527840,0.910157706,7514.319843,0,910157706,0,7514,319843,12,2019-07-10 00:00:00.0000000,2018-11-07 00:00:00.0000000,18,2020-09-30 00:00:00.0000000,2019-10-17 00:00:00.0000000,,0,0,1
40,670590,0.992686733,5764.839969,0,992686733,0,5764,839969,16,2019-09-10 00:00:00.0000000,2018-11-07 00:00:00.0000000,23,2020-09-22 00:00:00.0000000,2019-10-01 00:00:00.0000000,,0,0,1
40,677937,0.996562026,8498.567524,0,996562026,0,8498,567524,19,2019-09-23 00:00:00.0000000,2018-10-25 00:00:00.0000000,12,2020-09-11 00:00:00.0000000,2020-01-20 00:00:00.0000000,,0,0,1
40,424354,0.997620609,140933.6169,0,997620609,0,140933,6169,39,2019-09-23 00:00:00.0000000,2018-10-02 00:00:00.0000000,35,2020-09-28 00:00:00.0000000,2019-10-08 00:00:00.0000000,,0,0,1
40,644276,0.99204917,557.6205865,0,99204917,0,557,6205865,6,2019-09-28 00:00:00.0000000,2018-10-16 00:00:00.0000000,12,2020-07-09 00:00:00.0000000,2019-10-28 00:00:00.0000000,,0,0,1
40,704159,0.644299585,0,0,644299585,0,0,1,2018-12-18 00:00:00.0000000,2018-12-18 00:00:00.0000000,1,2020-04-22 00:00:00.0000000,2020-04-22 00:00:00.0000000,NULL,0,,0,1
40,425250,0.940076609,657.2539383,0,940076609,0,657,2539383,7,2019-06-24 00:00:00.0000000,2018-11-05 00:00:00.0000000,NULL,NULL,NULL,,1,1,1
40,670200,0.997949454,24584.30112,0,997949454,0,24584,30112,27,2019-09-27 00:00:00.0000000,2018-10-03 00:00:00.0000000,15,2020-09-21 00:00:00.0000000,2019-10-03 00:00:00.0000000,,0,0,1
40,570613,0.634905843,0,0,634905843,0,0,1,2018-11-26 00:00:00.0000000,2018-11-26 00:00:00.0000000,NULL,NULL,NULL,X,1,,1,1
40,726863,0.989672544,4849.575658,0,989672544,0,4849,575658,5,2019-09-26 00:00:00.0000000,2019-04-08 00:00:00.0000000,4,2020-09-17 00:00:00.0000000,2020-02-21 00:00:00.0000000,,0,0,1
40,436171,0.986458725,138757.2974,0,986458725,0,138757,2974,8,2019-08-27 00:00:00.0000000,2018-11-28 00:00:00.0000000,18,2020-09-24 00:00:00.0000000,2019-10-09 00:00:00.0000000,,0,0,1
40,571607,0.99055526,8300.56909,0,99055526,0,8300,56909,14,2019-09-04 00:00:00.0000000,2018-11-02 00:00:00.0000000,20,2020-09-28 00:00:00.0000000,2019-10-11 00:00:00.0000000,,0,0,1
40,424672,0.992878858,5629.662674,0,992878858,0,5629,662674,14,2019-09-10 00:00:00.0000000,2018-10-22 00:00:00.0000000,12,2020-09-24 00:00:00.0000000,2019-12-10 00:00:00.0000000,,0,0,1
40,571961,0.950532529,2041.318168,0,950532529,0,2041,318168,9,2019-07-11 00:00:00.0000000,2018-10-31 00:00:00.0000000,5,2020-06-03 00:00:00.0000000,2019-11-19 00:00:00.0000000,,0,0,1
40,506675,0.99980877,1827411.209,0,99980877,0,1827411,209,231,2019-09-30 00:00:00.0000000,2018-10-02 00:00:00.0000000,203,2020-09-30 00:00:00.0000000,2019-10-01 00:00:00.0000000,,0,0,1
40,705488,0.99522351,524.2936385,0,99522351,0,524,2936385,12,2019-09-23 00:00:00.0000000,2018-10-30 00:00:00.0000000,20,2020-09-25 00:00:00.0000000,2019-10-02 00:00:00.0000000,,0,0,1
40,432647,0.995995409,4832.468061,0,995995409,0,4832,468061,35,2019-09-18 00:00:00.0000000,2018-10-05 00:00:00.0000000,43,2020-08-24 00:00:00.0000000,2019-10-04 00:00:00.0000000,,0,0,1
40,662099,0.977303208,158.3766792,0,977303208,0,158,3766792,3,2019-08-29 00:00:00.0000000,2019-01-25 00:00:00.0000000,4,2020-07-09 00:00:00.0000000,2019-10-28 00:00:00.0000000,,0,0,1
40,616290,0.977410449,1469.807922,0,977410449,0,1469,807922,4,2019-08-01 00:00:00.0000000,2018-10-15 00:00:00.0000000,1,2019-11-28 00:00:00.0000000,2019-11-28 00:00:00.0000000,,0,0,1
40,734590,0.999806251,1161945.425,0,999806251,0,1161945,425,228,2019-09-30 00:00:00.0000000,2018-10-02 00:00:00.0000000,195,2020-09-30 00:00:00.0000000,2019-10-01 00:00:00.0000000,,0,0,1
40,725451,0.990340432,17440.01007,0,990340432,0,17440,1007,19,2019-09-04 00:00:00.0000000,2018-10-18 00:00:00.0000000,8,2020-08-28 00:00:00.0000000,2019-10-03 00:00:00.0000000,,0,0,1
40,436280,0.997700272,1401422.09,0,997700272,0,1401422,9,101,2019-09-24 00:00:00.0000000,2018-10-05 00:00:00.0000000,109,2020-09-30 00:00:00.0000000,2019-10-07 00:00:00.0000000,,0,0,1
40,746003,0.664504331,0,0,664504331,0,0,1,2019-01-30 00:00:00.0000000,2019-01-30 00:00:00.0000000,NULL,NULL,NULL,NULL,1,,1,1
40,717660,0.996365867,42670.77987,0,996365867,0,42670,77987,29,2019-09-19 00:00:00.0000000,2018-10-02 00:00:00.0000000,39,2020-09-30 00:00:00.0000000,2019-10-24 00:00:00.0000000,,0,0,1
40,658195,0.621053813,0,0,621053813,0,0,1,2018-10-22 00:00:00.0000000,2018-10-22 00:00:00.0000000,NULL,NULL,NULL,NULL,1,,1,1
40,599198,0.99055601,148419.0822,0,99055601,0,148419,822,119,2019-09-20 00:00:00.0000000,2018-10-01 00:00:00.0000000,NULL,NULL,NULL,,1,1,1
40,646895,0.997194144,4111.186259,0,997194144,0,4111,186259,16,2019-09-30 00:00:00.0000000,2018-10-23 00:00:00.0000000,7,2020-02-26 00:00:00.0000000,2019-11-06 00:00:00.0000000,,0,0,1
40,503255,0.990723616,4563.477336,0,990723616,0,4563,477336,14,2019-09-02 00:00:00.0000000,2018-10-01 00:00:00.0000000,15,2020-09-22 00:00:00.0000000,2019-10-08 00:00:00.0000000,,0,0,1
40,429976,0.998326078,13979.79568,0,998326078,0,13979,79568,42,2019-09-26 00:00:00.0000000,2018-10-08 00:00:00.0000000,36,2020-09-30 00:00:00.0000000,2019-10-08 00:00:00.0000000,,0,0,1
40,745600,0.993883332,6571.195383,0,993883332,0,6571,195383,8,2019-09-28 00:00:00.0000000,2019-02-28 00:00:00.0000000,13,2020-09-30 00:00:00.0000000,2019-10-31 00:00:00.0000000,,0,0,1
40,705605,0.786439251,116290.9138,0,786439251,0,116290,9138,4,2019-04-24 00:00:00.0000000,2019-01-07 00:00:00.0000000,3,2020-06-30 00:00:00.0000000,2019-12-26 00:00:00.0000000,,0,0,1
40,737348,0.62449796,0,0,62449796,0,0,1,2018-10-31 00:00:00.0000000,2018-10-31 00:00:00.0000000,NULL,NULL,NULL,NULL,1,,1,1
40,428019,0.95232597,1915.985347,0,95232597,0,1915,985347,8,2019-07-04 00:00:00.0000000,2018-10-18 00:00:00.0000000,13,2020-07-22 00:00:00.0000000,2019-10-11 00:00:00.0000000,,0,0,1
40,653008,0.857894799,6880.962374,0,857894799,0,6880,962374,19,2019-07-17 00:00:00.0000000,2018-10-05 00:00:00.0000000,11,2020-09-24 00:00:00.0000000,2019-10-04 00:00:00.0000000,,0,0,1
40,655645,0.997621216,18918.78151,0,997621216,0,18918,78151,61,2019-09-23 00:00:00.0000000,2018-10-11 00:00:00.0000000,44,2020-09-25 00:00:00.0000000,2019-10-01 00:00:00.0000000,,0,0,1
40,429426,0.995981067,10567.46249,0,995981067,0,10567,46249,18,2019-09-20 00:00:00.0000000,2018-10-01 00:00:00.0000000,17,2020-08-07 00:00:00.0000000,2019-10-30 00:00:00.0000000,,0,0,1
40,434290,0.731850379,3657.677934,0,731850379,0,3657,677934,9,2019-05-14 00:00:00.0000000,2018-10-18 00:00:00.0000000,NULL,NULL,NULL,,1,1,1
40,641628,0.956506294,12755.81745,0,956506294,0,12755,81745,4,2019-06-26 00:00:00.0000000,2018-12-03 00:00:00.0000000,1,2019-11-28 00:00:00.0000000,2019-11-28 00:00:00.0000000,,0,0,1
40,612301,0.986704226,657.018011,0,986704226,0,657,18011,4,2019-09-19 00:00:00.0000000,2018-10-31 00:00:00.0000000,5,2020-09-25 00:00:00.0000000,2020-06-08 00:00:00.0000000,,0,0,1
40,643655,0.62019631,272.9614617,0,62019631,0,272,9614617,4,2019-01-30 00:00:00.0000000,2018-10-08 00:00:00.0000000,2,2020-07-23 00:00:00.0000000,2020-01-23 00:00:00.0000000,,0,0,1
40,750785,0.971057403,2899.245318,0,971057403,0,2899,245318,6,2019-09-11 00:00:00.0000000,2019-07-10 00:00:00.0000000,3,2020-05-28 00:00:00.0000000,2019-10-02 00:00:00.0000000,,0,0,1
40,430072,0.992389375,3586.216532,0,992389375,0,3586,216532,9,2019-09-16 00:00:00.0000000,2018-12-12 00:00:00.0000000,4,2020-01-22 00:00:00.0000000,2019-10-02 00:00:00.0000000,,0,0,1
40,607787,0.806447399,121.0640529,0,806447399,0,121,640529,2,2019-02-25 00:00:00.0000000,2018-12-24 00:00:00.0000000,NULL,NULL,NULL,,1,1,1
40,734166,0.627625813,0,0,627625813,0,0,1,2018-11-08 00:00:00.0000000,2018-11-08 00:00:00.0000000,NULL,NULL,NULL,NULL,1,,1,1
40,423294,0.933774285,6485.717668,0,933774285,0,6485,717668,11,2019-07-10 00:00:00.0000000,2018-10-24 00:00:00.0000000,20,2020-09-16 00:00:00.0000000,2019-10-01 00:00:00.0000000,,0,0,1
40,428775,0.740326584,0,0,740326584,0,0,1,2019-05-29 00:00:00.0000000,2019-05-29 00:00:00.0000000,NULL,NULL,NULL,NULL,1,,1,1
40,727093,0.998464495,22619.6447,0,998464495,0,22619,6447,40,2019-09-27 00:00:00.0000000,2018-10-04 00:00:00.0000000,44,2020-09-24 00:00:00.0000000,2019-10-16 00:00:00.0000000,,0,0,1
40,676155,0.913253058,679.1972175,0,913253058,0,679,1972175,4,2019-05-10 00:00:00.0000000,2018-11-16 00:00:00.0000000,1,2020-09-28 00:00:00.0000000,2020-09-28 00:00:00.0000000,,0,0,1
40,435487,0.998539544,61170.83408,0,998539544,0,61170,83408,43,2019-09-27 00:00:00.0000000,2018-10-02 00:00:00.0000000,56,2020-09-17 00:00:00.0000000,2019-10-02 00:00:00.0000000,,0,0,1
40,533869,0.910149567,1815.222331,0,910149567,0,1815,222331,2,2019-08-23 00:00:00.0000000,2019-08-01 00:00:00.0000000,NULL,NULL,NULL,,1,1,1
40,621519,0.503788866,1086.271927,0,503788866,0,1086,271927,7,2019-04-12 00:00:00.0000000,2018-11-20 00:00:00.0000000,1,2019-12-16 00:00:00.0000000,2019-12-16 00:00:00.0000000,,0,0,1
40,715131,0.753948375,1522.250389,0,753948375,0,1522,250389,5,2019-03-29 00:00:00.0000000,2018-10-29 00:00:00.0000000,NULL,NULL,NULL,,1,1,1
40,748131,0.727636593,0,0,727636593,0,0,1,2019-05-13 00:00:00.0000000,2019-05-13 00:00:00.0000000,NULL,NULL,NULL,NULL,1,,1,1
40,666337,0.9881542,1353.524389,0,9881542,0,1353,524389,7,2019-08-29 00:00:00.0000000,2018-10-03 00:00:00.0000000,19,2020-09-14 00:00:00.0000000,2019-10-07 00:00:00.0000000,,0,0,1
40,667989,0.991554304,11238.19134,0,991554304,0,11238,19134,18,2019-09-06 00:00:00.0000000,2018-10-16 00:00:00.0000000,4,2020-07-02 00:00:00.0000000,2019-10-01 00:00:00.0000000,,0,0,1
40,713481,0.992955247,1355.053771,0,992955247,0,1355,53771,7,2019-09-26 00:00:00.0000000,2018-10-03 00:00:00.0000000,NULL,NULL,NULL,,1,1,1
40,636898,0.770568767,0,0,770568767,0,0,1,2019-07-01 00:00:00.0000000,2019-07-01 00:00:00.0000000,1,2020-07-23 00:00:00.0000000,2020-07-23 00:00:00.0000000,NULL,0,,0,1
40,719437,0.997940795,84552.05138,0,997940795,0,84552,5138,27,2019-09-27 00:00:00.0000000,2018-10-10 00:00:00.0000000,24,2020-09-30 00:00:00.0000000,2019-10-23 00:00:00.0000000,,0,0,1
40,422895,0.972755715,5001.365974,0,972755715,0,5001,365974,6,2019-07-19 00:00:00.0000000,2018-10-17 00:00:00.0000000,8,2020-09-18 00:00:00.0000000,2019-10-16 00:00:00.0000000,,0,0,1
40,647503,0.560379805,16343.68135,0,560379805,0,16343,68135,23,2019-07-09 00:00:00.0000000,2018-10-16 00:00:00.0000000,12,2020-09-09 00:00:00.0000000,2020-01-09 00:00:00.0000000,,0,0,1
40,426920,0.455586024,4311.698748,0,455586024,1,4311,698748,9,2019-04-22 00:00:00.0000000,2018-10-30 00:00:00.0000000,NULL,NULL,NULL,,1,1,1
40,741332,0.57481824,152.3404425,0,57481824,0,152,3404425,5,2019-03-21 00:00:00.0000000,2018-11-27 00:00:00.0000000,2,2020-05-07 00:00:00.0000000,2019-12-18 00:00:00.0000000,,0,0,1
40,422972,0.999628371,93462.93665,0,999628371,0,93462,93665,119,2019-09-30 00:00:00.0000000,2018-10-02 00:00:00.0000000,110,2020-09-30 00:00:00.0000000,2019-10-07 00:00:00.0000000,,0,0,1
40,433352,0.997062344,16032.74612,0,997062344,0,16032,74612,20,2019-09-25 00:00:00.0000000,2018-10-11 00:00:00.0000000,34,2020-09-28 00:00:00.0000000,2019-10-02 00:00:00.0000000,,0,0,1
40,430214,0.998671636,356125.1786,0,998671636,0,356125,1786,77,2019-09-26 00:00:00.0000000,2018-10-04 00:00:00.0000000,29,2020-09-30 00:00:00.0000000,2019-10-03 00:00:00.0000000,,0,0,1
40,608145,0.995443748,10254.44618,0,995443748,0,10254,44618,11,2019-09-27 00:00:00.0000000,2018-11-30 00:00:00.0000000,48,2020-09-30 00:00:00.0000000,2019-10-08 00:00:00.0000000,,0,0,1
40,719127,0.317176292,1478.793236,0,317176292,1,1478,793236,4,2019-07-18 00:00:00.0000000,2019-07-02 00:00:00.0000000,7,2020-08-03 00:00:00.0000000,2019-12-02 00:00:00.0000000,,0,0,1
40,737507,0.965114632,1042.090095,0,965114632,0,1042,90095,6,2019-07-03 00:00:00.0000000,2018-10-03 00:00:00.0000000,7,2020-09-28 00:00:00.0000000,2019-10-28 00:00:00.0000000,,0,0,1
40,428975,0.998131249,47509.19019,0,998131249,0,47509,19019,44,2019-09-25 00:00:00.0000000,2018-10-16 00:00:00.0000000,61,2020-09-29 00:00:00.0000000,2019-10-02 00:00:00.0000000,,0,0,1
40,563323,0.996764234,9708.533242,0,996764234,0,9708,533242,17,2019-09-26 00:00:00.0000000,2018-11-15 00:00:00.0000000,14,2020-08-26 00:00:00.0000000,2019-10-17 00:00:00.0000000,,0,0,1
40,644179,0.999750338,108718.6362,0,999750338,0,108718,6362,177,2019-09-30 00:00:00.0000000,2018-10-01 00:00:00.0000000,178,2020-09-30 00:00:00.0000000,2019-10-01 00:00:00.0000000,,0,0,1
40,427506,0.995351701,1686.063707,0,995351701,0,1686,63707,11,2019-09-26 00:00:00.0000000,2018-10-25 00:00:00.0000000,14,2020-04-21 00:00:00.0000000,2019-10-02 00:00:00.0000000,,0,0,1
40,423156,0.996642456,13228.46217,0,996642456,0,13228,46217,38,2019-09-20 00:00:00.0000000,2018-10-11 00:00:00.0000000,34,2020-09-29 00:00:00.0000000,2019-10-24 00:00:00.0000000,,0,0,1
40,730147,0.046868148,385.5576975,0,46868148,1,385,5576975,5,2018-12-26 00:00:00.0000000,2018-10-30 00:00:00.0000000,3,2020-08-21 00:00:00.0000000,2020-06-05 00:00:00.0000000,,0,0,1
40,680501,0.995735801,10323.81712,0,995735801,0,10323,81712,12,2019-09-26 00:00:00.0000000,2018-10-01 00:00:00.0000000,18,2020-07-15 00:00:00.0000000,2020-01-08 00:00:00.0000000,,0,0,1
40,583191,0.995966482,10123.64467,0,995966482,0,10123,64467,25,2019-09-18 00:00:00.0000000,2018-10-05 00:00:00.0000000,27,2020-09-29 00:00:00.0000000,2019-10-03 00:00:00.0000000,,0,0,1
40,677132,0.957503326,15985.25805,0,957503326,0,15985,25805,9,2019-07-19 00:00:00.0000000,2018-11-14 00:00:00.0000000,1,2020-06-30 00:00:00.0000000,2020-06-30 00:00:00.0000000,,0,0,1
40,702381,0.986879683,2692.853723,0,986879683,0,2692,853723,4,2019-09-24 00:00:00.0000000,2019-03-11 00:00:00.0000000,5,2020-07-06 00:00:00.0000000,2019-11-28 00:00:00.0000000,,0,0,1
40,676579,0.998115811,16919.29533,0,998115811,0,16919,29533,41,2019-09-25 00:00:00.0000000,2018-10-03 00:00:00.0000000,31,2020-08-25 00:00:00.0000000,2019-10-08 00:00:00.0000000,,0,0,1
40,718563,0.956019987,17186.685,0,956019987,0,17186,685,40,2019-08-28 00:00:00.0000000,2018-10-04 00:00:00.0000000,48,2020-09-23 00:00:00.0000000,2019-10-17 00:00:00.0000000,,0,0,1
40,724404,0.917901707,0,0,917901707,0,0,1,2019-09-25 00:00:00.0000000,2019-09-25 00:00:00.0000000,NULL,NULL,NULL,NULL,1,,1,1
40,642689,0.998939968,337992.8814,0,998939968,0,337992,8814,80,2019-09-27 00:00:00.0000000,2018-10-03 00:00:00.0000000,79,2020-09-29 00:00:00.0000000,2019-10-03 00:00:00.0000000,,0,0,1
40,676659,0.657630209,0,0,657630209,0,0,1,2019-01-16 00:00:00.0000000,2019-01-16 00:00:00.0000000,NULL,NULL,NULL,NULL,1,,1,1
40,572220,0.763606039,0,0,763606039,0,0,1,2019-06-24 00:00:00.0000000,2019-06-24 00:00:00.0000000,NULL,NULL,NULL,NULL,1,,1,1
40,424174,0.99783676,33680.13713,0,99783676,0,33680,13713,28,2019-09-26 00:00:00.0000000,2018-10-11 00:00:00.0000000,57,2020-09-23 00:00:00.0000000,2019-10-02 00:00:00.0000000,,0,0,1
40,607239,0.408636676,2625.066003,0,408636676,1,2625,66003,2,2019-03-28 00:00:00.0000000,2019-03-19 00:00:00.0000000,4,2020-03-05 00:00:00.0000000,2019-10-01 00:00:00.0000000,,0,0,1
40,495633,0.999357997,36589.66238,0,999357997,0,36589,66238,69,2019-09-30 00:00:00.0000000,2018-10-10 00:00:00.0000000,56,2020-09-17 00:00:00.0000000,2019-10-01 00:00:00.0000000,,0,0,1
40,428722,0.995128294,23394.21424,0,995128294,0,23394,21424,34,2019-09-16 00:00:00.0000000,2018-10-08 00:00:00.0000000,42,2020-09-30 00:00:00.0000000,2019-10-04 00:00:00.0000000,,0,0,1
40,734452,0.995462989,7436.426726,0,995462989,0,7436,426726,10,2019-09-30 00:00:00.0000000,2018-10-08 00:00:00.0000000,8,2020-09-21 00:00:00.0000000,2019-10-01 00:00:00.0000000,,0,0,1
40,429291,0.780231711,753.3997258,0,780231711,0,753,3997258,2,2019-05-30 00:00:00.0000000,2019-05-02 00:00:00.0000000,NULL,NULL,NULL,,1,1,1
40,466099,0.99601175,4176.775049,0,99601175,0,4176,775049,27,2019-09-18 00:00:00.0000000,2018-10-05 00:00:00.0000000,20,2020-09-30 00:00:00.0000000,2019-10-24 00:00:00.0000000,,0,0,1
40,698110,0.997707697,52892.40467,0,997707697,0,52892,40467,33,2019-09-24 00:00:00.0000000,2018-10-01 00:00:00.0000000,28,2020-09-28 00:00:00.0000000,2019-10-10 00:00:00.0000000,,0,0,1
40,623551,0.964172869,4901.78851,0,964172869,0,4901,78851,16,2019-08-05 00:00:00.0000000,2018-10-05 00:00:00.0000000,1,2019-10-01 00:00:00.0000000,2019-10-01 00:00:00.0000000,,0,0,1
40,726312,0.99527165,3301.677184,0,99527165,0,3301,677184,12,2019-09-23 00:00:00.0000000,2018-10-15 00:00:00.0000000,NULL,NULL,NULL,,1,1,1
40,546188,0.993982107,12141.91507,0,993982107,0,12141,91507,11,2019-09-19 00:00:00.0000000,2018-12-01 00:00:00.0000000,27,2020-09-22 00:00:00.0000000,2019-10-28 00:00:00.0000000,,0,0,1
40,693909,0.978969717,1043.810307,0,978969717,0,1043,810307,3,2019-08-26 00:00:00.0000000,2018-10-17 00:00:00.0000000,3,2020-07-07 00:00:00.0000000,2019-12-10 00:00:00.0000000,,0,0,1
40,424963,0.644740527,0,0,644740527,0,0,1,2018-12-19 00:00:00.0000000,2018-12-19 00:00:00.0000000,1,2020-03-13 00:00:00.0000000,2020-03-13 00:00:00.0000000,NULL,0,,0,1
40,424676,0.997595572,26977.9163,0,997595572,0,26977,9163,43,2019-09-23 00:00:00.0000000,2018-10-16 00:00:00.0000000,45,2020-09-25 00:00:00.0000000,2019-10-30 00:00:00.0000000,,0,0,1
40,546664,0.985127047,2273.815898,0,985127047,0,2273,815898,4,2019-09-20 00:00:00.0000000,2019-04-30 00:00:00.0000000,5,2020-06-30 00:00:00.0000000,2019-10-29 00:00:00.0000000,,0,0,1
40,643072,0.61438971,0,0,61438971,0,0,1,2018-10-04 00:00:00.0000000,2018-10-04 00:00:00.0000000,NULL,NULL,NULL,NULL,1,,1,1
40,723605,0.308803321,1216.985744,0,308803321,1,1216,985744,15,2019-05-28 00:00:00.0000000,2018-10-29 00:00:00.0000000,13,2020-07-08 00:00:00.0000000,2019-11-05 00:00:00.0000000,,0,0,1
40,579142,0.946464873,2466.973818,0,946464873,0,2466,973818,6,2019-07-06 00:00:00.0000000,2018-12-24 00:00:00.0000000,4,2020-07-29 00:00:00.0000000,2020-01-20 00:00:00.0000000,,0,0,1
40,592428,0.945228185,1621.607091,0,945228185,0,1621,607091,4,2019-05-27 00:00:00.0000000,2018-10-19 00:00:00.0000000,5,2020-09-25 00:00:00.0000000,2019-10-15 00:00:00.0000000,,0,0,1
40,421889,0.986316577,60337.76729,0,986316577,0,60337,76729,9,2019-08-21 00:00:00.0000000,2018-10-10 00:00:00.0000000,15,2020-09-30 00:00:00.0000000,2019-11-05 00:00:00.0000000,,0,0,1
40,593372,0.694342808,0,0,694342808,0,0,1,2019-03-25 00:00:00.0000000,2019-03-25 00:00:00.0000000,1,2020-07-22 00:00:00.0000000,2020-07-22 00:00:00.0000000,NULL,0,,0,1
40,608718,0.990816404,24922.74667,0,990816404,0,24922,74667,22,2019-09-06 00:00:00.0000000,2018-10-18 00:00:00.0000000,28,2020-09-28 00:00:00.0000000,2019-10-01 00:00:00.0000000,,0,0,1
40,563243,0.948329048,2532.003169,0,948329048,0,2532,3169,5,2019-06-05 00:00:00.0000000,2018-10-05 00:00:00.0000000,9,2020-09-01 00:00:00.0000000,2019-10-01 00:00:00.0000000,,0,0,1
40,429097,0.632440587,0,0,632440587,0,0,1,2018-11-20 00:00:00.0000000,2018-11-20 00:00:00.0000000,1,2020-03-05 00:00:00.0000000,2020-03-05 00:00:00.0000000,NULL,0,,0,1
40,742601,0.959471439,6014.439423,0,959471439,0,6014,439423,15,2019-08-02 00:00:00.0000000,2018-10-16 00:00:00.0000000,2,2020-02-06 00:00:00.0000000,2019-11-15 00:00:00.0000000,,0,0,1
40,725908,0.802967166,984.2783149,0,802967166,0,984,2783149,3,2019-02-11 00:00:00.0000000,2018-10-17 00:00:00.0000000,10,2020-09-25 00:00:00.0000000,2020-03-18 00:00:00.0000000,,0,0,1
40,731695,0.664504331,0,0,664504331,0,0,1,2019-01-30 00:00:00.0000000,2019-01-30 00:00:00.0000000,NULL,NULL,NULL,NULL,1,,1,1
40,694335,0.807653878,10965.23626,0,807653878,0,10965,23626,9,2019-05-20 00:00:00.0000000,2018-10-04 00:00:00.0000000,4,2020-06-17 00:00:00.0000000,2019-10-24 00:00:00.0000000,,0,0,1
40,599371,0.60536382,718.4774721,0,60536382,0,718,4774721,11,2019-05-15 00:00:00.0000000,2018-10-09 00:00:00.0000000,2,2020-09-10 00:00:00.0000000,2020-03-16 00:00:00.0000000,,0,0,1
40,428647,0.978714139,1104.029075,0,978714139,0,1104,29075,3,2019-08-29 00:00:00.0000000,2018-11-30 00:00:00.0000000,3,2020-01-31 00:00:00.0000000,2019-10-25 00:00:00.0000000,,0,0,1
40,430596,0.994701976,5194.544049,0,994701976,0,5194,544049,16,2019-09-16 00:00:00.0000000,2018-10-23 00:00:00.0000000,23,2020-09-23 00:00:00.0000000,2019-10-22 00:00:00.0000000,,0,0,1
40,706513,0.998410709,187156.5659,0,998410709,0,187156,5659,38,2019-09-27 00:00:00.0000000,2018-10-03 00:00:00.0000000,16,2020-03-31 00:00:00.0000000,2019-10-11 00:00:00.0000000,,0,0,1
40,737118,0.980027651,879.2684162,0,980027651,0,879,2684162,3,2019-09-09 00:00:00.0000000,2019-01-17 00:00:00.0000000,5,2020-05-15 00:00:00.0000000,2019-12-13 00:00:00.0000000,,0,0,1
40,572715,0.999818224,1999898.24,0,999818224,0,1999898,24,243,2019-09-30 00:00:00.0000000,2018-10-01 00:00:00.0000000,246,2020-09-30 00:00:00.0000000,2019-10-01 00:00:00.0000000,,0,0,1
40,668276,0.996930286,10000.51082,0,996930286,0,10000,51082,17,2019-09-27 00:00:00.0000000,2018-11-12 00:00:00.0000000,22,2020-09-29 00:00:00.0000000,2019-10-08 00:00:00.0000000,,0,0,1
40,585172,0.067464076,1422.583367,0,67464076,1,1422,583367,31,2019-06-27 00:00:00.0000000,2018-10-05 00:00:00.0000000,11,2020-07-23 00:00:00.0000000,2019-11-25 00:00:00.0000000,,0,0,1
40,631703,0.998718987,1.24E+07,0,998718987,0,12400000,237,2019-09-27 00:00:00.0000000,2018-10-02 00:00:00.0000000,224,2020-09-29 00:00:00.0000000,2019-10-02 00:00:00.0000000,NULL,0,,0,1
40,731193,0.885901373,20217.7353,0,885901373,0,20217,7353,33,2019-08-13 00:00:00.0000000,2018-10-04 00:00:00.0000000,49,2020-09-28 00:00:00.0000000,2019-11-06 00:00:00.0000000,,0,0,1
40,698778,0.997851205,6815.315357,0,997851205,0,6815,315357,28,2019-09-26 00:00:00.0000000,2018-10-03 00:00:00.0000000,26,2020-09-21 00:00:00.0000000,2019-10-30 00:00:00.0000000,,0,0,1
40,674780,0.715237734,0,0,715237734,0,0,1,2019-04-26 00:00:00.0000000,2019-04-26 00:00:00.0000000,7,2020-09-09 00:00:00.0000000,2020-01-15 00:00:00.0000000,NULL,0,,0,1
40,720947,0.968287484,1282.027176,0,968287484,0,1282,27176,2,2019-09-10 00:00:00.0000000,2019-05-08 00:00:00.0000000,3,2020-09-23 00:00:00.0000000,2020-07-22 00:00:00.0000000,,0,0,1
40,740139,0.042400552,23.05420063,0,42400552,1,23,5420063,4,2019-03-06 00:00:00.0000000,2019-02-12 00:00:00.0000000,NULL,NULL,NULL,,1,1,1
40,660308,0.800299723,697.4710295,0,800299723,0,697,4710295,2,2019-02-21 00:00:00.0000000,2018-12-21 00:00:00.0000000,1,2020-04-30 00:00:00.0000000,2020-04-30 00:00:00.0000000,,0,0,1
40,425005,0.996603258,20761.89611,0,996603258,0,20761,89611,42,2019-09-20 00:00:00.0000000,2018-10-11 00:00:00.0000000,49,2020-09-14 00:00:00.0000000,2019-10-11 00:00:00.0000000,,0,0,1
40,708622,0.175152122,4013.396951,0,175152122,1,4013,396951,5,2019-06-19 00:00:00.0000000,2019-05-21 00:00:00.0000000,NULL,NULL,NULL,,1,1,1
40,692368,0.970493298,1235.721828,0,970493298,0,1235,721828,7,2019-07-18 00:00:00.0000000,2018-10-15 00:00:00.0000000,NULL,NULL,NULL,,1,1,1
40,435113,0.99335171,7860.349976,0,99335171,0,7860,349976,10,2019-09-16 00:00:00.0000000,2018-10-16 00:00:00.0000000,10,2020-08-28 00:00:00.0000000,2019-10-07 00:00:00.0000000,,0,0,1
40,527870,0.703780667,0,0,703780667,0,0,1,2019-04-09 00:00:00.0000000,2019-04-09 00:00:00.0000000,1,2019-11-12 00:00:00.0000000,2019-11-12 00:00:00.0000000,NULL,0,,0,1
40,685499,0.959092867,12211.86696,0,959092867,0,12211,86696,21,2019-08-12 00:00:00.0000000,2018-10-10 00:00:00.0000000,38,2020-09-16 00:00:00.0000000,2019-10-24 00:00:00.0000000,,0,0,1
40,735137,0.693621938,243.3928888,0,693621938,0,243,3928888,2,2019-05-08 00:00:00.0000000,2019-04-16 00:00:00.0000000,NULL,NULL,NULL,,1,1,1
40,442341,0.774705252,0,0,774705252,0,0,1,2019-07-05 00:00:00.0000000,2019-07-05 00:00:00.0000000,2,2020-07-24 00:00:00.0000000,2019-12-30 00:00:00.0000000,NULL,0,,0,1
40,639813,0.998113112,8586.574825,0,998113112,0,8586,574825,30,2019-09-27 00:00:00.0000000,2018-10-01 00:00:00.0000000,25,2020-09-28 00:00:00.0000000,2019-10-18 00:00:00.0000000,,0,0,1
40,739468,0.974604304,91259.00221,0,974604304,0,91259,221,3,2019-09-03 00:00:00.0000000,2019-04-25 00:00:00.0000000,3,2019-12-17 00:00:00.0000000,2019-12-03 00:00:00.0000000,,0,0,1
40,608716,0.983739263,3329.268619,0,983739263,0,3329,268619,4,2019-09-09 00:00:00.0000000,2019-02-05 00:00:00.0000000,NULL,NULL,NULL,,1,1,1
40,433008,0.99974748,198498.8012,0,99974748,0,198498,8012,175,2019-09-30 00:00:00.0000000,2018-10-03 00:00:00.0000000,133,2020-09-30 00:00:00.0000000,2019-10-03 00:00:00.0000000,,0,0,1
40,572501,0.982032947,16100.53911,0,982032947,0,16100,53911,9,2019-08-13 00:00:00.0000000,2018-10-26 00:00:00.0000000,4,2020-08-11 00:00:00.0000000,2020-02-27 00:00:00.0000000,,0,0,1
40,630223,0.983147948,2194.755381,0,983147948,0,2194,755381,3,2019-09-26 00:00:00.0000000,2019-01-25 00:00:00.0000000,NULL,NULL,NULL,,1,1,1
40,424587,0.998950448,113432.5604,0,998950448,0,113432,5604,86,2019-09-27 00:00:00.0000000,2018-10-10 00:00:00.0000000,113,2020-09-30 00:00:00.0000000,2019-10-03 00:00:00.0000000,,0,0,1
40,493086,0.995156188,4595.981479,0,995156188,0,4595,981479,15,2019-09-18 00:00:00.0000000,2018-10-03 00:00:00.0000000,7,2020-06-15 00:00:00.0000000,2019-11-04 00:00:00.0000000,,0,0,1
40,737046,0.864076264,396.1909083,0,864076264,0,396,1909083,2,2019-01-23 00:00:00.0000000,2018-10-05 00:00:00.0000000,1,2020-03-04 00:00:00.0000000,2020-03-04 00:00:00.0000000,,0,0,1
40,602730,0.66201385,0,0,66201385,0,0,1,2019-01-25 00:00:00.0000000,2019-01-25 00:00:00.0000000,NULL,NULL,NULL,NULL,1,,1,1
40,429962,0.211208738,1345.608062,0,211208738,1,1345,608062,3,2018-11-09 00:00:00.0000000,2018-10-02 00:00:00.0000000,NULL,NULL,NULL,,1,1,1
40,430129,0.998729394,19124.9945,0,998729394,0,19124,9945,35,2019-09-30 00:00:00.0000000,2018-10-16 00:00:00.0000000,51,2020-09-22 00:00:00.0000000,2019-10-17 00:00:00.0000000,,0,0,1
40,651424,0.651050331,0,0,651050331,0,0,1,2019-01-02 00:00:00.0000000,2019-01-02 00:00:00.0000000,2,2020-06-05 00:00:00.0000000,2020-01-24 00:00:00.0000000,NULL,0,,0,1
40,743110,0.994775519,307899.6208,0,994775519,0,307899,6208,14,2019-09-19 00:00:00.0000000,2018-11-29 00:00:00.0000000,18,2020-09-14 00:00:00.0000000,2019-10-31 00:00:00.0000000,,0,0,1
40,424494,0.77288941,337.8283289,0,77288941,0,337,8283289,4,2019-05-17 00:00:00.0000000,2019-02-19 00:00:00.0000000,19,2020-09-21 00:00:00.0000000,2019-10-31 00:00:00.0000000,,0,0,1
40,578433,0.68373774,0,0,68373774,0,0,1,2019-03-07 00:00:00.0000000,2019-03-07 00:00:00.0000000,2,2020-08-27 00:00:00.0000000,2019-12-16 00:00:00.0000000,NULL,0,,0,1
40,661783,0.898223619,0,0,898223619,0,0,1,2019-09-19 00:00:00.0000000,2019-09-19 00:00:00.0000000,NULL,NULL,NULL,NULL,1,,1,1
40,724719,0.096857442,13.00327558,0,96857442,1,13,327558,2,2018-10-10 00:00:00.0000000,2018-10-08 00:00:00.0000000,NULL,NULL,NULL,,1,1,1
40,566846,0.180178627,70.76051686,0,180178627,1,70,76051686,2,2019-03-19 00:00:00.0000000,2019-03-18 00:00:00.0000000,NULL,NULL,NULL,,1,1,1
40,699171,0.996809543,6020.838238,0,996809543,0,6020,838238,17,2019-09-26 00:00:00.0000000,2018-10-22 00:00:00.0000000,13,2020-09-25 00:00:00.0000000,2019-10-08 00:00:00.0000000,,0,0,1
40,430923,0.996236906,4976.174566,0,996236906,0,4976,174566,12,2019-09-30 00:00:00.0000000,2018-12-12 00:00:00.0000000,23,2020-09-30 00:00:00.0000000,2019-10-10 00:00:00.0000000,,0,0,1
40,471973,0.987966677,631.6564914,0,987966677,0,631,6564914,6,2019-09-03 00:00:00.0000000,2018-10-24 00:00:00.0000000,15,2020-09-30 00:00:00.0000000,2019-10-08 00:00:00.0000000,,0,0,1
40,673882,8.17E-13,3.75E-08,8,1.70E-12,1,3,7.50E-07,43,2019-03-08 00:00:00.0000000,2018-10-02 00:00:00.0000000,NULL,NULL,NULL,,1,1,1
40,668033,0.991359995,1150.778107,0,991359995,0,1150,778107,6,2019-09-23 00:00:00.0000000,2018-10-30 00:00:00.0000000,3,2020-07-20 00:00:00.0000000,2019-11-18 00:00:00.0000000,,0,0,1
40,744573,0.938125723,1149.994241,0,938125723,0,1149,994241,4,2019-08-03 00:00:00.0000000,2019-05-07 00:00:00.0000000,7,2020-09-04 00:00:00.0000000,2019-10-04 00:00:00.0000000,,0,0,1
40,632627,0.96840026,24925.5687,0,96840026,0,24925,5687,2,2019-09-12 00:00:00.0000000,2019-05-21 00:00:00.0000000,6,2020-07-30 00:00:00.0000000,2019-12-03 00:00:00.0000000,,0,0,1
40,467706,0.995579203,13742.02442,0,995579203,0,13742,2442,37,2019-09-17 00:00:00.0000000,2018-10-01 00:00:00.0000000,19,2020-09-14 00:00:00.0000000,2019-10-29 00:00:00.0000000,,0,0,1
40,747588,0.99134621,8490.58288,0,99134621,0,8490,58288,6,2019-09-26 00:00:00.0000000,2019-03-28 00:00:00.0000000,15,2020-09-28 00:00:00.0000000,2019-10-03 00:00:00.0000000,,0,0,1
40,744965,0.880836728,113201.4297,0,880836728,0,113201,4297,2,2019-08-23 00:00:00.0000000,2019-08-09 00:00:00.0000000,NULL,NULL,NULL,,1,1,1
40,430584,0.999628371,369134.0862,0,999628371,0,369134,862,119,2019-09-30 00:00:00.0000000,2018-10-05 00:00:00.0000000,114,2020-09-28 00:00:00.0000000,2019-10-01 00:00:00.0000000,,0,0,1
40,606168,0.997666828,50057.62156,0,997666828,0,50057,62156,43,2019-09-23 00:00:00.0000000,2018-10-03 00:00:00.0000000,31,2020-09-21 00:00:00.0000000,2019-10-23 00:00:00.0000000,,0,0,1
40,746936,0.678698647,0,0,678698647,0,0,1,2019-02-26 00:00:00.0000000,2019-02-26 00:00:00.0000000,NULL,NULL,NULL,NULL,1,,1,1
40,464527,0.994091802,434185.8974,0,994091802,0,434185,8974,11,2019-09-18 00:00:00.0000000,2018-10-17 00:00:00.0000000,13,2020-08-20 00:00:00.0000000,2019-10-16 00:00:00.0000000,,0,0,1
40,429453,0.993768721,9211.059185,0,993768721,0,9211,59185,17,2019-09-12 00:00:00.0000000,2018-10-17 00:00:00.0000000,9,2020-08-28 00:00:00.0000000,2019-10-11 00:00:00.0000000,,0,0,1
40,693801,0.987980076,47610.37926,0,987980076,0,47610,37926,7,2019-09-04 00:00:00.0000000,2018-12-18 00:00:00.0000000,10,2020-09-02 00:00:00.0000000,2020-01-16 00:00:00.0000000,,0,0,1
40,432643,0.999712984,70332.28291,0,999712984,0,70332,28291,154,2019-09-30 00:00:00.0000000,2018-10-01 00:00:00.0000000,171,2020-09-30 00:00:00.0000000,2019-10-01 00:00:00.0000000,,0,0,1
40,432416,0.987437643,3717.984402,0,987437643,0,3717,984402,8,2019-09-06 00:00:00.0000000,2019-02-08 00:00:00.0000000,6,2020-09-03 00:00:00.0000000,2020-01-07 00:00:00.0000000,,0,0,1
40,724408,0.767714085,1412.847737,0,767714085,0,1412,847737,3,2019-04-17 00:00:00.0000000,2019-02-04 00:00:00.0000000,NULL,NULL,NULL,,1,1,1
40,697988,0.963583243,3836.984403,0,963583243,0,3836,984403,5,2019-07-10 00:00:00.0000000,2018-11-28 00:00:00.0000000,5,2020-02-28 00:00:00.0000000,2019-10-14 00:00:00.0000000,,0,0,1
40,648943,0.865489902,1851.853163,0,865489902,0,1851,853163,1,2019-06-26 00:00:00.0000000,2019-06-26 00:00:00.0000000,184,2020-09-30 00:00:00.0000000,2019-11-07 00:00:00.0000000,,0,0,1
40,434474,0.641247908,0,0,641247908,0,0,1,2018-12-11 00:00:00.0000000,2018-12-11 00:00:00.0000000,1,2020-01-20 00:00:00.0000000,2020-01-20 00:00:00.0000000,NULL,0,,0,1
40,429823,0.98296104,3433.552408,0,98296104,0,3433,552408,10,2019-08-14 00:00:00.0000000,2018-10-11 00:00:00.0000000,8,2020-09-10 00:00:00.0000000,2019-10-21 00:00:00.0000000,,0,0,1
40,547134,0.996546307,41073.29645,0,996546307,0,41073,29645,42,2019-09-20 00:00:00.0000000,2018-10-16 00:00:00.0000000,31,2020-09-23 00:00:00.0000000,2019-10-01 00:00:00.0000000,,0,0,1
40,599719,0.756043329,58714.90562,0,756043329,0,58714,90562,8,2019-04-30 00:00:00.0000000,2018-10-01 00:00:00.0000000,2,2020-07-22 00:00:00.0000000,2019-11-22 00:00:00.0000000,,0,0,1
40,563941,0.998662929,3666967.155,0,998662929,0,3666967,155,249,2019-09-27 00:00:00.0000000,2018-10-01 00:00:00.0000000,211,2020-09-22 00:00:00.0000000,2019-10-01 00:00:00.0000000,,0,0,1
40,425027,0.990067125,1215.002771,0,990067125,0,1215,2771,5,2019-09-25 00:00:00.0000000,2018-10-03 00:00:00.0000000,14,2020-09-16 00:00:00.0000000,2019-10-18 00:00:00.0000000,,0,0,1
40,427140,0.995770612,7790.417821,0,995770612,0,7790,417821,19,2019-09-19 00:00:00.0000000,2018-10-18 00:00:00.0000000,18,2020-09-30 00:00:00.0000000,2019-10-17 00:00:00.0000000,,0,0,1
40,427590,0.540081471,2836.902521,0,540081471,0,2836,902521,3,2019-01-22 00:00:00.0000000,2018-11-21 00:00:00.0000000,2,2020-02-06 00:00:00.0000000,2020-01-29 00:00:00.0000000,,0,0,1
40,428046,0.998627003,42258.94063,0,998627003,0,42258,94063,65,2019-09-26 00:00:00.0000000,2018-10-01 00:00:00.0000000,84,2020-09-23 00:00:00.0000000,2019-10-02 00:00:00.0000000,,0,0,1
40,703091,0.995734076,25542.24309,0,995734076,0,25542,24309,17,2019-09-20 00:00:00.0000000,2018-10-23 00:00:00.0000000,33,2020-09-28 00:00:00.0000000,2019-10-08 00:00:00.0000000,,0,0,1
40,612885,0.964868725,1460.573508,0,964868725,0,1460,573508,2,2019-07-22 00:00:00.0000000,2018-10-01 00:00:00.0000000,NULL,NULL,NULL,,1,1,1
40,744292,0.919889417,2523.361227,0,919889417,0,2523,361227,2,2019-04-15 00:00:00.0000000,2018-11-27 00:00:00.0000000,NULL,NULL,NULL,,1,1,1
40,546192,0.999797352,611779.9934,0,999797352,0,611779,9934,218,2019-09-30 00:00:00.0000000,2018-10-01 00:00:00.0000000,186,2020-09-30 00:00:00.0000000,2019-10-01 00:00:00.0000000,,0,0,1
40,735610,0.974667705,16913.98037,0,974667705,0,16913,98037,10,2019-07-31 00:00:00.0000000,2018-10-05 00:00:00.0000000,3,2020-09-24 00:00:00.0000000,2019-10-21 00:00:00.0000000,,0,0,1
40,752157,0.898223619,0,0,898223619,0,0,1,2019-09-19 00:00:00.0000000,2019-09-19 00:00:00.0000000,2,2020-09-22 00:00:00.0000000,2020-07-30 00:00:00.0000000,NULL,0,,0,1
40,429380,0.869698249,3471.4956,0,869698249,0,3471,4956,9,2019-06-04 00:00:00.0000000,2018-10-10 00:00:00.0000000,17,2020-09-21 00:00:00.0000000,2019-11-12 00:00:00.0000000,,0,0,1
40,648456,0.980813594,1189.059354,0,980813594,0,1189,59354,3,2019-09-11 00:00:00.0000000,2018-12-19 00:00:00.0000000,NULL,NULL,NULL,,1,1,1
40,589738,0.942163562,6826.023938,0,942163562,0,6826,23938,2,2019-06-27 00:00:00.0000000,2019-02-22 00:00:00.0000000,4,2020-02-14 00:00:00.0000000,2020-01-13 00:00:00.0000000,,0,0,1
40,593114,0.261994706,67.74458493,0,261994706,1,67,74458493,2,2018-10-15 00:00:00.0000000,2018-10-03 00:00:00.0000000,NULL,NULL,NULL,,1,1,1
40,428249,0.936765414,5141.455944,0,936765414,0,5141,455944,14,2019-07-22 00:00:00.0000000,2018-10-23 00:00:00.0000000,25,2020-07-10 00:00:00.0000000,2019-10-09 00:00:00.0000000,,0,0,1
40,435506,0.998464659,14494.46565,0,998464659,0,14494,46565,49,2019-09-26 00:00:00.0000000,2018-10-02 00:00:00.0000000,58,2020-09-21 00:00:00.0000000,2019-10-01 00:00:00.0000000,,0,0,1
40,428745,0.998729394,11629.0534,0,998729394,0,11629,534,35,2019-09-30 00:00:00.0000000,2018-10-22 00:00:00.0000000,62,2020-09-29 00:00:00.0000000,2019-10-01 00:00:00.0000000,,0,0,1
40,655314,0.987613301,22922.90666,0,987613301,0,22922,90666,10,2019-08-27 00:00:00.0000000,2018-11-02 00:00:00.0000000,5,2020-09-11 00:00:00.0000000,2019-10-29 00:00:00.0000000,,0,0,1
40,435608,0.999812029,1.51E+07,0,999812029,0,15100000,235,2019-09-30 00:00:00.0000000,2018-10-01 00:00:00.0000000,231,2020-09-30 00:00:00.0000000,2019-10-01 00:00:00.0000000,NULL,0,,0,1
40,728545,0.621053813,0,0,621053813,0,0,1,2018-10-22 00:00:00.0000000,2018-10-22 00:00:00.0000000,NULL,NULL,NULL,NULL,1,,1,1
40,644125,0.796829842,1126.053254,0,796829842,0,1126,53254,4,2019-03-19 00:00:00.0000000,2018-11-02 00:00:00.0000000,18,2020-09-10 00:00:00.0000000,2019-10-08 00:00:00.0000000,,0,0,1
40,434218,0.974612815,2828.751538,0,974612815,0,2828,751538,7,2019-08-06 00:00:00.0000000,2018-12-19 00:00:00.0000000,1,2020-08-21 00:00:00.0000000,2020-08-21 00:00:00.0000000,,0,0,1
40,745107,0.938313948,346.1748042,0,938313948,0,346,1748042,4,2019-06-28 00:00:00.0000000,2019-02-01 00:00:00.0000000,NULL,NULL,NULL,,1,1,1
40,422452,0.995157463,10749.48723,0,995157463,0,10749,48723,36,2019-09-16 00:00:00.0000000,2018-10-01 00:00:00.0000000,11,2020-02-07 00:00:00.0000000,2019-10-01 00:00:00.0000000,,0,0,1
40,434887,0.999548512,419468.6443,0,999548512,0,419468,6443,98,2019-09-30 00:00:00.0000000,2018-10-17 00:00:00.0000000,88,2020-09-29 00:00:00.0000000,2019-10-01 00:00:00.0000000,,0,0,1
40,435709,0.903584654,191.6392852,0,903584654,0,191,6392852,2,2019-04-02 00:00:00.0000000,2018-12-05 00:00:00.0000000,NULL,NULL,NULL,,1,1,1
40,442538,0.99836897,84360.96751,0,99836897,0,84360,96751,70,2019-09-25 00:00:00.0000000,2018-10-02 00:00:00.0000000,114,2020-09-30 00:00:00.0000000,2019-10-01 00:00:00.0000000,,0,0,1
40,692335,0.997487648,39925.29122,0,997487648,0,39925,29122,75,2019-09-23 00:00:00.0000000,2018-10-08 00:00:00.0000000,75,2020-09-21 00:00:00.0000000,2019-10-01 00:00:00.0000000,,0,0,1
40,669579,0.994901793,17660.88276,0,994901793,0,17660,88276,13,2019-09-19 00:00:00.0000000,2018-10-09 00:00:00.0000000,14,2020-08-26 00:00:00.0000000,2019-10-07 00:00:00.0000000,,0,0,1
40,678896,0.688231,2333.884312,0,688231,0,2333,884312,11,2019-06-03 00:00:00.0000000,2018-11-09 00:00:00.0000000,15,2020-09-28 00:00:00.0000000,2019-10-22 00:00:00.0000000,,0,0,1
40,426166,0.934042784,5294.157457,0,934042784,0,5294,157457,9,2019-07-08 00:00:00.0000000,2018-11-23 00:00:00.0000000,14,2020-09-21 00:00:00.0000000,2020-01-13 00:00:00.0000000,,0,0,1
40,426467,0.985395769,4341.119361,0,985395769,0,4341,119361,4,2019-09-25 00:00:00.0000000,2019-07-12 00:00:00.0000000,3,2020-07-30 00:00:00.0000000,2019-10-15 00:00:00.0000000,,0,0,1
40,434026,0.988170959,3637.618825,0,988170959,0,3637,618825,6,2019-09-04 00:00:00.0000000,2018-10-24 00:00:00.0000000,2,2020-08-28 00:00:00.0000000,2020-08-21 00:00:00.0000000,,0,0,1
40,422682,0.645600215,299.1738513,0,645600215,0,299,1738513,2,2018-11-19 00:00:00.0000000,2018-10-04 00:00:00.0000000,NULL,NULL,NULL,,1,1,1
40,746618,0.745379919,0,0,745379919,0,0,1,2019-06-04 00:00:00.0000000,2019-06-04 00:00:00.0000000,3,2020-09-10 00:00:00.0000000,2020-06-04 00:00:00.0000000,NULL,0,,0,1
40,576326,0.996277253,13756.20832,0,996277253,0,13756,20832,14,2019-09-26 00:00:00.0000000,2018-10-01 00:00:00.0000000,9,2020-08-05 00:00:00.0000000,2019-10-14 00:00:00.0000000,,0,0,1
40,682928,0.993108219,20847.24963,0,993108219,0,20847,24963,27,2019-09-11 00:00:00.0000000,2018-10-10 00:00:00.0000000,16,2020-06-29 00:00:00.0000000,2019-11-20 00:00:00.0000000,,0,0,1
40,720889,0.991575278,4021.217858,0,991575278,0,4021,217858,17,2019-09-05 00:00:00.0000000,2018-10-04 00:00:00.0000000,5,2020-07-16 00:00:00.0000000,2020-02-27 00:00:00.0000000,,0,0,1
40,674455,0.686031679,0,0,686031679,0,0,1,2019-03-11 00:00:00.0000000,2019-03-11 00:00:00.0000000,NULL,NULL,NULL,NULL,1,,1,1
40,566218,0.436293521,325.7237162,0,436293521,1,325,7237162,3,2018-12-19 00:00:00.0000000,2018-10-23 00:00:00.0000000,NULL,NULL,NULL,,1,1,1
40,511088,0.413698915,762.6742349,0,413698915,1,762,6742349,7,2019-03-07 00:00:00.0000000,2018-10-01 00:00:00.0000000,3,2020-09-09 00:00:00.0000000,2020-05-28 00:00:00.0000000,,0,0,1
40,670026,0.98901238,5436.715255,0,98901238,0,5436,715255,5,2019-09-17 00:00:00.0000000,2018-10-04 00:00:00.0000000,18,2020-08-04 00:00:00.0000000,2019-11-18 00:00:00.0000000,,0,0,1
40,421943,0.9986279,17639.76953,0,9986279,0,17639,76953,48,2019-09-27 00:00:00.0000000,2018-10-09 00:00:00.0000000,43,2020-09-30 00:00:00.0000000,2019-10-07 00:00:00.0000000,,0,0,1
40,424773,0.994459768,6862.084812,0,994459768,0,6862,84812,13,2019-09-17 00:00:00.0000000,2018-10-18 00:00:00.0000000,10,2020-03-09 00:00:00.0000000,2019-10-01 00:00:00.0000000,,0,0,1
40,688984,0.612434631,1540.88624,0,612434631,0,1540,88624,3,2018-12-28 00:00:00.0000000,2018-10-08 00:00:00.0000000,4,2020-09-04 00:00:00.0000000,2019-11-13 00:00:00.0000000,,0,0,1
40,467949,0.993745072,3170.07931,0,993745072,0,3170,7931,10,2019-09-18 00:00:00.0000000,2018-10-10 00:00:00.0000000,5,2020-09-01 00:00:00.0000000,2020-06-23 00:00:00.0000000,,0,0,1
40,662266,0.979315741,557.943237,0,979315741,0,557,943237,3,2019-09-23 00:00:00.0000000,2019-07-23 00:00:00.0000000,11,2020-06-30 00:00:00.0000000,2019-10-23 00:00:00.0000000,,0,0,1
40,692035,0.999711104,824985.9229,0,999711104,0,824985,9229,153,2019-09-30 00:00:00.0000000,2018-10-02 00:00:00.0000000,154,2020-09-28 00:00:00.0000000,2019-10-02 00:00:00.0000000,,0,0,1
40,605831,0.992961737,1948.768793,0,992961737,0,1948,768793,9,2019-09-16 00:00:00.0000000,2018-10-04 00:00:00.0000000,6,2020-09-25 00:00:00.0000000,2019-12-20 00:00:00.0000000,,0,0,1
40,433439,0.989144373,3211.328424,0,989144373,0,3211,328424,5,2019-09-19 00:00:00.0000000,2018-11-05 00:00:00.0000000,4,2020-09-30 00:00:00.0000000,2020-02-12 00:00:00.0000000,,0,0,1
40,587501,0.741991888,0,0,741991888,0,0,1,2019-05-31 00:00:00.0000000,2019-05-31 00:00:00.0000000,NULL,NULL,NULL,NULL,1,,1,1
40,625784,0.995332624,25585.8974,0,995332624,0,25585,8974,50,2019-09-18 00:00:00.0000000,2018-10-08 00:00:00.0000000,49,2020-09-16 00:00:00.0000000,2019-10-16 00:00:00.0000000,,0,0,1
40,682162,0.998308266,35282.11911,0,998308266,0,35282,11911,43,2019-09-26 00:00:00.0000000,2018-10-25 00:00:00.0000000,36,2020-09-30 00:00:00.0000000,2019-10-18 00:00:00.0000000,,0,0,1
40,651960,0.999812029,2918620.99,0,999812029,0,2918620,99,235,2019-09-30 00:00:00.0000000,2018-10-01 00:00:00.0000000,199,2020-09-30 00:00:00.0000000,2019-10-01 00:00:00.0000000,,0,0,1
40,620394,0.760722173,0,0,760722173,0,0,1,2019-06-21 00:00:00.0000000,2019-06-21 00:00:00.0000000,NULL,NULL,NULL,NULL,1,,1,1
40,422982,0.999615414,137991.5861,0,999615414,0,137991,5861,115,2019-09-30 00:00:00.0000000,2018-10-01 00:00:00.0000000,140,2020-09-30 00:00:00.0000000,2019-10-03 00:00:00.0000000,,0,0,1
40,426873,0.808292355,1085.796583,0,808292355,0,1085,796583,3,2019-04-30 00:00:00.0000000,2019-02-12 00:00:00.0000000,1,2019-12-05 00:00:00.0000000,2019-12-05 00:00:00.0000000,,0,0,1
40,560462,0.938315495,5813.993782,0,938315495,0,5813,993782,7,2019-07-18 00:00:00.0000000,2019-01-29 00:00:00.0000000,6,2020-07-13 00:00:00.0000000,2020-03-03 00:00:00.0000000,,0,0,1
40,687634,0.679804213,0,0,679804213,0,0,1,2019-02-28 00:00:00.0000000,2019-02-28 00:00:00.0000000,NULL,NULL,NULL,NULL,1,,1,1
40,715969,0.741991888,0,0,741991888,0,0,1,2019-05-31 00:00:00.0000000,2019-05-31 00:00:00.0000000,1,2020-03-27 00:00:00.0000000,2020-03-27 00:00:00.0000000,NULL,0,,0,1
40,748038,0.982697054,8421.039263,0,982697054,0,8421,39263,4,2019-09-10 00:00:00.0000000,2019-03-25 00:00:00.0000000,1,2020-03-20 00:00:00.0000000,2020-03-20 00:00:00.0000000,,0,0,1
40,676574,0.997816435,33164.11852,0,997816435,0,33164,11852,94,2019-09-24 00:00:00.0000000,2018-10-03 00:00:00.0000000,18,2020-09-17 00:00:00.0000000,2019-10-03 00:00:00.0000000,,0,0,1
40,720206,0.972416767,3208.249492,0,972416767,0,3208,249492,4,2019-08-13 00:00:00.0000000,2019-02-25 00:00:00.0000000,2,2019-11-28 00:00:00.0000000,2019-11-27 00:00:00.0000000,,0,0,1
40,709320,0.996560034,23014.69763,0,996560034,0,23014,69763,38,2019-09-20 00:00:00.0000000,2018-10-19 00:00:00.0000000,38,2020-09-01 00:00:00.0000000,2019-10-16 00:00:00.0000000,,0,0,1
40,553505,0.987605289,2037.765316,0,987605289,0,2037,765316,4,2019-09-26 00:00:00.0000000,2018-11-28 00:00:00.0000000,11,2020-08-13 00:00:00.0000000,2019-10-18 00:00:00.0000000,,0,0,1
40,714005,0.991134803,9326.311804,0,991134803,0,9326,311804,13,2019-09-06 00:00:00.0000000,2018-11-09 00:00:00.0000000,3,2020-05-18 00:00:00.0000000,2019-10-01 00:00:00.0000000,,0,0,1
40,611383,0.848069765,0,0,848069765,0,0,1,2019-08-28 00:00:00.0000000,2019-08-28 00:00:00.0000000,NULL,NULL,NULL,NULL,1,,1,1
40,682133,0.996390938,73346.78268,0,996390938,0,73346,78268,33,2019-09-19 00:00:00.0000000,2018-10-03 00:00:00.0000000,93,2020-09-23 00:00:00.0000000,2019-10-01 00:00:00.0000000,,0,0,1
40,430882,0.996142279,8222.331895,0,996142279,0,8222,331895,13,2019-09-27 00:00:00.0000000,2018-10-18 00:00:00.0000000,5,2020-08-11 00:00:00.0000000,2019-10-29 00:00:00.0000000,,0,0,1
40,699032,0.998140251,17005.9717,0,998140251,0,17005,9717,38,2019-09-26 00:00:00.0000000,2018-11-15 00:00:00.0000000,23,2020-03-23 00:00:00.0000000,2019-10-03 00:00:00.0000000,,0,0,1
40,742389,0.979928389,7326.947701,0,979928389,0,7326,947701,7,2019-08-05 00:00:00.0000000,2018-10-18 00:00:00.0000000,3,2020-03-05 00:00:00.0000000,2019-10-28 00:00:00.0000000,,0,0,1
40,698703,0.127014874,41.06170658,0,127014874,1,41,6170658,3,2019-01-30 00:00:00.0000000,2019-01-11 00:00:00.0000000,NULL,NULL,NULL,,1,1,1
40,661146,0.630014309,0,0,630014309,0,0,1,2018-11-14 00:00:00.0000000,2018-11-14 00:00:00.0000000,NULL,NULL,NULL,NULL,1,,1,1
40,635004,0.863785467,8553.285062,0,863785467,0,8553,285062,42,2019-08-20 00:00:00.0000000,2018-10-10 00:00:00.0000000,100,2020-09-28 00:00:00.0000000,2019-10-22 00:00:00.0000000,,0,0,1
40,622670,0.969403538,1516.753974,0,969403538,0,1516,753974,3,2019-07-23 00:00:00.0000000,2018-12-03 00:00:00.0000000,3,2020-09-24 00:00:00.0000000,2020-05-07 00:00:00.0000000,,0,0,1
40,625919,0.905631465,6243.916521,0,905631465,0,6243,916521,4,2019-08-08 00:00:00.0000000,2019-06-12 00:00:00.0000000,5,2020-02-10 00:00:00.0000000,2019-11-13 00:00:00.0000000,,0,0,1
40,668495,0.957625049,9280.955894,0,957625049,0,9280,955894,6,2019-08-05 00:00:00.0000000,2019-03-12 00:00:00.0000000,8,2020-09-16 00:00:00.0000000,2019-10-10 00:00:00.0000000,,0,0,1
40,435228,0.997461589,20926.86942,0,997461589,0,20926,86942,35,2019-09-23 00:00:00.0000000,2018-10-19 00:00:00.0000000,41,2020-09-28 00:00:00.0000000,2019-10-11 00:00:00.0000000,,0,0,1
40,426207,0.998277898,40080.58852,0,998277898,0,40080,58852,100,2019-09-25 00:00:00.0000000,2018-10-03 00:00:00.0000000,118,2020-09-30 00:00:00.0000000,2019-10-01 00:00:00.0000000,,0,0,1
40,538698,0.99310489,2593.427897,0,99310489,0,2593,427897,9,2019-09-18 00:00:00.0000000,2018-11-05 00:00:00.0000000,4,2020-07-31 00:00:00.0000000,2020-06-02 00:00:00.0000000,,0,0,1
40,430141,0.999543845,152032.4659,0,999543845,0,152032,4659,97,2019-09-30 00:00:00.0000000,2018-10-03 00:00:00.0000000,41,2020-09-29 00:00:00.0000000,2019-10-01 00:00:00.0000000,,0,0,1
40,660115,0.939126229,0,0,939126229,0,0,1,2019-09-30 00:00:00.0000000,2019-09-30 00:00:00.0000000,5,2020-07-08 00:00:00.0000000,2019-12-24 00:00:00.0000000,NULL,0,,0,1
40,669854,0.99522351,21330.69247,0,99522351,0,21330,69247,12,2019-09-23 00:00:00.0000000,2018-10-30 00:00:00.0000000,12,2020-09-21 00:00:00.0000000,2019-10-30 00:00:00.0000000,,0,0,1
40,428182,0.966234765,983.2844454,0,966234765,0,983,2844454,3,2019-07-16 00:00:00.0000000,2018-12-12 00:00:00.0000000,2,2020-09-24 00:00:00.0000000,2020-07-07 00:00:00.0000000,,0,0,1
40,749689,0.863755586,0,0,863755586,0,0,1,2019-09-05 00:00:00.0000000,2019-09-05 00:00:00.0000000,1,2019-11-27 00:00:00.0000000,2019-11-27 00:00:00.0000000,NULL,0,,0,1
40,423448,0.998776905,4549049.799,0,998776905,0,4549049,799,58,2019-09-27 00:00:00.0000000,2018-10-03 00:00:00.0000000,64,2020-09-23 00:00:00.0000000,2019-10-02 00:00:00.0000000,,0,0,1
40,707686,0.630818813,0,0,630818813,0,0,1,2018-11-16 00:00:00.0000000,2018-11-16 00:00:00.0000000,NULL,NULL,NULL,NULL,1,,1,1
40,430223,0.637832917,0,0,637832917,0,0,1,2018-12-03 00:00:00.0000000,2018-12-03 00:00:00.0000000,NULL,NULL,NULL,NULL,1,,1,1
40,745958,0.682039561,0,0,682039561,0,0,1,2019-03-04 00:00:00.0000000,2019-03-04 00:00:00.0000000,NULL,NULL,NULL,NULL,1,,1,1
40,672472,0.994160604,21223.23918,0,994160604,0,21223,23918,22,2019-09-20 00:00:00.0000000,2019-03-12 00:00:00.0000000,11,2020-09-23 00:00:00.0000000,2019-12-23 00:00:00.0000000,,0,0,1
40,672769,0.623725872,0,0,623725872,0,0,1,2018-10-29 00:00:00.0000000,2018-10-29 00:00:00.0000000,3,2020-06-22 00:00:00.0000000,2020-06-05 00:00:00.0000000,NULL,0,,0,1
40,423130,0.84839602,16755.85853,0,84839602,0,16755,85853,3,2019-02-20 00:00:00.0000000,2018-10-05 00:00:00.0000000,NULL,NULL,NULL,,1,1,1
40,739541,0.883649205,388725.6014,0,883649205,0,388725,6014,29,2019-08-09 00:00:00.0000000,2018-10-11 00:00:00.0000000,16,2020-09-23 00:00:00.0000000,2019-11-19 00:00:00.0000000,,0,0,1
40,674459,0.990725212,19439.05008,0,990725212,0,19439,5008,32,2019-09-09 00:00:00.0000000,2018-10-13 00:00:00.0000000,34,2020-09-23 00:00:00.0000000,2019-10-14 00:00:00.0000000,,0,0,1
40,674400,0.683169585,0,0,683169585,0,0,1,2019-03-06 00:00:00.0000000,2019-03-06 00:00:00.0000000,NULL,NULL,NULL,NULL,1,,1,1
40,672352,0.489208206,880.5413551,0,489208206,1,880,5413551,4,2019-04-04 00:00:00.0000000,2019-01-29 00:00:00.0000000,1,2019-12-05 00:00:00.0000000,2019-12-05 00:00:00.0000000,,0,0,1
40,428357,0.997859116,16212.15076,0,997859116,0,16212,15076,29,2019-09-26 00:00:00.0000000,2018-10-26 00:00:00.0000000,27,2020-08-19 00:00:00.0000000,2019-10-01 00:00:00.0000000,,0,0,1
40,669911,0.987531745,7990.141295,0,987531745,0,7990,141295,4,2019-09-27 00:00:00.0000000,2019-03-13 00:00:00.0000000,1,2020-06-01 00:00:00.0000000,2020-06-01 00:00:00.0000000,,0,0,1
40,435314,0.998322417,230294.5408,0,998322417,0,230294,5408,175,2019-09-26 00:00:00.0000000,2018-10-01 00:00:00.0000000,176,2020-09-30 00:00:00.0000000,2019-10-01 00:00:00.0000000,,0,0,1
40,538703,0.996468936,66429.09719,0,996468936,0,66429,9719,33,2019-09-20 00:00:00.0000000,2018-10-29 00:00:00.0000000,1,2020-01-23 00:00:00.0000000,2020-01-23 00:00:00.0000000,,0,0,1
40,677327,0.994239713,5141.030908,0,994239713,0,5141,30908,10,2019-09-23 00:00:00.0000000,2018-12-28 00:00:00.0000000,14,2020-09-21 00:00:00.0000000,2019-10-28 00:00:00.0000000,,0,0,1
40,605025,0.999764967,1174220.394,0,999764967,0,1174220,394,189,2019-09-30 00:00:00.0000000,2018-10-23 00:00:00.0000000,216,2020-09-14 00:00:00.0000000,2019-10-01 00:00:00.0000000,,0,0,1
40,433958,0.992249643,3497.118879,0,992249643,0,3497,118879,8,2019-09-17 00:00:00.0000000,2018-11-14 00:00:00.0000000,4,2020-03-20 00:00:00.0000000,2019-10-15 00:00:00.0000000,,0,0,1
40,720555,0.997768261,16755.80637,0,997768261,0,16755,80637,31,2019-09-25 00:00:00.0000000,2018-10-23 00:00:00.0000000,33,2020-09-24 00:00:00.0000000,2019-10-01 00:00:00.0000000,,0,0,1
40,428159,0.998941838,69756.31003,0,998941838,0,69756,31003,80,2019-09-27 00:00:00.0000000,2018-10-02 00:00:00.0000000,86,2020-09-30 00:00:00.0000000,2019-10-08 00:00:00.0000000,,0,0,1
40,423416,0.958573447,5537.526654,0,958573447,0,5537,526654,17,2019-08-08 00:00:00.0000000,2018-10-30 00:00:00.0000000,13,2020-09-07 00:00:00.0000000,2019-11-18 00:00:00.0000000,,0,0,1
40,704495,0.641247908,0,0,641247908,0,0,1,2018-12-11 00:00:00.0000000,2018-12-11 00:00:00.0000000,4,2020-09-15 00:00:00.0000000,2019-10-15 00:00:00.0000000,NULL,0,,0,1
40,742608,0.635736472,0,0,635736472,0,0,1,2018-11-28 00:00:00.0000000,2018-11-28 00:00:00.0000000,NULL,NULL,NULL,NULL,1,,1,1
40,745017,0.837005814,36251.44223,0,837005814,0,36251,44223,2,2019-07-23 00:00:00.0000000,2019-07-03 00:00:00.0000000,4,2020-05-22 00:00:00.0000000,2019-12-19 00:00:00.0000000,,0,0,1
40,470684,0.872703418,1013.354808,0,872703418,0,1013,354808,6,2019-05-27 00:00:00.0000000,2018-12-03 00:00:00.0000000,4,2020-06-04 00:00:00.0000000,2019-12-18 00:00:00.0000000,,0,0,1
40,598757,0.989122317,4342.717611,0,989122317,0,4342,717611,12,2019-08-29 00:00:00.0000000,2018-10-09 00:00:00.0000000,9,2020-09-14 00:00:00.0000000,2019-10-07 00:00:00.0000000,,0,0,1
40,424732,0.998898062,54762.49297,0,998898062,0,54762,49297,72,2019-09-27 00:00:00.0000000,2018-10-02 00:00:00.0000000,85,2020-09-29 00:00:00.0000000,2019-10-01 00:00:00.0000000,,0,0,1
40,653837,0.990625797,3530.246285,0,990625797,0,3530,246285,10,2019-09-04 00:00:00.0000000,2018-10-18 00:00:00.0000000,22,2020-07-23 00:00:00.0000000,2019-10-07 00:00:00.0000000,,0,0,1
40,559728,0.997677049,44890.78773,0,997677049,0,44890,78773,50,2019-09-23 00:00:00.0000000,2018-10-08 00:00:00.0000000,52,2020-09-22 00:00:00.0000000,2019-10-07 00:00:00.0000000,,0,0,1
40,436307,0.998305006,34796.47873,0,998305006,0,34796,47873,58,2019-09-25 00:00:00.0000000,2018-10-08 00:00:00.0000000,35,2020-09-30 00:00:00.0000000,2019-10-01 00:00:00.0000000,,0,0,1
40,696050,0.918708096,4674.859277,0,918708096,0,4674,859277,10,2019-06-24 00:00:00.0000000,2018-10-04 00:00:00.0000000,9,2020-07-23 00:00:00.0000000,2019-10-28 00:00:00.0000000,,0,0,1
40,688790,0.23201347,109.8203242,0,23201347,1,109,8203242,3,2018-11-26 00:00:00.0000000,2018-10-19 00:00:00.0000000,2,2020-08-03 00:00:00.0000000,2020-07-28 00:00:00.0000000,,0,0,1
40,667933,0.980963798,8283.758861,0,980963798,0,8283,758861,22,2019-08-26 00:00:00.0000000,2018-10-19 00:00:00.0000000,15,2020-09-17 00:00:00.0000000,2019-10-17 00:00:00.0000000,,0,0,1
40,741747,0.613306736,0,0,613306736,0,0,1,2018-10-01 00:00:00.0000000,2018-10-01 00:00:00.0000000,NULL,NULL,NULL,NULL,1,,1,1
40,692573,0.895194341,1080.137674,0,895194341,0,1080,137674,2,2019-04-17 00:00:00.0000000,2019-01-10 00:00:00.0000000,4,2020-09-07 00:00:00.0000000,2020-08-10 00:00:00.0000000,,0,0,1
40,739963,0.709064473,0,0,709064473,0,0,1,2019-04-17 00:00:00.0000000,2019-04-17 00:00:00.0000000,23,2020-09-01 00:00:00.0000000,2019-11-05 00:00:00.0000000,NULL,0,,0,1
40,720965,0.999597889,28294.32476,0,999597889,0,28294,32476,110,2019-09-30 00:00:00.0000000,2018-10-02 00:00:00.0000000,122,2020-09-30 00:00:00.0000000,2019-10-02 00:00:00.0000000,,0,0,1
40,428086,0.995846647,54552.656,0,995846647,0,54552,656,19,2019-09-20 00:00:00.0000000,2018-11-09 00:00:00.0000000,18,2020-08-11 00:00:00.0000000,2019-10-28 00:00:00.0000000,,0,0,1
40,729193,0.999824024,872128.694,0,999824024,0,872128,694,251,2019-09-30 00:00:00.0000000,2018-10-01 00:00:00.0000000,187,2020-09-30 00:00:00.0000000,2019-10-01 00:00:00.0000000,,0,0,1
40,426293,0.996542767,2429.776283,0,996542767,0,2429,776283,19,2019-09-23 00:00:00.0000000,2018-10-30 00:00:00.0000000,19,2020-09-21 00:00:00.0000000,2019-10-03 00:00:00.0000000,,0,0,1
40,697035,0.999793559,2.92E+07,0,999793559,0,29200000,214,2019-09-30 00:00:00.0000000,2018-10-01 00:00:00.0000000,248,2020-09-30 00:00:00.0000000,2019-10-02 00:00:00.0000000,NULL,0,,0,1
40,725619,0.973546022,8420.823821,0,973546022,0,8420,823821,3,2019-07-29 00:00:00.0000000,2018-10-17 00:00:00.0000000,1,2019-11-07 00:00:00.0000000,2019-11-07 00:00:00.0000000,,0,0,1
40,655099,0.286924599,75.47057897,0,286924599,1,75,47057897,2,2019-05-23 00:00:00.0000000,2019-05-22 00:00:00.0000000,NULL,NULL,NULL,,1,1,1
40,733219,0.646355346,204.3032402,0,646355346,0,204,3032402,3,2019-04-09 00:00:00.0000000,2019-02-15 00:00:00.0000000,1,2019-11-08 00:00:00.0000000,2019-11-08 00:00:00.0000000,,0,0,1
40,422624,0.998251083,79907.01342,0,998251083,0,79907,1342,105,2019-09-25 00:00:00.0000000,2018-10-02 00:00:00.0000000,84,2020-09-30 00:00:00.0000000,2019-10-02 00:00:00.0000000,,0,0,1
40,695645,0.996887389,16060.99876,0,996887389,0,16060,99876,26,2019-09-25 00:00:00.0000000,2019-03-04 00:00:00.0000000,38,2020-09-15 00:00:00.0000000,2019-10-04 00:00:00.0000000,,0,0,1
40,596014,0.630014309,0,0,630014309,0,0,1,2018-11-14 00:00:00.0000000,2018-11-14 00:00:00.0000000,NULL,NULL,NULL,NULL,1,,1,1
40,696480,0.992909012,92502.99565,0,992909012,0,92502,99565,9,2019-09-19 00:00:00.0000000,2018-12-28 00:00:00.0000000,7,2020-09-23 00:00:00.0000000,2019-11-07 00:00:00.0000000,,0,0,1
40,428396,0.994172885,6022.342907,0,994172885,0,6022,342907,9,2019-09-24 00:00:00.0000000,2018-10-08 00:00:00.0000000,9,2020-09-29 00:00:00.0000000,2019-10-07 00:00:00.0000000,,0,0,1
40,731090,0.99580992,7569.795162,0,99580992,0,7569,795162,14,2019-09-23 00:00:00.0000000,2018-10-11 00:00:00.0000000,5,2020-09-21 00:00:00.0000000,2020-06-23 00:00:00.0000000,,0,0,1
40,430443,0.968723186,14200.91481,0,968723186,0,14200,91481,10,2019-07-26 00:00:00.0000000,2018-10-15 00:00:00.0000000,2,2019-11-12 00:00:00.0000000,2019-10-30 00:00:00.0000000,,0,0,1
40,431376,0.998381773,19139.1955,0,998381773,0,19139,1955,44,2019-09-26 00:00:00.0000000,2018-10-01 00:00:00.0000000,71,2020-09-23 00:00:00.0000000,2019-10-01 00:00:00.0000000,,0,0,1
40,709466,0.968761314,459.0711077,0,968761314,0,459,711077,4,2019-07-23 00:00:00.0000000,2018-12-26 00:00:00.0000000,4,2020-07-06 00:00:00.0000000,2020-01-23 00:00:00.0000000,,0,0,1
40,632693,0.981674002,3253.902965,0,981674002,0,3253,902965,3,2019-09-20 00:00:00.0000000,2019-03-12 00:00:00.0000000,NULL,NULL,NULL,,1,1,1
40,659815,0.978708356,1071.664634,0,978708356,0,1071,664634,4,2019-08-05 00:00:00.0000000,2018-10-08 00:00:00.0000000,1,2019-10-22 00:00:00.0000000,2019-10-22 00:00:00.0000000,,0,0,1
40,710945,0.994942976,11764.48025,0,994942976,0,11764,48025,9,2019-09-30 00:00:00.0000000,2018-10-08 00:00:00.0000000,12,2020-09-22 00:00:00.0000000,2020-04-17 00:00:00.0000000,,0,0,1
40,721032,0.997433994,5590.821822,0,997433994,0,5590,821822,28,2019-09-24 00:00:00.0000000,2018-10-23 00:00:00.0000000,17,2020-09-17 00:00:00.0000000,2019-10-21 00:00:00.0000000,,0,0,1
40,427743,0.999693014,169108.1132,0,999693014,0,169108,1132,144,2019-09-30 00:00:00.0000000,2018-10-04 00:00:00.0000000,110,2020-09-25 00:00:00.0000000,2019-10-01 00:00:00.0000000,,0,0,1
40,434830,0.998215495,25645.98651,0,998215495,0,25645,98651,25,2019-09-30 00:00:00.0000000,2018-10-10 00:00:00.0000000,24,2020-09-21 00:00:00.0000000,2019-10-01 00:00:00.0000000,,0,0,1
40,748035,0.223094845,900.706602,0,223094845,1,900,706602,2,2019-03-29 00:00:00.0000000,2019-03-27 00:00:00.0000000,NULL,NULL,NULL,,1,1,1
40,429445,0.97753145,1697.895559,0,97753145,0,1697,895559,3,2019-08-20 00:00:00.0000000,2018-11-05 00:00:00.0000000,8,2020-08-31 00:00:00.0000000,2019-11-04 00:00:00.0000000,,0,0,1
40,579947,0.998916593,44443.41524,0,998916593,0,44443,41524,41,2019-09-30 00:00:00.0000000,2018-10-08 00:00:00.0000000,100,2020-09-30 00:00:00.0000000,2019-10-04 00:00:00.0000000,,0,0,1
40,684846,0.844455809,0,0,844455809,0,0,1,2019-08-26 00:00:00.0000000,2019-08-26 00:00:00.0000000,12,2020-09-29 00:00:00.0000000,2019-10-01 00:00:00.0000000,NULL,0,,0,1
40,435079,0.696172158,70.32069016,0,696172158,0,70,32069016,2,2018-12-19 00:00:00.0000000,2018-10-30 00:00:00.0000000,4,2020-09-22 00:00:00.0000000,2019-11-06 00:00:00.0000000,,0,0,1
40,434641,0.996390978,16511.07989,0,996390978,0,16511,7989,31,2019-09-19 00:00:00.0000000,2018-10-02 00:00:00.0000000,34,2020-09-04 00:00:00.0000000,2019-10-16 00:00:00.0000000,,0,0,1
40,579416,0.999786569,2272023.017,0,999786569,0,2272023,17,207,2019-09-30 00:00:00.0000000,2018-10-01 00:00:00.0000000,172,2020-09-30 00:00:00.0000000,2019-10-01 00:00:00.0000000,,0,0,1
40,430820,0.511796691,3006.154017,0,511796691,0,3006,154017,14,2019-06-05 00:00:00.0000000,2018-10-30 00:00:00.0000000,5,2020-07-21 00:00:00.0000000,2019-11-08 00:00:00.0000000,,0,0,1
40,502764,0.998214917,33791.39889,0,998214917,0,33791,39889,48,2019-09-25 00:00:00.0000000,2018-10-08 00:00:00.0000000,38,2020-09-30 00:00:00.0000000,2019-10-04 00:00:00.0000000,,0,0,1
40,606220,0.974840562,401982.3937,0,974840562,0,401982,3937,11,2019-08-02 00:00:00.0000000,2018-10-01 00:00:00.0000000,4,2020-07-28 00:00:00.0000000,2019-11-18 00:00:00.0000000,,0,0,1
40,704458,0.67596911,0,0,67596911,0,0,1,2019-02-21 00:00:00.0000000,2019-02-21 00:00:00.0000000,NULL,NULL,NULL,NULL,1,,1,1
40,625114,0.625273959,0,0,625273959,0,0,1,2018-11-02 00:00:00.0000000,2018-11-02 00:00:00.0000000,1,2020-02-04 00:00:00.0000000,2020-02-04 00:00:00.0000000,NULL,0,,0,1
40,432108,0.998326924,46030.75605,0,998326924,0,46030,75605,58,2019-09-25 00:00:00.0000000,2018-10-02 00:00:00.0000000,50,2020-09-25 00:00:00.0000000,2019-10-01 00:00:00.0000000,,0,0,1
40,433946,0.999439547,43587.16542,0,999439547,0,43587,16542,79,2019-09-30 00:00:00.0000000,2018-10-15 00:00:00.0000000,99,2020-09-28 00:00:00.0000000,2019-10-01 00:00:00.0000000,,0,0,1
40,564223,0.98985581,2898.915415,0,98985581,0,2898,915415,10,2019-09-09 00:00:00.0000000,2019-01-21 00:00:00.0000000,5,2020-08-24 00:00:00.0000000,2019-12-23 00:00:00.0000000,,0,0,1
40,750139,0.758332344,21998.73232,0,758332344,0,21998,73232,2,2019-07-31 00:00:00.0000000,2019-07-22 00:00:00.0000000,3,2020-08-31 00:00:00.0000000,2019-10-17 00:00:00.0000000,,0,0,1
40,579707,0.660538704,0,0,660538704,0,0,1,2019-01-22 00:00:00.0000000,2019-01-22 00:00:00.0000000,NULL,NULL,NULL,NULL,1,,1,1
40,655002,0.997620609,12799.9803,0,997620609,0,12799,9803,39,2019-09-23 00:00:00.0000000,2018-10-02 00:00:00.0000000,42,2020-09-17 00:00:00.0000000,2019-10-04 00:00:00.0000000,,0,0,1
40,425618,0.373915549,1475.163477,0,373915549,1,1475,163477,6,2019-02-15 00:00:00.0000000,2018-10-05 00:00:00.0000000,1,2020-02-20 00:00:00.0000000,2020-02-20 00:00:00.0000000,,0,0,1
40,552117,0.997787827,22976.84849,0,997787827,0,22976,84849,36,2019-09-24 00:00:00.0000000,2018-10-03 00:00:00.0000000,59,2020-09-28 00:00:00.0000000,2019-10-01 00:00:00.0000000,,0,0,1
40,674227,0.993048218,8046.892718,0,993048218,0,8046,892718,13,2019-09-10 00:00:00.0000000,2018-10-02 00:00:00.0000000,5,2020-03-24 00:00:00.0000000,2019-12-31 00:00:00.0000000,,0,0,1
40,428691,0.996564511,36663.45075,0,996564511,0,36663,45075,45,2019-09-20 00:00:00.0000000,2018-10-10 00:00:00.0000000,20,2020-06-08 00:00:00.0000000,2019-10-03 00:00:00.0000000,,0,0,1
40,683528,0.778159785,227.3205056,0,778159785,0,227,3205056,5,2019-04-08 00:00:00.0000000,2018-11-08 00:00:00.0000000,1,2020-06-25 00:00:00.0000000,2020-06-25 00:00:00.0000000,,0,0,1
40,634384,0.972873242,842.9178548,0,972873242,0,842,9178548,5,2019-07-17 00:00:00.0000000,2018-10-17 00:00:00.0000000,NULL,NULL,NULL,,1,1,1
40,682147,0.667035837,0,0,667035837,0,0,1,2019-02-04 00:00:00.0000000,2019-02-04 00:00:00.0000000,NULL,NULL,NULL,NULL,1,,1,1
40,428075,0.96426617,2350.651399,0,96426617,0,2350,651399,3,2019-08-12 00:00:00.0000000,2019-04-09 00:00:00.0000000,NULL,NULL,NULL,,1,1,1
40,435550,0.999502715,212960.7083,0,999502715,0,212960,7083,89,2019-09-30 00:00:00.0000000,2018-10-01 00:00:00.0000000,72,2020-09-29 00:00:00.0000000,2019-10-01 00:00:00.0000000,,0,0,1
40,425207,0.983879222,4374.645196,0,983879222,0,4374,645196,7,2019-08-14 00:00:00.0000000,2018-10-08 00:00:00.0000000,1,2019-11-14 00:00:00.0000000,2019-11-14 00:00:00.0000000,,0,0,1
40,494947,0.619547605,0,0,619547605,0,0,1,2018-10-18 00:00:00.0000000,2018-10-18 00:00:00.0000000,NULL,NULL,NULL,NULL,1,,1,1
40,526117,0.626854893,1767.761548,0,626854893,0,1767,761548,6,2019-03-22 00:00:00.0000000,2018-10-17 00:00:00.0000000,NULL,NULL,NULL,,1,1,1
40,539425,0.996987923,14398.83706,0,996987923,0,14398,83706,18,2019-09-26 00:00:00.0000000,2018-10-02 00:00:00.0000000,25,2020-09-25 00:00:00.0000000,2019-10-22 00:00:00.0000000,,0,0,1
40,527925,0.929784359,655.9949315,0,929784359,0,655,9949315,2,2019-04-23 00:00:00.0000000,2018-11-15 00:00:00.0000000,NULL,NULL,NULL,,1,1,1
40,591675,0.983131308,330.6893276,0,983131308,0,330,6893276,3,2019-09-25 00:00:00.0000000,2018-11-30 00:00:00.0000000,NULL,NULL,NULL,,1,1,1
40,425011,0.996284946,18454.15103,0,996284946,0,18454,15103,43,2019-09-19 00:00:00.0000000,2018-10-01 00:00:00.0000000,25,2020-09-15 00:00:00.0000000,2019-10-02 00:00:00.0000000,,0,0,1
40,646592,0.627231323,0,0,627231323,0,0,1,2018-11-07 00:00:00.0000000,2018-11-07 00:00:00.0000000,NULL,NULL,NULL,NULL,1,,1,1
40,428263,0.582522993,466.0338589,0,582522993,0,466,338589,3,2018-12-20 00:00:00.0000000,2018-10-03 00:00:00.0000000,NULL,NULL,NULL,,1,1,1
40,617190,0.614027865,0,0,614027865,0,0,1,2018-10-03 00:00:00.0000000,2018-10-03 00:00:00.0000000,10,2020-04-15 00:00:00.0000000,2019-10-14 00:00:00.0000000,NULL,0,,0,1
40,599593,0.966520345,19146.7444,0,966520345,0,19146,7444,3,2019-07-15 00:00:00.0000000,2018-12-05 00:00:00.0000000,1,2020-01-07 00:00:00.0000000,2020-01-07 00:00:00.0000000,,0,0,1
40,745298,0.957720783,5502.701624,0,957720783,0,5502,701624,10,2019-08-07 00:00:00.0000000,2019-01-24 00:00:00.0000000,4,2020-07-15 00:00:00.0000000,2019-10-22 00:00:00.0000000,,0,0,1
40,422756,0.998657545,136852.656,0,998657545,0,136852,656,72,2019-09-26 00:00:00.0000000,2018-10-03 00:00:00.0000000,50,2020-09-21 00:00:00.0000000,2019-10-17 00:00:00.0000000,,0,0,1
40,672849,0.983604548,60829.36054,0,983604548,0,60829,36054,55,2019-09-10 00:00:00.0000000,2018-10-01 00:00:00.0000000,35,2020-09-25 00:00:00.0000000,2019-10-03 00:00:00.0000000,,0,0,1
40,581132,0.997061811,10106.32234,0,997061811,0,10106,32234,22,2019-09-24 00:00:00.0000000,2018-10-19 00:00:00.0000000,18,2020-09-21 00:00:00.0000000,2019-10-24 00:00:00.0000000,,0,0,1
40,747551,0.992252377,7447.573511,0,992252377,0,7447,573511,7,2019-09-25 00:00:00.0000000,2019-03-22 00:00:00.0000000,NULL,NULL,NULL,,1,1,1
40,425499,0.935094881,1716.797683,0,935094881,0,1716,797683,3,2019-07-11 00:00:00.0000000,2019-04-01 00:00:00.0000000,3,2020-03-04 00:00:00.0000000,2019-10-28 00:00:00.0000000,,0,0,1
40,612368,0.985098336,21956.76551,0,985098336,0,21956,76551,8,2019-08-19 00:00:00.0000000,2018-10-22 00:00:00.0000000,22,2020-09-30 00:00:00.0000000,2019-10-28 00:00:00.0000000,,0,0,1
40,424391,0.99888932,53375.27746,0,99888932,0,53375,27746,40,2019-09-30 00:00:00.0000000,2018-10-02 00:00:00.0000000,29,2020-09-26 00:00:00.0000000,2019-10-22 00:00:00.0000000,,0,0,1
40,435626,0.983329664,11986.39214,0,983329664,0,11986,39214,3,2019-09-27 00:00:00.0000000,2019-01-18 00:00:00.0000000,NULL,NULL,NULL,,1,1,1
40,430756,0.997035495,23005.49913,0,997035495,0,23005,49913,25,2019-09-23 00:00:00.0000000,2018-10-30 00:00:00.0000000,31,2020-09-29 00:00:00.0000000,2019-10-07 00:00:00.0000000,,0,0,1
40,427419,0.616578963,0,0,616578963,0,0,1,2018-10-10 00:00:00.0000000,2018-10-10 00:00:00.0000000,NULL,NULL,NULL,NULL,1,,1,1
40,669787,0.686610577,0,0,686610577,0,0,1,2019-03-12 00:00:00.0000000,2019-03-12 00:00:00.0000000,NULL,NULL,NULL,NULL,1,,1,1
40,431824,0.94806336,15868.26852,0,94806336,0,15868,26852,34,2019-08-22 00:00:00.0000000,2018-10-01 00:00:00.0000000,40,2020-09-29 00:00:00.0000000,2019-10-24 00:00:00.0000000,,0,0,1
40,703393,0.99956196,135502.4568,0,99956196,0,135502,4568,101,2019-09-30 00:00:00.0000000,2018-10-31 00:00:00.0000000,112,2020-09-30 00:00:00.0000000,2019-10-03 00:00:00.0000000,,0,0,1
40,692317,0.998349042,813663.4377,0,998349042,0,813663,4377,27,2019-09-30 00:00:00.0000000,2018-10-22 00:00:00.0000000,48,2020-09-30 00:00:00.0000000,2019-10-01 00:00:00.0000000,,0,0,1
40,677153,0.630416033,0,0,630416033,0,0,1,2018-11-15 00:00:00.0000000,2018-11-15 00:00:00.0000000,3,2019-10-18 00:00:00.0000000,2019-10-14 00:00:00.0000000,NULL,0,,0,1
40,744570,0.386248044,534.7901017,0,386248044,1,534,7901017,4,2019-02-14 00:00:00.0000000,2018-12-05 00:00:00.0000000,1,2019-10-17 00:00:00.0000000,2019-10-17 00:00:00.0000000,,0,0,1
40,734550,0.75883106,0,0,75883106,0,0,1,2019-06-19 00:00:00.0000000,2019-06-19 00:00:00.0000000,NULL,NULL,NULL,NULL,1,,1,1
40,632657,0.909741662,1420223.627,0,909741662,0,1420223,627,9,2019-07-08 00:00:00.0000000,2018-12-24 00:00:00.0000000,6,2020-04-24 00:00:00.0000000,2020-02-12 00:00:00.0000000,,0,0,1
40,702076,0.998349042,127598.0336,0,998349042,0,127598,336,27,2019-09-30 00:00:00.0000000,2019-03-19 00:00:00.0000000,102,2020-09-30 00:00:00.0000000,2019-10-02 00:00:00.0000000,,0,0,1
40,424404,0.99832557,46910.5212,0,99832557,0,46910,5212,59,2019-09-25 00:00:00.0000000,2018-10-04 00:00:00.0000000,12,2020-03-03 00:00:00.0000000,2019-10-16 00:00:00.0000000,,0,0,1
40,557162,0.987048148,41262.59377,0,987048148,0,41262,59377,4,2019-09-25 00:00:00.0000000,2019-03-21 00:00:00.0000000,10,2020-02-19 00:00:00.0000000,2019-10-01 00:00:00.0000000,,0,0,1
40,613087,0.704217026,2087.670731,0,704217026,0,2087,670731,6,2019-04-01 00:00:00.0000000,2018-10-16 00:00:00.0000000,10,2020-09-03 00:00:00.0000000,2020-01-27 00:00:00.0000000,,0,0,1
40,422327,0.920825021,148.7867834,0,920825021,0,148,7867834,2,2019-09-09 00:00:00.0000000,2019-08-28 00:00:00.0000000,NULL,NULL,NULL,,1,1,1
40,434987,0.999491247,308623.6834,0,999491247,0,308623,6834,87,2019-09-30 00:00:00.0000000,2018-10-08 00:00:00.0000000,76,2020-09-28 00:00:00.0000000,2019-10-02 00:00:00.0000000,,0,0,1
40,649026,0.658111153,0,0,658111153,0,0,1,2019-01-17 00:00:00.0000000,2019-01-17 00:00:00.0000000,NULL,NULL,NULL,NULL,1,,1,1
40,698620,0.982518614,13442.57401,0,982518614,0,13442,57401,5,2019-09-25 00:00:00.0000000,2019-08-29 00:00:00.0000000,3,2020-09-11 00:00:00.0000000,2019-11-21 00:00:00.0000000,,0,0,1
40,609121,0.328625803,196.9093689,0,328625803,1,196,9093689,2,2018-11-22 00:00:00.0000000,2018-11-08 00:00:00.0000000,NULL,NULL,NULL,,1,1,1
40,435066,0.998030885,38081.63194,0,998030885,0,38081,63194,38,2019-09-25 00:00:00.0000000,2018-10-09 00:00:00.0000000,49,2020-09-28 00:00:00.0000000,2019-10-10 00:00:00.0000000,,0,0,1
40,427546,0.549907201,372.8652868,0,549907201,0,372,8652868,2,2019-02-13 00:00:00.0000000,2019-01-22 00:00:00.0000000,2,2019-12-11 00:00:00.0000000,2019-10-24 00:00:00.0000000,,0,0,1
40,651340,0.884390171,4496.579548,0,884390171,0,4496,579548,4,2019-06-04 00:00:00.0000000,2019-02-07 00:00:00.0000000,22,2020-09-28 00:00:00.0000000,2020-02-10 00:00:00.0000000,,0,0,1
40,713645,0.998616005,18328.76495,0,998616005,0,18328,76495,47,2019-09-27 00:00:00.0000000,2018-10-05 00:00:00.0000000,55,2020-09-29 00:00:00.0000000,2019-10-03 00:00:00.0000000,,0,0,1
40,464507,0.874613584,312.6427003,0,874613584,0,312,6427003,3,2019-07-25 00:00:00.0000000,2019-06-11 00:00:00.0000000,NULL,NULL,NULL,,1,1,1
40,584461,0.975231089,4141.99601,0,975231089,0,4141,99601,10,2019-08-06 00:00:00.0000000,2018-11-06 00:00:00.0000000,2,2019-12-11 00:00:00.0000000,2019-11-05 00:00:00.0000000,,0,0,1
40,432916,0.999622004,122244.4446,0,999622004,0,122244,4446,117,2019-09-30 00:00:00.0000000,2018-10-01 00:00:00.0000000,133,2020-09-24 00:00:00.0000000,2019-10-03 00:00:00.0000000,,0,0,1
40,683540,0.28895259,1168.561884,0,28895259,1,1168,561884,19,2019-06-11 00:00:00.0000000,2018-10-16 00:00:00.0000000,2,2020-01-29 00:00:00.0000000,2019-11-15 00:00:00.0000000,,0,0,1
40,700162,0.913665681,4633.136659,0,913665681,0,4633,136659,6,2019-05-24 00:00:00.0000000,2018-10-15 00:00:00.0000000,2,2020-05-18 00:00:00.0000000,2019-12-02 00:00:00.0000000,,0,0,1
40,423038,0.999684225,185708.7424,0,999684225,0,185708,7424,140,2019-09-30 00:00:00.0000000,2018-10-01 00:00:00.0000000,54,2020-05-04 00:00:00.0000000,2019-10-01 00:00:00.0000000,,0,0,1
40,743598,0.973106752,49530.46725,0,973106752,0,49530,46725,27,2019-09-04 00:00:00.0000000,2019-01-21 00:00:00.0000000,18,2020-09-30 00:00:00.0000000,2019-10-02 00:00:00.0000000,,0,0,1
40,696402,0.613666875,0,0,613666875,0,0,1,2018-10-02 00:00:00.0000000,2018-10-02 00:00:00.0000000,NULL,NULL,NULL,NULL,1,,1,1
40,603044,0.990080884,29986.84129,0,990080884,0,29986,84129,20,2019-09-03 00:00:00.0000000,2018-10-05 00:00:00.0000000,4,2020-02-13 00:00:00.0000000,2019-10-22 00:00:00.0000000,,0,0,1
40,650863,0.938980372,12476.65296,0,938980372,0,12476,65296,11,2019-07-23 00:00:00.0000000,2018-12-10 00:00:00.0000000,1,2019-10-02 00:00:00.0000000,2019-10-02 00:00:00.0000000,,0,0,1
40,650877,0.678035773,382.1327703,0,678035773,0,382,1327703,4,2019-03-25 00:00:00.0000000,2018-12-17 00:00:00.0000000,NULL,NULL,NULL,,1,1,1
40,696576,0.995607873,6001.602995,0,995607873,0,6001,602995,22,2019-09-18 00:00:00.0000000,2018-10-31 00:00:00.0000000,20,2020-09-23 00:00:00.0000000,2019-10-08 00:00:00.0000000,,0,0,1
40,431958,0.029524894,913.1609932,0,29524894,1,913,1609932,3,2019-01-25 00:00:00.0000000,2019-01-18 00:00:00.0000000,NULL,NULL,NULL,,1,1,1
40,423857,0.998830437,18453.51053,0,998830437,0,18453,51053,38,2019-09-30 00:00:00.0000000,2018-10-02 00:00:00.0000000,26,2020-09-24 00:00:00.0000000,2019-10-02 00:00:00.0000000,,0,0,1
40,553480,0.998040672,158258.8719,0,998040672,0,158258,8719,65,2019-09-24 00:00:00.0000000,2018-10-02 00:00:00.0000000,63,2020-09-30 00:00:00.0000000,2019-10-03 00:00:00.0000000,,0,0,1
40,435558,0.999021547,88113.30198,0,999021547,0,88113,30198,132,2019-09-27 00:00:00.0000000,2018-10-02 00:00:00.0000000,94,2020-09-30 00:00:00.0000000,2019-10-04 00:00:00.0000000,,0,0,1
40,599374,0.997932985,75774.86189,0,997932985,0,75774,86189,43,2019-09-24 00:00:00.0000000,2018-10-01 00:00:00.0000000,55,2020-09-28 00:00:00.0000000,2019-10-07 00:00:00.0000000,,0,0,1
40,686343,0.865877311,0,0,865877311,0,0,1,2019-09-06 00:00:00.0000000,2019-09-06 00:00:00.0000000,NULL,NULL,NULL,NULL,1,,1,1
40,649614,0.995886028,7449.351531,0,995886028,0,7449,351531,11,2019-09-30 00:00:00.0000000,2018-10-01 00:00:00.0000000,4,2020-03-18 00:00:00.0000000,2019-10-24 00:00:00.0000000,,0,0,1
40,431388,0.921043921,14264.20881,0,921043921,0,14264,20881,5,2019-05-22 00:00:00.0000000,2018-10-30 00:00:00.0000000,1,2020-04-20 00:00:00.0000000,2020-04-20 00:00:00.0000000,,0,0,1
40,740254,0.987120534,2011.514811,0,987120534,0,2011,514811,5,2019-09-05 00:00:00.0000000,2018-10-08 00:00:00.0000000,NULL,NULL,NULL,,1,1,1
40,713714,0.696184181,0,0,696184181,0,0,1,2019-03-28 00:00:00.0000000,2019-03-28 00:00:00.0000000,NULL,NULL,NULL,NULL,1,,1,1
40,688531,0.993806272,2234.359047,0,993806272,0,2234,359047,15,2019-09-12 00:00:00.0000000,2018-10-03 00:00:00.0000000,14,2020-09-15 00:00:00.0000000,2019-11-28 00:00:00.0000000,,0,0,1
40,625277,0.93947277,1571.07788,0,93947277,0,1571,7788,6,2019-06-07 00:00:00.0000000,2018-10-08 00:00:00.0000000,2,2019-11-13 00:00:00.0000000,2019-10-18 00:00:00.0000000,,0,0,1
40,428970,0.997940793,102084.9684,0,997940793,0,102084,9684,84,2019-09-24 00:00:00.0000000,2018-10-01 00:00:00.0000000,34,2020-09-24 00:00:00.0000000,2019-10-04 00:00:00.0000000,,0,0,1
40,669645,0.927702375,673.2024553,0,927702375,0,673,2024553,11,2019-07-04 00:00:00.0000000,2018-10-09 00:00:00.0000000,1,2020-01-28 00:00:00.0000000,2020-01-28 00:00:00.0000000,,0,0,1
40,623644,0.98134134,2013.321873,0,98134134,0,2013,321873,3,2019-09-13 00:00:00.0000000,2018-11-30 00:00:00.0000000,2,2020-07-06 00:00:00.0000000,2019-10-29 00:00:00.0000000,,0,0,1
40,722267,0.616578963,0,0,616578963,0,0,1,2018-10-10 00:00:00.0000000,2018-10-10 00:00:00.0000000,NULL,NULL,NULL,NULL,1,,1,1
40,424379,0.994936112,8554.416475,0,994936112,0,8554,416475,10,2019-09-26 00:00:00.0000000,2018-10-23 00:00:00.0000000,29,2020-09-25 00:00:00.0000000,2019-11-07 00:00:00.0000000,,0,0,1
40,669685,0.960610423,1476.229289,0,960610423,0,1476,229289,7,2019-07-11 00:00:00.0000000,2018-11-07 00:00:00.0000000,6,2020-07-03 00:00:00.0000000,2019-10-02 00:00:00.0000000,,0,0,1
40,600702,0.99279862,18791.23224,0,99279862,0,18791,23224,20,2019-09-09 00:00:00.0000000,2018-10-11 00:00:00.0000000,10,2020-08-24 00:00:00.0000000,2019-10-08 00:00:00.0000000,,0,0,1
40,659372,0.973821592,908.1442282,0,973821592,0,908,1442282,2,2019-09-26 00:00:00.0000000,2019-01-14 00:00:00.0000000,1,2019-12-17 00:00:00.0000000,2019-12-17 00:00:00.0000000,,0,0,1
40,423179,0.999821171,1.18E+07,0,999821171,0,11800000,247,2019-09-30 00:00:00.0000000,2018-10-01 00:00:00.0000000,253,2020-09-30 00:00:00.0000000,2019-10-01 00:00:00.0000000,NULL,0,,0,1
40,424959,0.999735363,264456.7276,0,999735363,0,264456,7276,167,2019-09-30 00:00:00.0000000,2018-10-01 00:00:00.0000000,159,2020-09-30 00:00:00.0000000,2019-10-01 00:00:00.0000000,,0,0,1
40,425529,0.998047746,65929.16731,0,998047746,0,65929,16731,64,2019-09-24 00:00:00.0000000,2018-10-01 00:00:00.0000000,85,2020-09-18 00:00:00.0000000,2019-10-01 00:00:00.0000000,,0,0,1
40,433209,0.993772922,518179.6821,0,993772922,0,518179,6821,166,2019-09-23 00:00:00.0000000,2018-10-01 00:00:00.0000000,12,2020-06-25 00:00:00.0000000,2019-10-10 00:00:00.0000000,,0,0,1
40,714833,0.998943759,480254.4073,0,998943759,0,480254,4073,180,2019-09-27 00:00:00.0000000,2018-10-01 00:00:00.0000000,156,2020-09-30 00:00:00.0000000,2019-10-01 00:00:00.0000000,,0,0,1
40,706349,0.85644535,910.600172,0,85644535,0,910,600172,6,2019-05-03 00:00:00.0000000,2018-10-18 00:00:00.0000000,4,2020-07-17 00:00:00.0000000,2019-11-12 00:00:00.0000000,,0,0,1
40,428930,0.985423946,23143.43579,0,985423946,0,23143,43579,5,2019-09-04 00:00:00.0000000,2019-01-03 00:00:00.0000000,10,2020-07-29 00:00:00.0000000,2019-10-03 00:00:00.0000000,,0,0,1
40,730216,0.997323699,16488.45631,0,997323699,0,16488,45631,31,2019-09-23 00:00:00.0000000,2018-10-25 00:00:00.0000000,24,2020-09-21 00:00:00.0000000,2019-10-09 00:00:00.0000000,,0,0,1
40,688586,0.569617098,1421.279489,0,569617098,0,1421,279489,3,2019-04-26 00:00:00.0000000,2019-03-18 00:00:00.0000000,NULL,NULL,NULL,,1,1,1
40,617047,0.997537827,92731.36613,0,997537827,0,92731,36613,31,2019-09-24 00:00:00.0000000,2018-10-29 00:00:00.0000000,6,2020-01-20 00:00:00.0000000,2019-10-09 00:00:00.0000000,,0,0,1
40,436443,0.998103524,361374.7746,0,998103524,0,361374,7746,122,2019-09-25 00:00:00.0000000,2018-10-02 00:00:00.0000000,111,2020-09-30 00:00:00.0000000,2019-10-03 00:00:00.0000000,,0,0,1
40,671168,0.672756503,0,0,672756503,0,0,1,2019-02-15 00:00:00.0000000,2019-02-15 00:00:00.0000000,NULL,NULL,NULL,NULL,1,,1,1
40,538571,0.617823261,281381.8656,0,617823261,0,281381,8656,5,2019-02-28 00:00:00.0000000,2018-10-15 00:00:00.0000000,4,2020-09-28 00:00:00.0000000,2020-02-18 00:00:00.0000000,,0,0,1
40,716028,0.985637327,5833.683031,0,985637327,0,5833,683031,4,2019-09-16 00:00:00.0000000,2019-01-17 00:00:00.0000000,NULL,NULL,NULL,,1,1,1
40,425810,0.396476896,70.89990246,0,396476896,1,70,89990246,2,2019-02-12 00:00:00.0000000,2019-01-31 00:00:00.0000000,2,2020-01-15 00:00:00.0000000,2019-10-15 00:00:00.0000000,,0,0,1
40,692371,0.635320595,0,0,635320595,0,0,1,2018-11-27 00:00:00.0000000,2018-11-27 00:00:00.0000000,NULL,NULL,NULL,NULL,1,,1,1
40,697538,0.988302853,7128.262982,0,988302853,0,7128,262982,6,2019-09-04 00:00:00.0000000,2018-10-15 00:00:00.0000000,NULL,NULL,NULL,,1,1,1
40,429110,0.619173358,0,0,619173358,0,0,1,2018-10-17 00:00:00.0000000,2018-10-17 00:00:00.0000000,70,2020-09-30 00:00:00.0000000,2020-05-19 00:00:00.0000000,NULL,0,,0,1
40,659662,0.994307958,7525.123336,0,994307958,0,7525,123336,9,2019-09-25 00:00:00.0000000,2018-10-09 00:00:00.0000000,12,2020-07-30 00:00:00.0000000,2019-10-28 00:00:00.0000000,,0,0,1
40,685257,0.474664482,568.0504029,0,474664482,1,568,504029,2,2019-02-08 00:00:00.0000000,2019-01-22 00:00:00.0000000,NULL,NULL,NULL,,1,1,1
40,564231,0.996764883,10337.2799,0,996764883,0,10337,2799,16,2019-09-27 00:00:00.0000000,2018-11-12 00:00:00.0000000,7,2020-06-23 00:00:00.0000000,2019-10-01 00:00:00.0000000,,0,0,1
40,702420,0.922173336,2027.826239,0,922173336,0,2027,826239,4,2019-05-06 00:00:00.0000000,2018-10-23 00:00:00.0000000,NULL,NULL,NULL,,1,1,1
40,726009,0.973666119,28755.24421,0,973666119,0,28755,24421,2,2019-09-23 00:00:00.0000000,2018-10-01 00:00:00.0000000,2,2020-07-09 00:00:00.0000000,2019-10-21 00:00:00.0000000,,0,0,1
40,565224,0.999075501,23963.95057,0,999075501,0,23963,95057,48,2019-09-30 00:00:00.0000000,2018-10-16 00:00:00.0000000,73,2020-09-29 00:00:00.0000000,2019-10-02 00:00:00.0000000,,0,0,1
40,702496,0.852188428,1248.328512,0,852188428,0,1248,328512,4,2019-03-28 00:00:00.0000000,2018-10-19 00:00:00.0000000,NULL,NULL,NULL,,1,1,1
40,434001,0.471950478,7.666615098,0,471950478,1,7,666615098,2,2018-12-28 00:00:00.0000000,2018-12-07 00:00:00.0000000,6,2020-09-16 00:00:00.0000000,2019-10-10 00:00:00.0000000,,0,0,1
40,556754,0.562098338,543.0374251,0,562098338,0,543,374251,2,2019-07-03 00:00:00.0000000,2019-06-28 00:00:00.0000000,3,2020-07-29 00:00:00.0000000,2020-06-12 00:00:00.0000000,,0,0,1
40,696588,0.999524167,400169.4863,0,999524167,0,400169,4863,92,2019-09-30 00:00:00.0000000,2018-10-01 00:00:00.0000000,108,2020-09-25 00:00:00.0000000,2019-10-01 00:00:00.0000000,,0,0,1
40,715166,0.998403964,23332.62763,0,998403964,0,23332,62763,38,2019-09-27 00:00:00.0000000,2018-10-08 00:00:00.0000000,28,2020-09-07 00:00:00.0000000,2019-10-17 00:00:00.0000000,,0,0,1
40,563131,0.614027865,0,0,614027865,0,0,1,2018-10-03 00:00:00.0000000,2018-10-03 00:00:00.0000000,1,2020-03-30 00:00:00.0000000,2020-03-30 00:00:00.0000000,NULL,0,,0,1
40,698996,0.922738591,1732.479646,0,922738591,0,1732,479646,6,2019-06-06 00:00:00.0000000,2018-11-07 00:00:00.0000000,12,2020-08-25 00:00:00.0000000,2019-10-22 00:00:00.0000000,,0,0,1
40,646940,0.758228719,79.58405119,0,758228719,0,79,58405119,3,2019-01-30 00:00:00.0000000,2018-10-17 00:00:00.0000000,NULL,NULL,NULL,,1,1,1
40,714439,0.969672829,765.8635356,0,969672829,0,765,8635356,3,2019-08-21 00:00:00.0000000,2019-04-09 00:00:00.0000000,NULL,NULL,NULL,,1,1,1
40,592376,0.452324946,579.9373423,0,452324946,1,579,9373423,2,2019-02-14 00:00:00.0000000,2019-01-30 00:00:00.0000000,NULL,NULL,NULL,,1,1,1
40,729236,0.99560694,23578.51928,0,99560694,0,23578,51928,56,2019-09-19 00:00:00.0000000,2018-10-10 00:00:00.0000000,47,2020-09-30 00:00:00.0000000,2019-10-01 00:00:00.0000000,,0,0,1
40,430225,0.948378178,686.062675,0,948378178,0,686,62675,2,2019-08-28 00:00:00.0000000,2019-07-10 00:00:00.0000000,3,2020-06-02 00:00:00.0000000,2019-12-02 00:00:00.0000000,,0,0,1
40,427830,0.999004899,93027.75117,0,999004899,0,93027,75117,103,2019-09-27 00:00:00.0000000,2018-10-04 00:00:00.0000000,96,2020-09-24 00:00:00.0000000,2019-10-09 00:00:00.0000000,,0,0,1
40,432133,0.034074595,313.5802026,0,34074595,1,313,5802026,5,2018-12-05 00:00:00.0000000,2018-10-10 00:00:00.0000000,NULL,NULL,NULL,,1,1,1
40,588653,0.70443117,0,0,70443117,0,0,1,2019-04-10 00:00:00.0000000,2019-04-10 00:00:00.0000000,NULL,NULL,NULL,NULL,1,,1,1
40,596928,0.994516072,10287.02052,0,994516072,0,10287,2052,15,2019-09-17 00:00:00.0000000,2018-11-22 00:00:00.0000000,28,2020-09-30 00:00:00.0000000,2019-10-01 00:00:00.0000000,,0,0,1
40,650632,0.998514825,101674.3094,0,998514825,0,101674,3094,43,2019-09-27 00:00:00.0000000,2018-10-19 00:00:00.0000000,87,2020-09-24 00:00:00.0000000,2019-10-02 00:00:00.0000000,,0,0,1
40,607238,0.953568545,2116.712964,0,953568545,0,2116,712964,3,2019-07-09 00:00:00.0000000,2019-02-08 00:00:00.0000000,2,2020-05-26 00:00:00.0000000,2019-10-01 00:00:00.0000000,,0,0,1
40,425822,0.64081686,0,0,64081686,0,0,1,2018-12-10 00:00:00.0000000,2018-12-10 00:00:00.0000000,2,2020-08-06 00:00:00.0000000,2019-11-05 00:00:00.0000000,NULL,0,,0,1
40,744551,0.636153477,0,0,636153477,0,0,1,2018-11-29 00:00:00.0000000,2018-11-29 00:00:00.0000000,NULL,NULL,NULL,NULL,1,,1,1
40,447949,0.986833835,16063.24833,0,986833835,0,16063,24833,18,2019-08-28 00:00:00.0000000,2018-10-09 00:00:00.0000000,9,2020-07-30 00:00:00.0000000,2019-11-25 00:00:00.0000000,,0,0,1
40,681474,0.914499821,7844.729703,0,914499821,0,7844,729703,4,2019-05-13 00:00:00.0000000,2018-11-21 00:00:00.0000000,1,2020-02-24 00:00:00.0000000,2020-02-24 00:00:00.0000000,,0,0,1
40,578834,0.98347278,16554.75332,0,98347278,0,16554,75332,6,2019-08-13 00:00:00.0000000,2018-10-01 00:00:00.0000000,2,2020-06-02 00:00:00.0000000,2019-10-28 00:00:00.0000000,,0,0,1
40,563170,0.990030327,7443.550984,0,990030327,0,7443,550984,8,2019-09-06 00:00:00.0000000,2018-11-05 00:00:00.0000000,10,2020-09-14 00:00:00.0000000,2020-01-14 00:00:00.0000000,,0,0,1
40,683649,0.004784013,81.73398781,0,4784013,1,81,73398781,33,2019-06-11 00:00:00.0000000,2018-10-10 00:00:00.0000000,NULL,NULL,NULL,,1,1,1
40,434566,0.997712578,19476.79068,0,997712578,0,19476,79068,48,2019-09-23 00:00:00.0000000,2018-10-01 00:00:00.0000000,49,2020-09-30 00:00:00.0000000,2019-10-02 00:00:00.0000000,,0,0,1
40,426980,0.996658249,18068.3157,0,996658249,0,18068,3157,30,2019-09-20 00:00:00.0000000,2018-10-03 00:00:00.0000000,27,2020-09-28 00:00:00.0000000,2019-10-14 00:00:00.0000000,,0,0,1
40,612869,0.997470611,13541.08706,0,997470611,0,13541,8706,23,2019-09-26 00:00:00.0000000,2018-10-29 00:00:00.0000000,23,2020-09-09 00:00:00.0000000,2019-10-03 00:00:00.0000000,,0,0,1
40,621585,0.690130747,0,0,690130747,0,0,1,2019-03-18 00:00:00.0000000,2019-03-18 00:00:00.0000000,NULL,NULL,NULL,NULL,1,,1,1
40,578961,0.99648207,15036.35193,0,99648207,0,15036,35193,16,2019-09-25 00:00:00.0000000,2018-10-26 00:00:00.0000000,5,2020-04-07 00:00:00.0000000,2019-11-14 00:00:00.0000000,,0,0,1
40,672950,0.867501419,2814.328139,0,867501419,0,2814,328139,8,2019-05-30 00:00:00.0000000,2018-10-22 00:00:00.0000000,8,2020-08-03 00:00:00.0000000,2019-11-29 00:00:00.0000000,,0,0,1
40,708935,0.997340057,27995.42443,0,997340057,0,27995,42443,21,2019-09-26 00:00:00.0000000,2018-10-01 00:00:00.0000000,25,2020-08-24 00:00:00.0000000,2019-11-18 00:00:00.0000000,,0,0,1
40,726507,0.939126229,0,0,939126229,0,0,1,2019-09-30 00:00:00.0000000,2019-09-30 00:00:00.0000000,6,2019-12-17 00:00:00.0000000,2019-10-07 00:00:00.0000000,NULL,0,,0,1
40,625182,0.992150911,1809.094783,0,992150911,0,1809,94783,7,2019-09-20 00:00:00.0000000,2018-10-03 00:00:00.0000000,8,2020-06-09 00:00:00.0000000,2019-11-04 00:00:00.0000000,,0,0,1
40,465948,0.998694115,29190.03684,0,998694115,0,29190,3684,53,2019-09-27 00:00:00.0000000,2018-10-16 00:00:00.0000000,62,2020-09-28 00:00:00.0000000,2019-10-16 00:00:00.0000000,,0,0,1
40,576589,0.941327912,3163.749083,0,941327912,0,3163,749083,7,2019-06-28 00:00:00.0000000,2018-11-16 00:00:00.0000000,12,2020-09-28 00:00:00.0000000,2019-10-02 00:00:00.0000000,,0,0,1
40,605659,0.944780432,8820.819641,0,944780432,0,8820,819641,19,2019-08-06 00:00:00.0000000,2018-10-25 00:00:00.0000000,32,2020-09-22 00:00:00.0000000,2019-10-24 00:00:00.0000000,,0,0,1
40,599002,0.772621981,0,0,772621981,0,0,1,2019-07-03 00:00:00.0000000,2019-07-03 00:00:00.0000000,1,2020-01-23 00:00:00.0000000,2020-01-23 00:00:00.0000000,NULL,0,,0,1
40,748266,0.975910619,9898.977542,0,975910619,0,9898,977542,5,2019-08-28 00:00:00.0000000,2019-04-16 00:00:00.0000000,10,2020-09-24 00:00:00.0000000,2020-01-02 00:00:00.0000000,,0,0,1
40,506676,0.998645693,255149.0241,0,998645693,0,255149,241,119,2019-09-26 00:00:00.0000000,2018-10-03 00:00:00.0000000,97,2020-09-30 00:00:00.0000000,2019-10-02 00:00:00.0000000,,0,0,1
40,429321,0.985798317,1931.419112,0,985798317,0,1931,419112,6,2019-08-23 00:00:00.0000000,2018-10-10 00:00:00.0000000,2,2020-02-19 00:00:00.0000000,2020-01-09 00:00:00.0000000,,0,0,1
40,424069,0.995506822,4329.548098,0,995506822,0,4329,548098,13,2019-09-23 00:00:00.0000000,2018-10-30 00:00:00.0000000,12,2020-09-21 00:00:00.0000000,2019-10-30 00:00:00.0000000,,0,0,1
40,655508,0.827772655,477.4095913,0,827772655,0,477,4095913,2,2019-01-23 00:00:00.0000000,2018-10-31 00:00:00.0000000,NULL,NULL,NULL,,1,1,1
40,428570,0.985396943,3698.124754,0,985396943,0,3698,124754,18,2019-08-27 00:00:00.0000000,2018-10-19 00:00:00.0000000,4,2020-09-22 00:00:00.0000000,2019-11-19 00:00:00.0000000,,0,0,1
40,719647,0.969531538,4869.496212,0,969531538,0,4869,496212,13,2019-08-05 00:00:00.0000000,2018-10-23 00:00:00.0000000,9,2020-09-15 00:00:00.0000000,2019-10-02 00:00:00.0000000,,0,0,1
40,422749,0.999261253,1701689.197,0,999261253,0,1701689,197,60,2019-09-30 00:00:00.0000000,2018-10-04 00:00:00.0000000,81,2020-09-22 00:00:00.0000000,2019-10-02 00:00:00.0000000,,0,0,1
40,571959,0.977488317,3862.931243,0,977488317,0,3862,931243,7,2019-07-29 00:00:00.0000000,2018-10-08 00:00:00.0000000,6,2020-06-22 00:00:00.0000000,2019-10-17 00:00:00.0000000,,0,0,1
40,729475,0.305439583,501.1013456,0,305439583,1,501,1013456,2,2019-03-26 00:00:00.0000000,2019-03-21 00:00:00.0000000,NULL,NULL,NULL,,1,1,1
40,628344,0.988818189,31658.80668,0,988818189,0,31658,80668,13,2019-08-28 00:00:00.0000000,2018-10-03 00:00:00.0000000,7,2020-03-02 00:00:00.0000000,2019-12-20 00:00:00.0000000,,0,0,1
40,430661,0.99886242,269163.7961,0,99886242,0,269163,7961,204,2019-09-27 00:00:00.0000000,2018-10-02 00:00:00.0000000,200,2020-09-23 00:00:00.0000000,2019-10-01 00:00:00.0000000,,0,0,1
40,435914,0.94753888,1113.302231,0,94753888,0,1113,302231,2,2019-05-29 00:00:00.0000000,2018-11-14 00:00:00.0000000,NULL,NULL,NULL,,1,1,1
40,685309,0.996718343,1627357.985,0,996718343,0,1627357,985,40,2019-09-20 00:00:00.0000000,2018-10-02 00:00:00.0000000,28,2020-09-29 00:00:00.0000000,2019-10-10 00:00:00.0000000,,0,0,1
40,669354,0.922276935,153435.4781,0,922276935,0,153435,4781,2,2019-07-16 00:00:00.0000000,2019-05-15 00:00:00.0000000,NULL,NULL,NULL,,1,1,1
40,644404,0.978831093,27590.07354,0,978831093,0,27590,7354,20,2019-08-22 00:00:00.0000000,2018-10-15 00:00:00.0000000,9,2020-07-21 00:00:00.0000000,2019-10-18 00:00:00.0000000,,0,0,1
40,428206,0.993085232,7490.307467,0,993085232,0,7490,307467,9,2019-09-18 00:00:00.0000000,2018-11-08 00:00:00.0000000,6,2020-08-12 00:00:00.0000000,2019-11-13 00:00:00.0000000,,0,0,1
40,745776,0.022418398,1048.66442,0,22418398,1,1048,66442,4,2019-02-22 00:00:00.0000000,2019-02-04 00:00:00.0000000,NULL,NULL,NULL,,1,1,1
40,576325,0.99863314,356168.1831,0,99863314,0,356168,1831,66,2019-09-26 00:00:00.0000000,2018-10-01 00:00:00.0000000,45,2020-09-28 00:00:00.0000000,2019-10-04 00:00:00.0000000,,0,0,1
40,647542,0.943015076,7922.539481,0,943015076,0,7922,539481,21,2019-08-06 00:00:00.0000000,2018-10-05 00:00:00.0000000,15,2020-07-22 00:00:00.0000000,2019-10-16 00:00:00.0000000,,0,0,1
40,582377,0.733055889,0,0,733055889,0,0,1,2019-05-20 00:00:00.0000000,2019-05-20 00:00:00.0000000,NULL,NULL,NULL,NULL,1,,1,1
40,577345,0.999730514,471977.8573,0,999730514,0,471977,8573,164,2019-09-30 00:00:00.0000000,2018-10-01 00:00:00.0000000,157,2020-09-30 00:00:00.0000000,2019-10-01 00:00:00.0000000,,0,0,1
40,424267,0.99269812,1602.156804,0,99269812,0,1602,156804,7,2019-09-24 00:00:00.0000000,2018-10-03 00:00:00.0000000,14,2020-09-23 00:00:00.0000000,2019-10-16 00:00:00.0000000,,0,0,1
40,710614,0.841934384,777.7523576,0,841934384,0,777,7523576,3,2019-04-30 00:00:00.0000000,2019-01-30 00:00:00.0000000,1,2020-07-08 00:00:00.0000000,2020-07-08 00:00:00.0000000,,0,0,1
40,521036,0.975662595,1103.132687,0,975662595,0,1103,132687,3,2019-08-07 00:00:00.0000000,2018-10-11 00:00:00.0000000,1,2019-11-21 00:00:00.0000000,2019-11-21 00:00:00.0000000,,0,0,1
40,432149,0.307148006,278.62713,0,307148006,1,278,62713,7,2019-02-25 00:00:00.0000000,2018-10-03 00:00:00.0000000,1,2019-10-24 00:00:00.0000000,2019-10-24 00:00:00.0000000,,0,0,1
40,698518,0.087089305,45.63296781,0,87089305,1,45,63296781,2,2018-10-27 00:00:00.0000000,2018-10-26 00:00:00.0000000,1,2020-01-14 00:00:00.0000000,2020-01-14 00:00:00.0000000,,0,0,1
40,706363,0.991622936,12695.55787,0,991622936,0,12695,55787,11,2019-09-06 00:00:00.0000000,2018-10-05 00:00:00.0000000,13,2020-09-25 00:00:00.0000000,2019-10-23 00:00:00.0000000,,0,0,1
40,737641,0.913944872,58160.80236,0,913944872,0,58160,80236,18,2019-07-23 00:00:00.0000000,2018-10-02 00:00:00.0000000,13,2020-09-01 00:00:00.0000000,2019-10-03 00:00:00.0000000,,0,0,1
40,750963,0.807703062,0,0,807703062,0,0,1,2019-08-02 00:00:00.0000000,2019-08-02 00:00:00.0000000,7,2020-03-11 00:00:00.0000000,2019-10-29 00:00:00.0000000,NULL,0,,0,1
40,592887,0.91679379,7588.94909,0,91679379,0,7588,94909,18,2019-07-24 00:00:00.0000000,2018-10-04 00:00:00.0000000,11,2020-09-17 00:00:00.0000000,2019-10-28 00:00:00.0000000,,0,0,1
40,563032,0.997661601,61662.78565,0,997661601,0,61662,78565,43,2019-09-23 00:00:00.0000000,2018-10-04 00:00:00.0000000,34,2020-09-17 00:00:00.0000000,2019-10-02 00:00:00.0000000,,0,0,1
40,660718,0.994149402,32949.02544,0,994149402,0,32949,2544,29,2019-09-13 00:00:00.0000000,2018-10-01 00:00:00.0000000,44,2020-09-23 00:00:00.0000000,2019-10-01 00:00:00.0000000,,0,0,1
40,433065,0.999807098,1813153.109,0,999807098,0,1813153,109,229,2019-09-30 00:00:00.0000000,2018-10-02 00:00:00.0000000,201,2020-09-30 00:00:00.0000000,2019-10-01 00:00:00.0000000,,0,0,1
40,586896,0.9973751,6385.10007,0,9973751,0,6385,10007,20,2019-09-27 00:00:00.0000000,2018-10-04 00:00:00.0000000,21,2020-08-06 00:00:00.0000000,2019-10-29 00:00:00.0000000,,0,0,1
40,511274,0.998048605,33087.16163,0,998048605,0,33087,16163,60,2019-09-24 00:00:00.0000000,2018-10-01 00:00:00.0000000,52,2020-09-23 00:00:00.0000000,2019-10-28 00:00:00.0000000,,0,0,1
40,744289,0.66201385,0,0,66201385,0,0,1,2019-01-25 00:00:00.0000000,2019-01-25 00:00:00.0000000,NULL,NULL,NULL,NULL,1,,1,1
40,465526,0.863755586,0,0,863755586,0,0,1,2019-09-05 00:00:00.0000000,2019-09-05 00:00:00.0000000,6,2020-06-04 00:00:00.0000000,2019-10-21 00:00:00.0000000,NULL,0,,0,1
40,506723,0.991427615,11912.26528,0,991427615,0,11912,26528,11,2019-09-17 00:00:00.0000000,2019-03-28 00:00:00.0000000,NULL,NULL,NULL,,1,1,1
40,588666,0.851104913,3129.041187,0,851104913,0,3129,41187,10,2019-06-21 00:00:00.0000000,2018-11-22 00:00:00.0000000,2,2020-01-24 00:00:00.0000000,2019-11-14 00:00:00.0000000,,0,0,1
40,522315,0.957079458,9860.814072,0,957079458,0,9860,814072,17,2019-08-05 00:00:00.0000000,2018-10-15 00:00:00.0000000,17,2020-07-29 00:00:00.0000000,2019-10-11 00:00:00.0000000,,0,0,1
40,590000,0.998340961,32440.53178,0,998340961,0,32440,53178,36,2019-09-27 00:00:00.0000000,2018-10-09 00:00:00.0000000,57,2020-09-29 00:00:00.0000000,2019-10-09 00:00:00.0000000,,0,0,1
40,596429,0.971538629,1583.525538,0,971538629,0,1583,525538,4,2019-07-26 00:00:00.0000000,2018-12-13 00:00:00.0000000,5,2020-08-05 00:00:00.0000000,2019-10-10 00:00:00.0000000,,0,0,1
40,625341,0.999686469,65915.9866,0,999686469,0,65915,9866,141,2019-09-30 00:00:00.0000000,2018-10-01 00:00:00.0000000,161,2020-09-30 00:00:00.0000000,2019-10-01 00:00:00.0000000,,0,0,1
40,422874,0.99295363,3011.552522,0,99295363,0,3011,552522,7,2019-09-27 00:00:00.0000000,2019-01-04 00:00:00.0000000,8,2020-02-04 00:00:00.0000000,2019-10-09 00:00:00.0000000,,0,0,1
40,432835,0.998092374,46629.38326,0,998092374,0,46629,38326,41,2019-09-25 00:00:00.0000000,2018-10-11 00:00:00.0000000,50,2020-09-28 00:00:00.0000000,2019-10-01 00:00:00.0000000,,0,0,1
40,741724,0.810778274,120.5497287,0,810778274,0,120,5497287,2,2019-04-26 00:00:00.0000000,2019-03-12 00:00:00.0000000,NULL,NULL,NULL,,1,1,1
40,576563,0.850592045,835.8936885,0,850592045,0,835,8936885,4,2019-03-20 00:00:00.0000000,2018-10-05 00:00:00.0000000,NULL,NULL,NULL,,1,1,1
40,436136,0.187185962,137.859682,0,187185962,1,137,859682,2,2018-10-24 00:00:00.0000000,2018-10-17 00:00:00.0000000,NULL,NULL,NULL,,1,1,1
40,732431,0.74304554,7087.419167,0,74304554,0,7087,419167,5,2019-06-12 00:00:00.0000000,2019-03-19 00:00:00.0000000,8,2020-09-28 00:00:00.0000000,2019-12-10 00:00:00.0000000,,0,0,1
40,464392,0.999328693,27709.98729,0,999328693,0,27709,98729,66,2019-09-30 00:00:00.0000000,2018-10-01 00:00:00.0000000,44,2020-09-30 00:00:00.0000000,2019-10-10 00:00:00.0000000,,0,0,1
40,424993,0.495659301,774.8229017,0,495659301,1,774,8229017,3,2018-12-10 00:00:00.0000000,2018-10-04 00:00:00.0000000,2,2019-11-14 00:00:00.0000000,2019-10-31 00:00:00.0000000,,0,0,1
40,608997,0.874612212,314.0549977,0,874612212,0,314,549977,2,2019-02-21 00:00:00.0000000,2018-11-07 00:00:00.0000000,NULL,NULL,NULL,,1,1,1
40,430287,0.996814687,10848.53515,0,996814687,0,10848,53515,16,2019-09-27 00:00:00.0000000,2018-10-03 00:00:00.0000000,8,2020-09-25 00:00:00.0000000,2019-11-19 00:00:00.0000000,,0,0,1
40,421840,0.998284259,92146.53657,0,998284259,0,92146,53657,100,2019-09-25 00:00:00.0000000,2018-10-02 00:00:00.0000000,110,2020-09-28 00:00:00.0000000,2019-10-01 00:00:00.0000000,,0,0,1
40,714505,0.687669228,2171.881033,0,687669228,0,2171,881033,6,2019-04-24 00:00:00.0000000,2018-12-04 00:00:00.0000000,3,2020-07-22 00:00:00.0000000,2020-01-13 00:00:00.0000000,,0,0,1
40,643861,0.867786027,35596.15261,0,867786027,0,35596,15261,15,2019-07-08 00:00:00.0000000,2018-10-16 00:00:00.0000000,17,2020-08-04 00:00:00.0000000,2019-11-07 00:00:00.0000000,,0,0,1
40,742021,0.942298359,3249.538026,0,942298359,0,3249,538026,2,2019-06-18 00:00:00.0000000,2019-01-31 00:00:00.0000000,6,2020-08-20 00:00:00.0000000,2020-01-17 00:00:00.0000000,,0,0,1
40,726313,0.993982209,14684.4427,0,993982209,0,14684,4427,24,2019-09-13 00:00:00.0000000,2018-10-23 00:00:00.0000000,17,2020-09-07 00:00:00.0000000,2019-10-01 00:00:00.0000000,,0,0,1
40,709056,0.814542131,0,0,814542131,0,0,1,2019-08-07 00:00:00.0000000,2019-08-07 00:00:00.0000000,NULL,NULL,NULL,NULL,1,,1,1
40,424050,0.998410709,39357.96252,0,998410709,0,39357,96252,38,2019-09-27 00:00:00.0000000,2018-10-03 00:00:00.0000000,47,2020-09-25 00:00:00.0000000,2019-10-02 00:00:00.0000000,,0,0,1
40,688887,0.995246673,15336.4155,0,995246673,0,15336,4155,11,2019-09-25 00:00:00.0000000,2018-10-05 00:00:00.0000000,22,2020-09-23 00:00:00.0000000,2019-12-10 00:00:00.0000000,,0,0,1
40,580265,0.976210895,3355.756972,0,976210895,0,3355,756972,5,2019-07-25 00:00:00.0000000,2018-10-15 00:00:00.0000000,NULL,NULL,NULL,,1,1,1
40,538987,0.630818813,0,0,630818813,0,0,1,2018-11-16 00:00:00.0000000,2018-11-16 00:00:00.0000000,7,2020-05-21 00:00:00.0000000,2020-02-12 00:00:00.0000000,NULL,0,,0,1
40,713480,0.994288329,923.8569005,0,994288329,0,923,8569005,8,2019-09-30 00:00:00.0000000,2018-11-22 00:00:00.0000000,4,2020-09-28 00:00:00.0000000,2020-02-20 00:00:00.0000000,,0,0,1
40,751889,0.960196535,12871.0818,0,960196535,0,12871,818,3,2019-09-12 00:00:00.0000000,2019-08-08 00:00:00.0000000,6,2020-09-02 00:00:00.0000000,2020-06-24 00:00:00.0000000,,0,0,1
40,697429,0.970654712,13337.68464,0,970654712,0,13337,68464,3,2019-09-13 00:00:00.0000000,2019-07-18 00:00:00.0000000,14,2020-09-30 00:00:00.0000000,2019-10-02 00:00:00.0000000,,0,0,1
40,581389,0.993448592,2893.496024,0,993448592,0,2893,496024,8,2019-09-25 00:00:00.0000000,2019-01-03 00:00:00.0000000,7,2020-02-26 00:00:00.0000000,2019-10-18 00:00:00.0000000,,0,0,1
40,586559,0.998209313,27614.72062,0,998209313,0,27614,72062,46,2019-09-25 00:00:00.0000000,2018-10-01 00:00:00.0000000,56,2020-09-28 00:00:00.0000000,2019-10-07 00:00:00.0000000,,0,0,1
40,425610,0.999804534,2.16E+07,0,999804534,0,21600000,226,2019-09-30 00:00:00.0000000,2018-10-01 00:00:00.0000000,222,2020-09-30 00:00:00.0000000,2019-10-01 00:00:00.0000000,NULL,0,,0,1
40,738643,0.962125499,4878.935736,0,962125499,0,4878,935736,7,2019-07-04 00:00:00.0000000,2018-10-02 00:00:00.0000000,1,2019-10-31 00:00:00.0000000,2019-10-31 00:00:00.0000000,,0,0,1
40,715154,0.992332763,4542.943174,0,992332763,0,4542,943174,11,2019-09-10 00:00:00.0000000,2018-10-24 00:00:00.0000000,10,2020-09-21 00:00:00.0000000,2019-11-21 00:00:00.0000000,,0,0,1
40,670147,0.885099735,9398.548452,0,885099735,0,9398,548452,4,2019-05-25 00:00:00.0000000,2019-01-17 00:00:00.0000000,2,2020-09-03 00:00:00.0000000,2019-12-20 00:00:00.0000000,,0,0,1
40,428081,0.072280728,418.500227,0,72280728,1,418,500227,13,2019-04-10 00:00:00.0000000,2018-10-11 00:00:00.0000000,1,2019-11-21 00:00:00.0000000,2019-11-21 00:00:00.0000000,,0,0,1
40,740259,0.943449958,163.6744462,0,943449958,0,163,6744462,3,2019-05-09 00:00:00.0000000,2018-10-08 00:00:00.0000000,NULL,NULL,NULL,,1,1,1
40,714834,0.908156016,1281.020101,0,908156016,0,1281,20101,5,2019-05-21 00:00:00.0000000,2018-11-15 00:00:00.0000000,NULL,NULL,NULL,,1,1,1
40,422708,0.972305372,538.9240988,0,972305372,0,538,9240988,2,2019-09-17 00:00:00.0000000,2019-01-24 00:00:00.0000000,NULL,NULL,NULL,,1,1,1
40,424954,0.017343505,2708.400023,0,17343505,1,2708,400023,98,2019-08-19 00:00:00.0000000,2018-10-01 00:00:00.0000000,42,2020-09-29 00:00:00.0000000,2019-10-17 00:00:00.0000000,,0,0,1
40,701997,0.998742504,71326.6509,0,998742504,0,71326,6509,56,2019-09-27 00:00:00.0000000,2018-10-10 00:00:00.0000000,67,2020-09-30 00:00:00.0000000,2019-10-02 00:00:00.0000000,,0,0,1
40,429063,0.949814716,810.6705592,0,949814716,0,810,6705592,7,2019-06-26 00:00:00.0000000,2018-10-18 00:00:00.0000000,1,2020-03-09 00:00:00.0000000,2020-03-09 00:00:00.0000000,,0,0,1
40,610800,0.470055342,61.86142449,0,470055342,1,61,86142449,2,2018-11-06 00:00:00.0000000,2018-10-11 00:00:00.0000000,NULL,NULL,NULL,,1,1,1
40,609362,0.67596911,0,0,67596911,0,0,1,2019-02-21 00:00:00.0000000,2019-02-21 00:00:00.0000000,7,2020-07-07 00:00:00.0000000,2019-10-11 00:00:00.0000000,NULL,0,,0,1
40,428855,0.998120284,9946.030213,0,998120284,0,9946,30213,35,2019-09-26 00:00:00.0000000,2018-10-17 00:00:00.0000000,18,2020-09-08 00:00:00.0000000,2019-10-11 00:00:00.0000000,,0,0,1
40,639930,0.971282677,12258.75669,0,971282677,0,12258,75669,3,2019-09-25 00:00:00.0000000,2019-09-12 00:00:00.0000000,NULL,NULL,NULL,,1,1,1
40,724811,0.901733547,755.8218854,0,901733547,0,755,8218854,4,2019-05-29 00:00:00.0000000,2019-01-11 00:00:00.0000000,NULL,NULL,NULL,,1,1,1
40,427414,0.01249785,529.2399438,0,1249785,1,529,2399438,23,2019-05-20 00:00:00.0000000,2018-10-17 00:00:00.0000000,7,2020-09-18 00:00:00.0000000,2019-10-02 00:00:00.0000000,,0,0,1
40,432577,0.911794972,13926.97071,0,911794972,0,13926,97071,12,2019-07-19 00:00:00.0000000,2018-12-12 00:00:00.0000000,9,2020-09-29 00:00:00.0000000,2019-11-11 00:00:00.0000000,,0,0,1
40,747999,0.797439741,0,0,797439741,0,0,1,2019-07-25 00:00:00.0000000,2019-07-25 00:00:00.0000000,6,2020-08-11 00:00:00.0000000,2019-11-04 00:00:00.0000000,NULL,0,,0,1
40,431295,0.975776975,1704.73515,0,975776975,0,1704,73515,7,2019-08-05 00:00:00.0000000,2018-12-04 00:00:00.0000000,NULL,NULL,NULL,,1,1,1
40,675901,0.109935893,117.9627275,0,109935893,1,117,9627275,4,2018-12-14 00:00:00.0000000,2018-10-26 00:00:00.0000000,2,2019-10-17 00:00:00.0000000,2019-10-09 00:00:00.0000000,,0,0,1
40,742978,0.969189136,4731.766739,0,969189136,0,4731,766739,4,2019-07-15 00:00:00.0000000,2018-11-19 00:00:00.0000000,NULL,NULL,NULL,,1,1,1
40,427521,0.997298147,9208.977429,0,997298147,0,9208,977429,20,2019-09-27 00:00:00.0000000,2018-11-29 00:00:00.0000000,17,2020-09-30 00:00:00.0000000,2019-10-03 00:00:00.0000000,,0,0,1
40,576300,0.998602988,20595.78556,0,998602988,0,20595,78556,46,2019-09-27 00:00:00.0000000,2018-10-01 00:00:00.0000000,39,2020-09-11 00:00:00.0000000,2019-10-01 00:00:00.0000000,,0,0,1
40,750168,0.987773308,209247.5292,0,987773308,0,209247,5292,11,2019-09-19 00:00:00.0000000,2019-06-17 00:00:00.0000000,NULL,NULL,NULL,,1,1,1
40,684983,0.617991192,573.8674321,0,617991192,0,573,8674321,4,2019-04-16 00:00:00.0000000,2019-01-30 00:00:00.0000000,NULL,NULL,NULL,,1,1,1
40,750825,0.997510746,2768315.417,0,997510746,0,2768315,417,18,2019-09-30 00:00:00.0000000,2019-08-26 00:00:00.0000000,196,2020-09-30 00:00:00.0000000,2019-10-01 00:00:00.0000000,,0,0,1
40,435055,0.997275204,11693.84792,0,997275204,0,11693,84792,22,2019-09-25 00:00:00.0000000,2018-10-03 00:00:00.0000000,2,2019-11-18 00:00:00.0000000,2019-11-15 00:00:00.0000000,,0,0,1
40,424739,0.997605802,9365.629827,0,997605802,0,9365,629827,40,2019-09-23 00:00:00.0000000,2018-10-08 00:00:00.0000000,34,2020-09-30 00:00:00.0000000,2019-10-11 00:00:00.0000000,,0,0,1
40,682666,0.648766986,0,0,648766986,0,0,1,2018-12-28 00:00:00.0000000,2018-12-28 00:00:00.0000000,1,2020-06-04 00:00:00.0000000,2020-06-04 00:00:00.0000000,NULL,0,,0,1
40,525322,0.94297962,12390.56027,0,94297962,0,12390,56027,20,2019-08-09 00:00:00.0000000,2018-11-05 00:00:00.0000000,2,2019-10-09 00:00:00.0000000,2019-10-03 00:00:00.0000000,,0,0,1
40,587530,0.99252839,3918.944202,0,99252839,0,3918,944202,7,2019-09-23 00:00:00.0000000,2018-10-17 00:00:00.0000000,4,2020-07-07 00:00:00.0000000,2019-12-10 00:00:00.0000000,,0,0,1
40,677821,0.997643685,4982.178886,0,997643685,0,4982,178886,19,2019-09-30 00:00:00.0000000,2018-10-29 00:00:00.0000000,13,2020-08-13 00:00:00.0000000,2019-10-01 00:00:00.0000000,,0,0,1
40,581316,0.972053994,4224.248006,0,972053994,0,4224,248006,12,2019-08-02 00:00:00.0000000,2018-10-05 00:00:00.0000000,8,2020-07-08 00:00:00.0000000,2019-10-29 00:00:00.0000000,,0,0,1
40,430519,0.998329231,27698.60585,0,998329231,0,27698,60585,59,2019-09-25 00:00:00.0000000,2018-10-03 00:00:00.0000000,42,2020-09-21 00:00:00.0000000,2019-10-07 00:00:00.0000000,,0,0,1
40,422776,0.99824968,21314.62727,0,99824968,0,21314,62727,49,2019-09-25 00:00:00.0000000,2018-10-01 00:00:00.0000000,17,2020-09-29 00:00:00.0000000,2019-10-04 00:00:00.0000000,,0,0,1
40,428421,0.999667571,227391.3004,0,999667571,0,227391,3004,133,2019-09-30 00:00:00.0000000,2018-10-01 00:00:00.0000000,54,2020-03-26 00:00:00.0000000,2019-10-01 00:00:00.0000000,,0,0,1
40,737700,0.790220413,0,0,790220413,0,0,1,2019-07-19 00:00:00.0000000,2019-07-19 00:00:00.0000000,NULL,NULL,NULL,NULL,1,,1,1
40,421885,0.999466647,4850512.622,0,999466647,0,4850512,622,83,2019-09-30 00:00:00.0000000,2018-10-01 00:00:00.0000000,101,2020-09-30 00:00:00.0000000,2019-10-10 00:00:00.0000000,,0,0,1
40,429203,0.981071836,20769.74265,0,981071836,0,20769,74265,26,2019-08-29 00:00:00.0000000,2018-10-17 00:00:00.0000000,10,2020-09-16 00:00:00.0000000,2019-12-05 00:00:00.0000000,,0,0,1
40,598821,0.997737559,4959.191989,0,997737559,0,4959,191989,26,2019-09-26 00:00:00.0000000,2018-10-01 00:00:00.0000000,21,2020-09-22 00:00:00.0000000,2019-10-29 00:00:00.0000000,,0,0,1
40,524223,0.934392934,9621.11592,0,934392934,0,9621,11592,17,2019-07-26 00:00:00.0000000,2018-10-04 00:00:00.0000000,3,2020-06-09 00:00:00.0000000,2019-10-04 00:00:00.0000000,,0,0,1
40,423481,0.989012479,12602.78898,0,989012479,0,12602,78898,7,2019-09-02 00:00:00.0000000,2018-10-04 00:00:00.0000000,1,2019-10-03 00:00:00.0000000,2019-10-03 00:00:00.0000000,,0,0,1
40,718389,0.66152056,0,0,66152056,0,0,1,2019-01-24 00:00:00.0000000,2019-01-24 00:00:00.0000000,9,2019-11-18 00:00:00.0000000,2019-10-15 00:00:00.0000000,X,0,,0,1
40,601711,0.997512519,13221.80579,0,997512519,0,13221,80579,34,2019-09-23 00:00:00.0000000,2018-10-03 00:00:00.0000000,36,2020-09-22 00:00:00.0000000,2019-10-16 00:00:00.0000000,,0,0,1
40,700067,0.995503366,726.3364632,0,995503366,0,726,3364632,13,2019-09-23 00:00:00.0000000,2018-10-31 00:00:00.0000000,14,2020-09-21 00:00:00.0000000,2019-10-30 00:00:00.0000000,,0,0,1
40,432476,0.998206295,29931.12951,0,998206295,0,29931,12951,46,2019-09-25 00:00:00.0000000,2018-10-02 00:00:00.0000000,58,2020-09-30 00:00:00.0000000,2019-10-07 00:00:00.0000000,,0,0,1
40,423154,0.763349699,2141.824121,0,763349699,0,2141,824121,3,2019-01-21 00:00:00.0000000,2018-10-02 00:00:00.0000000,NULL,NULL,NULL,,1,1,1
40,580004,0.505611976,1033.651519,0,505611976,0,1033,651519,6,2019-02-28 00:00:00.0000000,2018-10-03 00:00:00.0000000,23,2020-09-30 00:00:00.0000000,2019-12-19 00:00:00.0000000,,0,0,1
40,748339,0.637832123,117.1924856,0,637832123,0,117,1924856,2,2019-05-27 00:00:00.0000000,2019-05-13 00:00:00.0000000,NULL,NULL,NULL,,1,1,1
40,636674,0.999801901,1204632.351,0,999801901,0,1204632,351,223,2019-09-30 00:00:00.0000000,2018-10-02 00:00:00.0000000,190,2020-09-30 00:00:00.0000000,2019-10-01 00:00:00.0000000,,0,0,1
40,435222,0.998500687,90481.87329,0,998500687,0,90481,87329,150,2019-09-26 00:00:00.0000000,2018-10-02 00:00:00.0000000,169,2020-09-30 00:00:00.0000000,2019-10-01 00:00:00.0000000,,0,0,1
40,433474,0.328963755,4405.31692,0,328963755,1,4405,31692,29,2019-07-10 00:00:00.0000000,2018-10-03 00:00:00.0000000,2,2020-03-13 00:00:00.0000000,2020-02-05 00:00:00.0000000,,0,0,1
40,430445,0.999348517,68873.93356,0,999348517,0,68873,93356,68,2019-09-30 00:00:00.0000000,2018-10-01 00:00:00.0000000,55,2020-09-28 00:00:00.0000000,2019-10-02 00:00:00.0000000,,0,0,1
40,432484,0.655247799,0,0,655247799,0,0,1,2019-01-11 00:00:00.0000000,2019-01-11 00:00:00.0000000,NULL,NULL,NULL,NULL,1,,1,1
40,747080,0.991392831,2168.876162,0,991392831,0,2168,876162,7,2019-09-23 00:00:00.0000000,2019-04-18 00:00:00.0000000,13,2020-09-21 00:00:00.0000000,2019-10-30 00:00:00.0000000,,0,0,1
40,423418,0.998990926,37370.05215,0,998990926,0,37370,5215,44,2019-09-30 00:00:00.0000000,2018-10-16 00:00:00.0000000,134,2020-09-30 00:00:00.0000000,2019-10-07 00:00:00.0000000,,0,0,1
40,463531,0.999424938,136293.9949,0,999424938,0,136293,9949,77,2019-09-30 00:00:00.0000000,2018-10-05 00:00:00.0000000,60,2020-09-28 00:00:00.0000000,2019-10-02 00:00:00.0000000,,0,0,1
40,463156,0.986757627,22475.59049,0,986757627,0,22475,59049,11,2019-08-22 00:00:00.0000000,2018-10-02 00:00:00.0000000,19,2020-07-13 00:00:00.0000000,2019-10-02 00:00:00.0000000,,0,0,1
40,426492,2.72E-04,1.769837999,0,272,1,1,769837999,14,2019-02-13 00:00:00.0000000,2018-10-15 00:00:00.0000000,NULL,NULL,NULL,,1,1,1
40,677627,0.879632012,1193.476421,0,879632012,0,1193,476421,4,2019-04-04 00:00:00.0000000,2018-10-10 00:00:00.0000000,NULL,NULL,NULL,,1,1,1
40,751375,0.803762172,0,0,803762172,0,0,1,2019-07-30 00:00:00.0000000,2019-07-30 00:00:00.0000000,NULL,NULL,NULL,NULL,1,,1,1
40,434313,0.787521988,2233.282569,0,787521988,0,2233,282569,8,2019-05-08 00:00:00.0000000,2018-10-08 00:00:00.0000000,1,2020-05-11 00:00:00.0000000,2020-05-11 00:00:00.0000000,,0,0,1
40,612593,0.947681595,5813.699642,0,947681595,0,5813,699642,5,2019-07-26 00:00:00.0000000,2019-03-15 00:00:00.0000000,6,2020-09-23 00:00:00.0000000,2019-10-11 00:00:00.0000000,,0,0,1
40,719569,0.658111153,0,0,658111153,0,0,1,2019-01-17 00:00:00.0000000,2019-01-17 00:00:00.0000000,NULL,NULL,NULL,NULL,1,,1,1
40,575795,0.793246606,1901.627592,0,793246606,0,1901,627592,7,2019-05-22 00:00:00.0000000,2018-12-05 00:00:00.0000000,2,2020-01-21 00:00:00.0000000,2019-12-11 00:00:00.0000000,,0,0,1
40,434976,0.999722025,177616.4992,0,999722025,0,177616,4992,159,2019-09-30 00:00:00.0000000,2018-10-01 00:00:00.0000000,171,2020-09-30 00:00:00.0000000,2019-10-03 00:00:00.0000000,,0,0,1
40,598866,0.999657241,33835.9895,0,999657241,0,33835,9895,129,2019-09-30 00:00:00.0000000,2018-10-01 00:00:00.0000000,146,2020-09-30 00:00:00.0000000,2019-10-01 00:00:00.0000000,,0,0,1
40,431030,0.095392658,728.4570383,0,95392658,1,728,4570383,15,2019-04-26 00:00:00.0000000,2018-10-02 00:00:00.0000000,NULL,NULL,NULL,,1,1,1
40,721253,0.997292255,5806.126724,0,997292255,0,5806,126724,30,2019-09-24 00:00:00.0000000,2018-12-13 00:00:00.0000000,7,2020-06-11 00:00:00.0000000,2019-10-11 00:00:00.0000000,,0,0,1
40,732021,0.997433176,14401.96667,0,997433176,0,14401,96667,22,2019-09-26 00:00:00.0000000,2018-10-02 00:00:00.0000000,13,2020-09-22 00:00:00.0000000,2019-10-03 00:00:00.0000000,,0,0,1
40,426594,0.993280679,13472.08823,0,993280679,0,13472,8823,37,2019-09-13 00:00:00.0000000,2018-10-03 00:00:00.0000000,19,2020-09-30 00:00:00.0000000,2019-10-08 00:00:00.0000000,,0,0,1
40,527346,0.996938654,3115.559329,0,996938654,0,3115,559329,17,2019-09-27 00:00:00.0000000,2018-11-06 00:00:00.0000000,20,2020-09-29 00:00:00.0000000,2019-10-17 00:00:00.0000000,,0,0,1
40,713641,0.62449796,0,0,62449796,0,0,1,2018-10-31 00:00:00.0000000,2018-10-31 00:00:00.0000000,2,2020-05-13 00:00:00.0000000,2020-03-27 00:00:00.0000000,NULL,0,,0,1
40,610933,0.851927431,1353.327469,0,851927431,0,1353,327469,3,2019-05-24 00:00:00.0000000,2019-03-06 00:00:00.0000000,2,2020-01-22 00:00:00.0000000,2020-01-08 00:00:00.0000000,,0,0,1
40,430530,0.990007048,3187.716567,0,990007048,0,3187,716567,7,2019-09-09 00:00:00.0000000,2018-11-05 00:00:00.0000000,13,2020-09-02 00:00:00.0000000,2019-10-09 00:00:00.0000000,,0,0,1
40,427877,0.999055715,21611.13444,0,999055715,0,21611,13444,47,2019-09-30 00:00:00.0000000,2018-10-02 00:00:00.0000000,65,2020-09-30 00:00:00.0000000,2019-10-04 00:00:00.0000000,,0,0,1
40,425766,0.997558379,11978.314,0,997558379,0,11978,314,24,2019-09-26 00:00:00.0000000,2018-10-24 00:00:00.0000000,62,2020-09-30 00:00:00.0000000,2019-10-08 00:00:00.0000000,,0,0,1
40,426697,0.997907053,60867.70798,0,997907053,0,60867,70798,80,2019-09-24 00:00:00.0000000,2018-10-10 00:00:00.0000000,82,2020-09-29 00:00:00.0000000,2019-10-07 00:00:00.0000000,,0,0,1
40,649050,0.997760757,19982.37522,0,997760757,0,19982,37522,25,2019-09-27 00:00:00.0000000,2018-11-15 00:00:00.0000000,16,2020-08-27 00:00:00.0000000,2019-10-01 00:00:00.0000000,,0,0,1
40,710510,0.226416866,17823.56339,0,226416866,1,17823,56339,3,2019-03-07 00:00:00.0000000,2019-02-12 00:00:00.0000000,10,2020-09-28 00:00:00.0000000,2019-10-16 00:00:00.0000000,,0,0,1
40,430003,0.4515718,1631.193958,0,4515718,1,1631,193958,13,2019-05-31 00:00:00.0000000,2018-11-13 00:00:00.0000000,22,2020-09-15 00:00:00.0000000,2019-10-01 00:00:00.0000000,,0,0,1
40,426925,0.993426682,7040.939894,0,993426682,0,7040,939894,19,2019-09-10 00:00:00.0000000,2018-10-01 00:00:00.0000000,17,2020-09-02 00:00:00.0000000,2019-10-04 00:00:00.0000000,,0,0,1
40,426413,0.999677297,129680.0938,0,999677297,0,129680,938,137,2019-09-30 00:00:00.0000000,2018-10-01 00:00:00.0000000,157,2020-09-23 00:00:00.0000000,2019-10-01 00:00:00.0000000,,0,0,1
40,427908,0.998914324,55004.41545,0,998914324,0,55004,41545,75,2019-09-27 00:00:00.0000000,2018-10-03 00:00:00.0000000,70,2020-09-22 00:00:00.0000000,2019-10-16 00:00:00.0000000,,0,0,1
40,751775,0.995462989,64284.09888,0,995462989,0,64284,9888,10,2019-09-30 00:00:00.0000000,2019-08-14 00:00:00.0000000,46,2020-09-30 00:00:00.0000000,2019-10-02 00:00:00.0000000,,0,0,1
40,432100,0.996147701,31465.97863,0,996147701,0,31465,97863,44,2019-09-19 00:00:00.0000000,2018-10-09 00:00:00.0000000,44,2020-09-28 00:00:00.0000000,2019-10-08 00:00:00.0000000,,0,0,1
40,731612,6.88E-04,0.736472688,0,688,1,0,736472688,5,2018-11-23 00:00:00.0000000,2018-11-05 00:00:00.0000000,6,2020-09-16 00:00:00.0000000,2020-06-02 00:00:00.0000000,,0,0,1
40,689001,0.986370984,981.4756378,0,986370984,0,981,4756378,4,2019-09-17 00:00:00.0000000,2018-11-08 00:00:00.0000000,NULL,NULL,NULL,,1,1,1
40,427272,0.994574004,23604.34143,0,994574004,0,23604,34143,28,2019-09-14 00:00:00.0000000,2018-10-05 00:00:00.0000000,23,2020-09-30 00:00:00.0000000,2019-10-01 00:00:00.0000000,,0,0,1
40,429754,0.630014309,0,0,630014309,0,0,1,2018-11-14 00:00:00.0000000,2018-11-14 00:00:00.0000000,NULL,NULL,NULL,NULL,1,,1,1
40,693764,0.997497082,39587.11681,0,997497082,0,39587,11681,28,2019-09-24 00:00:00.0000000,2018-10-04 00:00:00.0000000,31,2020-09-30 00:00:00.0000000,2019-10-14 00:00:00.0000000,,0,0,1
40,687187,0.939126229,0,0,939126229,0,0,1,2019-09-30 00:00:00.0000000,2019-09-30 00:00:00.0000000,9,2020-01-14 00:00:00.0000000,2019-10-01 00:00:00.0000000,NULL,0,,0,1
40,693888,0.953604709,51972.97761,0,953604709,0,51972,97761,16,2019-07-30 00:00:00.0000000,2018-10-01 00:00:00.0000000,5,2020-03-03 00:00:00.0000000,2019-11-14 00:00:00.0000000,,0,0,1
40,657660,0.995712031,4767.637092,0,995712031,0,4767,637092,13,2019-09-24 00:00:00.0000000,2018-10-15 00:00:00.0000000,NULL,NULL,NULL,,1,1,1
40,724741,0.951582358,211.7779525,0,951582358,0,211,7779525,3,2019-05-21 00:00:00.0000000,2018-10-01 00:00:00.0000000,1,2019-10-09 00:00:00.0000000,2019-10-09 00:00:00.0000000,,0,0,1
40,433611,0.997288984,6224.432063,0,997288984,0,6224,432063,21,2019-09-26 00:00:00.0000000,2018-10-30 00:00:00.0000000,18,2020-09-21 00:00:00.0000000,2019-10-30 00:00:00.0000000,,0,0,1
40,604778,0.995916006,8980.275597,0,995916006,0,8980,275597,12,2019-09-28 00:00:00.0000000,2018-12-28 00:00:00.0000000,4,2019-12-11 00:00:00.0000000,2019-10-07 00:00:00.0000000,,0,0,1
40,422536,0.999021912,756327.1974,0,999021912,0,756327,1974,115,2019-09-27 00:00:00.0000000,2018-10-02 00:00:00.0000000,109,2020-09-30 00:00:00.0000000,2019-10-03 00:00:00.0000000,,0,0,1
40,720771,0.621432692,0,0,621432692,0,0,1,2018-10-23 00:00:00.0000000,2018-10-23 00:00:00.0000000,NULL,NULL,NULL,NULL,1,,1,1
40,725696,0.998518042,686929.9965,0,998518042,0,686929,9965,42,2019-09-27 00:00:00.0000000,2018-10-01 00:00:00.0000000,69,2020-09-29 00:00:00.0000000,2019-10-03 00:00:00.0000000,,0,0,1
40,430834,0.969425853,4463.21014,0,969425853,0,4463,21014,4,2019-08-05 00:00:00.0000000,2019-02-13 00:00:00.0000000,2,2020-06-15 00:00:00.0000000,2020-03-03 00:00:00.0000000,,0,0,1
40,674865,0.937333732,3890.937963,0,937333732,0,3890,937963,4,2019-05-20 00:00:00.0000000,2018-10-24 00:00:00.0000000,NULL,NULL,NULL,,1,1,1
40,611556,0.993438985,10455.01105,0,993438985,0,10455,1105,7,2019-09-30 00:00:00.0000000,2018-12-27 00:00:00.0000000,11,2020-04-30 00:00:00.0000000,2019-10-08 00:00:00.0000000,,0,0,1
40,558890,0.754895885,273.6771171,0,754895885,0,273,6771171,2,2019-05-15 00:00:00.0000000,2019-04-17 00:00:00.0000000,NULL,NULL,NULL,,1,1,1
40,424856,0.998550652,41633.14895,0,998550652,0,41633,14895,58,2019-09-26 00:00:00.0000000,2018-10-10 00:00:00.0000000,26,2020-09-29 00:00:00.0000000,2019-10-11 00:00:00.0000000,,0,0,1
40,661495,0.961330327,17949.3961,0,961330327,0,17949,3961,11,2019-07-26 00:00:00.0000000,2018-10-31 00:00:00.0000000,NULL,NULL,NULL,,1,1,1
40,430653,0.940476592,18648.85427,0,940476592,0,18648,85427,22,2019-08-07 00:00:00.0000000,2018-10-05 00:00:00.0000000,16,2020-08-25 00:00:00.0000000,2019-11-29 00:00:00.0000000,,0,0,1
40,426704,0.98826306,14759.06754,0,98826306,0,14759,6754,6,2019-09-11 00:00:00.0000000,2019-01-21 00:00:00.0000000,4,2020-09-24 00:00:00.0000000,2019-10-18 00:00:00.0000000,,0,0,1
40,436174,0.99335003,34588.4196,0,99335003,0,34588,4196,19,2019-09-13 00:00:00.0000000,2018-11-29 00:00:00.0000000,16,2020-09-08 00:00:00.0000000,2019-10-24 00:00:00.0000000,,0,0,1
40,623656,0.9370589,13038.17687,0,9370589,0,13038,17687,13,2019-07-18 00:00:00.0000000,2018-10-19 00:00:00.0000000,10,2020-09-29 00:00:00.0000000,2020-01-27 00:00:00.0000000,,0,0,1
40,607931,0.983807443,350.4428717,0,983807443,0,350,4428717,3,2019-09-30 00:00:00.0000000,2018-10-31 00:00:00.0000000,NULL,NULL,NULL,,1,1,1
40,427975,0.999777977,314598.4725,0,999777977,0,314598,4725,199,2019-09-30 00:00:00.0000000,2018-10-01 00:00:00.0000000,167,2020-09-30 00:00:00.0000000,2019-10-01 00:00:00.0000000,,0,0,1
40,705848,0.99810016,86110.90803,0,99810016,0,86110,90803,40,2019-09-25 00:00:00.0000000,2018-10-01 00:00:00.0000000,41,2020-09-29 00:00:00.0000000,2019-10-07 00:00:00.0000000,,0,0,1
40,442315,0.31839832,29368.45174,0,31839832,1,29368,45174,16,2019-06-25 00:00:00.0000000,2018-12-31 00:00:00.0000000,15,2020-05-08 00:00:00.0000000,2019-10-29 00:00:00.0000000,,0,0,1
40,434089,0.703567173,238.908233,0,703567173,0,238,908233,2,2019-01-30 00:00:00.0000000,2018-12-18 00:00:00.0000000,6,2020-09-08 00:00:00.0000000,2020-03-19 00:00:00.0000000,,0,0,1
40,733388,0.642105238,330.2388799,0,642105238,0,330,2388799,2,2019-03-29 00:00:00.0000000,2019-03-05 00:00:00.0000000,NULL,NULL,NULL,,1,1,1
40,495963,0.874662433,3826.551164,0,874662433,0,3826,551164,6,2019-05-08 00:00:00.0000000,2018-10-16 00:00:00.0000000,1,2020-02-12 00:00:00.0000000,2020-02-12 00:00:00.0000000,,0,0,1
40,471527,0.059768215,85.27495451,0,59768215,1,85,27495451,5,2018-12-12 00:00:00.0000000,2018-10-08 00:00:00.0000000,NULL,NULL,NULL,,1,1,1
40,434983,0.776121061,3332.048307,0,776121061,0,3332,48307,4,2019-07-12 00:00:00.0000000,2019-05-24 00:00:00.0000000,4,2020-06-23 00:00:00.0000000,2019-12-16 00:00:00.0000000,,0,0,1
40,719299,0.517880182,2213.777871,0,517880182,0,2213,777871,16,2019-06-12 00:00:00.0000000,2018-10-18 00:00:00.0000000,25,2020-09-28 00:00:00.0000000,2019-11-15 00:00:00.0000000,,0,0,1
40,435826,0.999746026,396015.7912,0,999746026,0,396015,7912,174,2019-09-30 00:00:00.0000000,2018-10-01 00:00:00.0000000,131,2020-09-30 00:00:00.0000000,2019-10-01 00:00:00.0000000,,0,0,1
40,721277,0.87108357,99627.14478,0,87108357,0,99627,14478,47,2019-08-23 00:00:00.0000000,2018-10-02 00:00:00.0000000,9,2020-06-17 00:00:00.0000000,2019-10-22 00:00:00.0000000,,0,0,1
40,424333,0.998481298,74590.1587,0,998481298,0,74590,1587,50,2019-09-26 00:00:00.0000000,2018-10-01 00:00:00.0000000,31,2020-09-18 00:00:00.0000000,2019-10-24 00:00:00.0000000,,0,0,1
40,694417,0.619922769,0,0,619922769,0,0,1,2018-10-19 00:00:00.0000000,2018-10-19 00:00:00.0000000,NULL,NULL,NULL,NULL,1,,1,1
40,587692,0.994942976,25797.68576,0,994942976,0,25797,68576,9,2019-09-30 00:00:00.0000000,2018-10-09 00:00:00.0000000,12,2020-07-31 00:00:00.0000000,2019-11-29 00:00:00.0000000,,0,0,1
40,608911,0.996422543,4812.977673,0,996422543,0,4812,977673,18,2019-09-23 00:00:00.0000000,2018-10-30 00:00:00.0000000,13,2020-09-21 00:00:00.0000000,2019-10-30 00:00:00.0000000,,0,0,1
40,422537,0.991242857,39476.3064,0,991242857,0,39476,3064,8,2019-09-10 00:00:00.0000000,2018-10-10 00:00:00.0000000,2,2020-04-03 00:00:00.0000000,2020-01-29 00:00:00.0000000,,0,0,1
40,436516,0.99522351,1485.088534,0,99522351,0,1485,88534,12,2019-09-23 00:00:00.0000000,2018-10-30 00:00:00.0000000,12,2020-09-21 00:00:00.0000000,2019-10-30 00:00:00.0000000,,0,0,1
40,425397,0.897896512,463.5467289,0,897896512,0,463,5467289,2,2019-06-03 00:00:00.0000000,2019-03-25 00:00:00.0000000,1,2020-07-22 00:00:00.0000000,2020-07-22 00:00:00.0000000,,0,0,1
40,748130,0.169125236,2894.837025,0,169125236,1,2894,837025,12,2019-07-22 00:00:00.0000000,2019-05-08 00:00:00.0000000,8,2020-07-21 00:00:00.0000000,2019-10-21 00:00:00.0000000,,0,0,1
40,427755,0.999582676,81127.22813,0,999582676,0,81127,22813,106,2019-09-30 00:00:00.0000000,2018-10-02 00:00:00.0000000,94,2020-09-28 00:00:00.0000000,2019-10-01 00:00:00.0000000,,0,0,1
40,746832,0.787078655,14341.16235,0,787078655,0,14341,16235,5,2019-07-23 00:00:00.0000000,2019-05-27 00:00:00.0000000,1,2020-05-08 00:00:00.0000000,2020-05-08 00:00:00.0000000,,0,0,1
40,730132,0.99637905,4675.660788,0,99637905,0,4675,660788,17,2019-09-23 00:00:00.0000000,2018-10-03 00:00:00.0000000,12,2020-09-21 00:00:00.0000000,2019-10-30 00:00:00.0000000,,0,0,1
40,691875,0.999023771,151988.4687,0,999023771,0,151988,4687,114,2019-09-27 00:00:00.0000000,2018-10-01 00:00:00.0000000,131,2020-09-30 00:00:00.0000000,2019-10-03 00:00:00.0000000,,0,0,1
40,726947,0.997643685,11973.27548,0,997643685,0,11973,27548,19,2019-09-30 00:00:00.0000000,2018-10-08 00:00:00.0000000,11,2020-09-18 00:00:00.0000000,2019-11-29 00:00:00.0000000,,0,0,1
40,427584,0.970988463,506.8181458,0,970988463,0,506,8181458,2,2019-09-05 00:00:00.0000000,2018-11-26 00:00:00.0000000,3,2020-05-15 00:00:00.0000000,2020-05-05 00:00:00.0000000,,0,0,1
40,672806,0.997151993,9077.546046,0,997151993,0,9077,546046,25,2019-09-23 00:00:00.0000000,2018-10-01 00:00:00.0000000,18,2020-07-31 00:00:00.0000000,2019-10-18 00:00:00.0000000,,0,0,1
40,705297,0.983284782,4007.466242,0,983284782,0,4007,466242,16,2019-08-21 00:00:00.0000000,2018-10-05 00:00:00.0000000,6,2020-03-18 00:00:00.0000000,2019-11-12 00:00:00.0000000,,0,0,1
40,714695,0.999026478,152434.0896,0,999026478,0,152434,896,126,2019-09-27 00:00:00.0000000,2018-10-01 00:00:00.0000000,131,2020-09-28 00:00:00.0000000,2019-10-01 00:00:00.0000000,,0,0,1
40,655102,0.99899762,27347.39817,0,99899762,0,27347,39817,100,2019-09-27 00:00:00.0000000,2018-10-05 00:00:00.0000000,98,2020-09-29 00:00:00.0000000,2019-10-07 00:00:00.0000000,,0,0,1
40,734094,0.627349107,205.3433223,0,627349107,0,205,3433223,2,2019-01-09 00:00:00.0000000,2018-12-05 00:00:00.0000000,1,2019-12-20 00:00:00.0000000,2019-12-20 00:00:00.0000000,,0,0,1
40,654448,0.64211365,0,0,64211365,0,0,1,2018-12-13 00:00:00.0000000,2018-12-13 00:00:00.0000000,NULL,NULL,NULL,NULL,1,,1,1
40,602989,0.99522351,4455.551214,0,99522351,0,4455,551214,12,2019-09-23 00:00:00.0000000,2018-10-30 00:00:00.0000000,12,2020-09-21 00:00:00.0000000,2019-10-30 00:00:00.0000000,,0,0,1
40,730632,0.985780503,4059.640319,0,985780503,0,4059,640319,7,2019-09-13 00:00:00.0000000,2019-05-08 00:00:00.0000000,4,2020-09-17 00:00:00.0000000,2020-03-25 00:00:00.0000000,,0,0,1
40,705951,0.981220524,7177.770748,0,981220524,0,7177,770748,9,2019-08-09 00:00:00.0000000,2018-10-09 00:00:00.0000000,8,2020-09-23 00:00:00.0000000,2019-10-21 00:00:00.0000000,,0,0,1
40,675715,0.998447265,18567.63616,0,998447265,0,18567,63616,48,2019-09-26 00:00:00.0000000,2018-10-03 00:00:00.0000000,58,2020-09-29 00:00:00.0000000,2019-10-02 00:00:00.0000000,,0,0,1
40,644983,0.988423538,1341.847654,0,988423538,0,1341,847654,10,2019-08-29 00:00:00.0000000,2018-10-31 00:00:00.0000000,NULL,NULL,NULL,,1,1,1
40,436212,0.440212275,153.5005477,0,440212275,1,153,5005477,2,2019-04-24 00:00:00.0000000,2019-04-16 00:00:00.0000000,NULL,NULL,NULL,,1,1,1
40,421761,0.959621275,449.7552524,0,959621275,0,449,7552524,3,2019-06-24 00:00:00.0000000,2018-11-21 00:00:00.0000000,NULL,NULL,NULL,,1,1,1
40,654360,0.884774409,1550.755833,0,884774409,0,1550,755833,6,2019-05-20 00:00:00.0000000,2018-11-06 00:00:00.0000000,6,2020-06-08 00:00:00.0000000,2019-11-11 00:00:00.0000000,,0,0,1
40,607418,0.330285638,1121.462612,0,330285638,1,1121,462612,6,2019-03-12 00:00:00.0000000,2018-11-21 00:00:00.0000000,NULL,NULL,NULL,,1,1,1
40,703236,0.445995457,1399.963587,0,445995457,1,1399,963587,6,2019-03-30 00:00:00.0000000,2018-12-03 00:00:00.0000000,5,2020-09-03 00:00:00.0000000,2020-01-13 00:00:00.0000000,,0,0,1
40,734329,0.991137326,1123.050699,0,991137326,0,1123,50699,8,2019-09-09 00:00:00.0000000,2018-10-02 00:00:00.0000000,16,2020-09-30 00:00:00.0000000,2019-11-06 00:00:00.0000000,,0,0,1
40,467948,0.827834697,0,0,827834697,0,0,1,2019-08-16 00:00:00.0000000,2019-08-16 00:00:00.0000000,1,2019-11-29 00:00:00.0000000,2019-11-29 00:00:00.0000000,NULL,0,,0,1
40,708938,0.987602787,2706.572741,0,987602787,0,2706,572741,13,2019-08-26 00:00:00.0000000,2018-10-11 00:00:00.0000000,NULL,NULL,NULL,,1,1,1
40,670230,0.997778626,14839.63217,0,997778626,0,14839,63217,30,2019-09-25 00:00:00.0000000,2018-10-03 00:00:00.0000000,50,2020-09-21 00:00:00.0000000,2019-10-04 00:00:00.0000000,,0,0,1
40,431683,0.735269956,2868.031786,0,735269956,0,2868,31786,2,2019-02-27 00:00:00.0000000,2019-01-15 00:00:00.0000000,NULL,NULL,NULL,,1,1,1
40,688936,0.998920843,898680.4926,0,998920843,0,898680,4926,188,2019-09-27 00:00:00.0000000,2018-10-01 00:00:00.0000000,184,2020-09-30 00:00:00.0000000,2019-10-01 00:00:00.0000000,,0,0,1
40,738501,0.995794124,1717.395984,0,995794124,0,1717,395984,14,2019-09-23 00:00:00.0000000,2018-10-16 00:00:00.0000000,18,2020-09-30 00:00:00.0000000,2019-10-03 00:00:00.0000000,,0,0,1
40,423449,0.831400206,11694.31149,0,831400206,0,11694,31149,5,2019-04-30 00:00:00.0000000,2018-11-28 00:00:00.0000000,5,2020-09-29 00:00:00.0000000,2020-03-04 00:00:00.0000000,,0,0,1
40,566799,0.982821504,1534.639442,0,982821504,0,1534,639442,5,2019-08-16 00:00:00.0000000,2018-10-16 00:00:00.0000000,2,2020-09-21 00:00:00.0000000,2019-12-26 00:00:00.0000000,,0,0,1
40,705187,0.997576192,23766.64868,0,997576192,0,23766,64868,22,2019-09-27 00:00:00.0000000,2018-10-05 00:00:00.0000000,28,2020-09-29 00:00:00.0000000,2019-10-15 00:00:00.0000000,,0,0,1
40,709335,0.971519527,7345.281641,0,971519527,0,7345,281641,6,2019-07-15 00:00:00.0000000,2018-10-09 00:00:00.0000000,4,2019-11-28 00:00:00.0000000,2019-10-10 00:00:00.0000000,,0,0,1
40,552113,0.997992855,23983.73468,0,997992855,0,23983,73468,55,2019-09-24 00:00:00.0000000,2018-10-10 00:00:00.0000000,40,2020-09-30 00:00:00.0000000,2019-10-14 00:00:00.0000000,,0,0,1
40,424561,0.78199421,1346.077279,0,78199421,0,1346,77279,6,2019-05-08 00:00:00.0000000,2018-12-05 00:00:00.0000000,3,2020-09-18 00:00:00.0000000,2020-01-28 00:00:00.0000000,,0,0,1
40,749504,0.954393547,2462.491668,0,954393547,0,2462,491668,2,2019-08-29 00:00:00.0000000,2019-06-28 00:00:00.0000000,10,2019-12-05 00:00:00.0000000,2019-10-24 00:00:00.0000000,,0,0,1
40,434717,0.999743068,163601.68,0,999743068,0,163601,68,172,2019-09-30 00:00:00.0000000,2018-10-01 00:00:00.0000000,176,2020-09-30 00:00:00.0000000,2019-10-01 00:00:00.0000000,,0,0,1
40,688492,0.815796897,317.7432557,0,815796897,0,317,7432557,3,2019-03-05 00:00:00.0000000,2018-11-14 00:00:00.0000000,NULL,NULL,NULL,,1,1,1
40,718457,0.984122705,2295.333579,0,984122705,0,2295,333579,4,2019-09-11 00:00:00.0000000,2019-02-11 00:00:00.0000000,NULL,NULL,NULL,,1,1,1
40,429174,0.793736852,1864.640556,0,793736852,0,1864,640556,6,2019-04-26 00:00:00.0000000,2018-11-05 00:00:00.0000000,4,2020-05-21 00:00:00.0000000,2019-12-04 00:00:00.0000000,,0,0,1
40,428432,0.93050261,23148.93652,0,93050261,0,23148,93652,16,2019-07-22 00:00:00.0000000,2018-10-03 00:00:00.0000000,6,2020-08-24 00:00:00.0000000,2019-10-29 00:00:00.0000000,,0,0,1
40,667822,0.803762172,0,0,803762172,0,0,1,2019-07-30 00:00:00.0000000,2019-07-30 00:00:00.0000000,NULL,NULL,NULL,NULL,1,,1,1
40,662286,0.997418073,14807.48687,0,997418073,0,14807,48687,31,2019-09-23 00:00:00.0000000,2018-10-04 00:00:00.0000000,34,2020-09-21 00:00:00.0000000,2019-10-09 00:00:00.0000000,,0,0,1
40,605714,0.921684789,0,0,921684789,0,0,1,2019-09-26 00:00:00.0000000,2019-09-26 00:00:00.0000000,24,2020-09-29 00:00:00.0000000,2019-10-31 00:00:00.0000000,NULL,0,,0,1
40,434936,0.999338754,3903292.035,0,999338754,0,3903292,35,67,2019-09-30 00:00:00.0000000,2018-10-09 00:00:00.0000000,228,2020-09-30 00:00:00.0000000,2019-10-11 00:00:00.0000000,,0,0,1
40,730141,0.758133873,119.6141952,0,758133873,0,119,6141952,2,2018-12-10 00:00:00.0000000,2018-10-03 00:00:00.0000000,NULL,NULL,NULL,,1,1,1
40,689775,0.9884097,17019.79354,0,9884097,0,17019,79354,19,2019-09-03 00:00:00.0000000,2018-11-14 00:00:00.0000000,25,2020-09-17 00:00:00.0000000,2019-10-01 00:00:00.0000000,,0,0,1
40,630934,0.988642951,8122.268483,0,988642951,0,8122,268483,27,2019-09-04 00:00:00.0000000,2018-10-02 00:00:00.0000000,42,2020-09-29 00:00:00.0000000,2019-10-10 00:00:00.0000000,,0,0,1
40,522966,0.078908181,74.88604082,0,78908181,1,74,88604082,7,2019-04-29 00:00:00.0000000,2019-02-22 00:00:00.0000000,1,2020-01-03 00:00:00.0000000,2020-01-03 00:00:00.0000000,,0,0,1
40,625173,0.989303729,12564.34376,0,989303729,0,12564,34376,7,2019-09-05 00:00:00.0000000,2018-10-26 00:00:00.0000000,2,2019-11-06 00:00:00.0000000,2019-10-10 00:00:00.0000000,,0,0,1
40,705973,0.936730513,6499.680063,0,936730513,0,6499,680063,2,2019-07-01 00:00:00.0000000,2019-03-20 00:00:00.0000000,NULL,NULL,NULL,,1,1,1
40,720946,0.988597374,174336.9985,0,988597374,0,174336,9985,18,2019-09-04 00:00:00.0000000,2018-11-29 00:00:00.0000000,15,2020-09-28 00:00:00.0000000,2019-10-16 00:00:00.0000000,,0,0,1
40,563260,0.973651258,418.2588098,0,973651258,0,418,2588098,2,2019-09-23 00:00:00.0000000,2018-10-08 00:00:00.0000000,NULL,NULL,NULL,,1,1,1
40,718373,0.993421223,5693.117184,0,993421223,0,5693,117184,9,2019-09-19 00:00:00.0000000,2018-10-10 00:00:00.0000000,16,2020-09-30 00:00:00.0000000,2019-11-04 00:00:00.0000000,,0,0,1
40,748243,0.765561168,0,0,765561168,0,0,1,2019-06-26 00:00:00.0000000,2019-06-26 00:00:00.0000000,1,2020-01-11 00:00:00.0000000,2020-01-11 00:00:00.0000000,NULL,0,,0,1
40,426292,0.999797352,878074.2831,0,999797352,0,878074,2831,218,2019-09-30 00:00:00.0000000,2018-10-01 00:00:00.0000000,187,2020-09-30 00:00:00.0000000,2019-10-01 00:00:00.0000000,,0,0,1
40,431043,0.990841542,11375.55307,0,990841542,0,11375,55307,13,2019-09-04 00:00:00.0000000,2018-10-24 00:00:00.0000000,13,2020-07-21 00:00:00.0000000,2019-10-01 00:00:00.0000000,,0,0,1
40,424284,0.998573949,103697.8187,0,998573949,0,103697,8187,136,2019-09-26 00:00:00.0000000,2018-10-03 00:00:00.0000000,125,2020-09-29 00:00:00.0000000,2019-10-02 00:00:00.0000000,,0,0,1
40,621710,0.999807098,2174292.992,0,999807098,0,2174292,992,229,2019-09-30 00:00:00.0000000,2018-10-02 00:00:00.0000000,197,2020-09-30 00:00:00.0000000,2019-10-01 00:00:00.0000000,,0,0,1
40,693963,0.997947941,35745.11168,0,997947941,0,35745,11168,30,2019-09-26 00:00:00.0000000,2018-10-05 00:00:00.0000000,29,2020-09-03 00:00:00.0000000,2019-10-18 00:00:00.0000000,,0,0,1
40,433112,0.996738258,30420.45363,0,996738258,0,30420,45363,18,2019-09-25 00:00:00.0000000,2018-11-14 00:00:00.0000000,8,2020-09-03 00:00:00.0000000,2019-10-08 00:00:00.0000000,,0,0,1
40,434972,0.984852032,24908.59249,0,984852032,0,24908,59249,32,2019-09-03 00:00:00.0000000,2018-10-03 00:00:00.0000000,30,2020-09-21 00:00:00.0000000,2019-10-03 00:00:00.0000000,,0,0,1
40,747918,0.979944988,1912.1418,0,979944988,0,1912,1418,3,2019-09-17 00:00:00.0000000,2019-04-30 00:00:00.0000000,6,2020-07-16 00:00:00.0000000,2019-11-06 00:00:00.0000000,,0,0,1
40,742910,0.862909516,496.6374141,0,862909516,0,496,6374141,2,2019-05-22 00:00:00.0000000,2019-03-29 00:00:00.0000000,NULL,NULL,NULL,,1,1,1
40,432800,0.639530924,0,0,639530924,0,0,1,2018-12-07 00:00:00.0000000,2018-12-07 00:00:00.0000000,NULL,NULL,NULL,NULL,1,,1,1
40,724876,0.938671348,6236.326186,0,938671348,0,6236,326186,11,2019-07-10 00:00:00.0000000,2018-10-15 00:00:00.0000000,9,2020-06-08 00:00:00.0000000,2019-11-13 00:00:00.0000000,,0,0,1
40,637320,0.955028919,20000.81035,0,955028919,0,20000,81035,41,2019-08-29 00:00:00.0000000,2018-10-11 00:00:00.0000000,8,2020-09-29 00:00:00.0000000,2019-10-16 00:00:00.0000000,,0,0,1
40,469522,0.985268836,10808.2546,0,985268836,0,10808,2546,8,2019-08-19 00:00:00.0000000,2018-10-18 00:00:00.0000000,14,2020-08-24 00:00:00.0000000,2019-10-29 00:00:00.0000000,,0,0,1
40,676442,0.044468505,89.81637061,0,44468505,1,89,81637061,8,2019-01-30 00:00:00.0000000,2018-10-05 00:00:00.0000000,3,2020-04-15 00:00:00.0000000,2019-10-28 00:00:00.0000000,,0,0,1
40,586245,0.9390284,2025.177967,0,9390284,0,2025,177967,2,2019-06-25 00:00:00.0000000,2019-02-28 00:00:00.0000000,2,2020-03-03 00:00:00.0000000,2020-01-24 00:00:00.0000000,,0,0,1
40,726296,0.805062972,0,0,805062972,0,0,1,2019-07-31 00:00:00.0000000,2019-07-31 00:00:00.0000000,NULL,NULL,NULL,X,1,,1,1
40,646590,0.173190042,2292.141843,0,173190042,1,2292,141843,3,2018-12-07 00:00:00.0000000,2018-11-07 00:00:00.0000000,2,2020-06-30 00:00:00.0000000,2019-10-24 00:00:00.0000000,,0,0,1
40,621839,0.999806251,1250211.783,0,999806251,0,1250211,783,228,2019-09-30 00:00:00.0000000,2018-10-02 00:00:00.0000000,201,2020-09-30 00:00:00.0000000,2019-10-01 00:00:00.0000000,,0,0,1
40,695603,0.980757029,85177.08188,0,980757029,0,85177,8188,16,2019-08-20 00:00:00.0000000,2018-10-22 00:00:00.0000000,6,2020-08-13 00:00:00.0000000,2020-05-26 00:00:00.0000000,,0,0,1
40,660114,0.996973834,18439.0304,0,996973834,0,18439,304,24,2019-09-23 00:00:00.0000000,2018-10-30 00:00:00.0000000,19,2020-07-16 00:00:00.0000000,2019-10-14 00:00:00.0000000,,0,0,1
40,435372,0.627625813,0,0,627625813,0,0,1,2018-11-08 00:00:00.0000000,2018-11-08 00:00:00.0000000,NULL,NULL,NULL,NULL,1,,1,1
40,472651,0.995374953,28646.48125,0,995374953,0,28646,48125,39,2019-09-17 00:00:00.0000000,2018-10-08 00:00:00.0000000,25,2020-08-19 00:00:00.0000000,2019-10-01 00:00:00.0000000,,0,0,1
40,422546,0.99888932,14963.67932,0,99888932,0,14963,67932,40,2019-09-30 00:00:00.0000000,2018-10-16 00:00:00.0000000,48,2020-09-29 00:00:00.0000000,2019-10-01 00:00:00.0000000,,0,0,1
40,431688,0.996484114,7459.28592,0,996484114,0,7459,28592,18,2019-09-23 00:00:00.0000000,2018-10-13 00:00:00.0000000,16,2020-09-30 00:00:00.0000000,2019-10-04 00:00:00.0000000,,0,0,1
40,744299,0.877151529,0,0,877151529,0,0,1,2019-09-11 00:00:00.0000000,2019-09-11 00:00:00.0000000,NULL,NULL,NULL,NULL,1,,1,1
40,676161,0.740326584,0,0,740326584,0,0,1,2019-05-29 00:00:00.0000000,2019-05-29 00:00:00.0000000,NULL,NULL,NULL,NULL,1,,1,1
40,423585,0.997603744,26285.39822,0,997603744,0,26285,39822,31,2019-09-24 00:00:00.0000000,2018-10-11 00:00:00.0000000,21,2020-09-10 00:00:00.0000000,2019-10-11 00:00:00.0000000,,0,0,1
40,687328,0.980378274,10285.13942,0,980378274,0,10285,13942,5,2019-08-27 00:00:00.0000000,2019-02-25 00:00:00.0000000,NULL,NULL,NULL,,1,1,1
40,577288,0.995572582,11554.65105,0,995572582,0,11554,65105,21,2019-09-17 00:00:00.0000000,2018-10-01 00:00:00.0000000,19,2020-09-22 00:00:00.0000000,2019-10-07 00:00:00.0000000,,0,0,1
40,670300,0.614027865,0,0,614027865,0,0,1,2018-10-03 00:00:00.0000000,2018-10-03 00:00:00.0000000,NULL,NULL,NULL,NULL,1,,1,1
40,503283,0.981010114,5689.912513,0,981010114,0,5689,912513,35,2019-09-03 00:00:00.0000000,2018-10-15 00:00:00.0000000,31,2020-09-23 00:00:00.0000000,2019-10-22 00:00:00.0000000,,0,0,1
40,538774,0.90292732,758.1704325,0,90292732,0,758,1704325,2,2019-03-11 00:00:00.0000000,2018-10-30 00:00:00.0000000,8,2020-09-01 00:00:00.0000000,2019-10-14 00:00:00.0000000,,0,0,1
40,662513,0.634905843,0,0,634905843,0,0,1,2018-11-26 00:00:00.0000000,2018-11-26 00:00:00.0000000,NULL,NULL,NULL,NULL,1,,1,1
40,588161,0.982566097,74607.44576,0,982566097,0,74607,44576,32,2019-09-02 00:00:00.0000000,2018-10-10 00:00:00.0000000,40,2020-09-30 00:00:00.0000000,2019-10-03 00:00:00.0000000,,0,0,1
40,589931,0.995295988,8066.641907,0,995295988,0,8066,641907,31,2019-09-17 00:00:00.0000000,2018-10-31 00:00:00.0000000,13,2020-09-24 00:00:00.0000000,2019-10-29 00:00:00.0000000,,0,0,1
40,431868,0.998667297,152556.0921,0,998667297,0,152556,921,110,2019-09-26 00:00:00.0000000,2018-10-04 00:00:00.0000000,88,2020-09-28 00:00:00.0000000,2019-10-08 00:00:00.0000000,,0,0,1
40,735931,0.712462908,0,0,712462908,0,0,1,2019-04-22 00:00:00.0000000,2019-04-22 00:00:00.0000000,NULL,NULL,NULL,NULL,1,,1,1
40,620970,0.66909151,0,0,66909151,0,0,1,2019-02-08 00:00:00.0000000,2019-02-08 00:00:00.0000000,NULL,NULL,NULL,NULL,1,,1,1
40,645584,0.932792171,1292.525643,0,932792171,0,1292,525643,9,2019-06-26 00:00:00.0000000,2018-10-11 00:00:00.0000000,4,2020-02-17 00:00:00.0000000,2019-11-13 00:00:00.0000000,,0,0,1
40,572278,0.994660941,12228.38777,0,994660941,0,12228,38777,12,2019-09-19 00:00:00.0000000,2018-10-04 00:00:00.0000000,27,2020-06-10 00:00:00.0000000,2019-10-24 00:00:00.0000000,,0,0,1
40,588537,0.998912104,148853.5022,0,998912104,0,148853,5022,74,2019-09-27 00:00:00.0000000,2018-10-01 00:00:00.0000000,52,2020-09-21 00:00:00.0000000,2019-10-10 00:00:00.0000000,,0,0,1
40,430750,0.933560575,2615.550693,0,933560575,0,2615,550693,4,2019-07-08 00:00:00.0000000,2019-03-07 00:00:00.0000000,3,2020-06-15 00:00:00.0000000,2019-10-29 00:00:00.0000000,,0,0,1
40,625073,0.993024104,24691.32514,0,993024104,0,24691,32514,18,2019-09-10 00:00:00.0000000,2018-10-22 00:00:00.0000000,8,2020-09-17 00:00:00.0000000,2019-10-08 00:00:00.0000000,,0,0,1
40,609304,0.646964417,0,0,646964417,0,0,1,2018-12-24 00:00:00.0000000,2018-12-24 00:00:00.0000000,7,2020-09-22 00:00:00.0000000,2019-10-15 00:00:00.0000000,NULL,0,,0,1
40,436554,0.980327399,3323.906072,0,980327399,0,3323,906072,5,2019-08-13 00:00:00.0000000,2018-11-26 00:00:00.0000000,1,2020-08-10 00:00:00.0000000,2020-08-10 00:00:00.0000000,,0,0,1
40,593390,0.648314359,0,0,648314359,0,0,1,2018-12-27 00:00:00.0000000,2018-12-27 00:00:00.0000000,NULL,NULL,NULL,X,1,,1,1
40,464332,0.848013187,2206.326132,0,848013187,0,2206,326132,4,2019-05-24 00:00:00.0000000,2019-02-06 00:00:00.0000000,NULL,NULL,NULL,,1,1,1
40,674490,0.996490907,2164.193092,0,996490907,0,2164,193092,18,2019-09-23 00:00:00.0000000,2018-10-11 00:00:00.0000000,12,2020-09-21 00:00:00.0000000,2019-10-30 00:00:00.0000000,,0,0,1
40,607450,0.991955416,21297.22026,0,991955416,0,21297,22026,40,2019-09-12 00:00:00.0000000,2018-10-04 00:00:00.0000000,23,2020-09-07 00:00:00.0000000,2019-10-17 00:00:00.0000000,,0,0,1
40,721776,0.998058441,7243.439272,0,998058441,0,7243,439272,23,2019-09-30 00:00:00.0000000,2018-10-08 00:00:00.0000000,25,2020-09-29 00:00:00.0000000,2019-12-02 00:00:00.0000000,,0,0,1
40,655792,0.998893278,39827.61122,0,998893278,0,39827,61122,71,2019-09-27 00:00:00.0000000,2018-10-01 00:00:00.0000000,99,2020-09-30 00:00:00.0000000,2019-10-08 00:00:00.0000000,,0,0,1
40,696356,0.007930985,4.049209789,0,7930985,1,4,49209789,6,2018-12-10 00:00:00.0000000,2018-10-15 00:00:00.0000000,1,2019-12-13 00:00:00.0000000,2019-12-13 00:00:00.0000000,,0,0,1
40,464568,0.366745622,182.9449955,0,366745622,1,182,9449955,2,2019-06-07 00:00:00.0000000,2019-06-05 00:00:00.0000000,7,2020-07-16 00:00:00.0000000,2019-12-09 00:00:00.0000000,,0,0,1
40,425320,0.38634815,536.3836929,0,38634815,1,536,3836929,2,2018-12-03 00:00:00.0000000,2018-11-16 00:00:00.0000000,NULL,NULL,NULL,,1,1,1
40,428789,0.999649063,117723.5041,0,999649063,0,117723,5041,126,2019-09-30 00:00:00.0000000,2018-10-01 00:00:00.0000000,122,2020-09-28 00:00:00.0000000,2019-10-03 00:00:00.0000000,,0,0,1
40,745834,0.621362999,3392.329031,0,621362999,0,3392,329031,4,2019-04-17 00:00:00.0000000,2019-01-31 00:00:00.0000000,1,2020-06-23 00:00:00.0000000,2020-06-23 00:00:00.0000000,,0,0,1
40,674601,0.658111153,0,0,658111153,0,0,1,2019-01-17 00:00:00.0000000,2019-01-17 00:00:00.0000000,14,2020-06-05 00:00:00.0000000,2019-11-11 00:00:00.0000000,NULL,0,,0,1
40,422638,0.227774661,1232.571379,0,227774661,1,1232,571379,7,2019-04-25 00:00:00.0000000,2019-01-22 00:00:00.0000000,4,2020-07-13 00:00:00.0000000,2019-12-27 00:00:00.0000000,,0,0,1
40,593247,0.999810413,1405488.412,0,999810413,0,1405488,412,233,2019-09-30 00:00:00.0000000,2018-10-02 00:00:00.0000000,196,2020-09-30 00:00:00.0000000,2019-10-01 00:00:00.0000000,,0,0,1
40,556868,0.998959001,36852.27013,0,998959001,0,36852,27013,84,2019-09-27 00:00:00.0000000,2018-10-02 00:00:00.0000000,81,2020-08-25 00:00:00.0000000,2019-10-01 00:00:00.0000000,,0,0,1
40,433103,0.998416474,36228.81956,0,998416474,0,36228,81956,46,2019-09-26 00:00:00.0000000,2018-10-02 00:00:00.0000000,27,2020-09-18 00:00:00.0000000,2019-10-15 00:00:00.0000000,,0,0,1
40,433774,0.998946394,92614.03943,0,998946394,0,92614,3943,81,2019-09-27 00:00:00.0000000,2018-10-02 00:00:00.0000000,99,2020-09-30 00:00:00.0000000,2019-10-09 00:00:00.0000000,,0,0,1
40,707116,0.99787562,59009.18811,0,99787562,0,59009,18811,40,2019-09-24 00:00:00.0000000,2018-10-03 00:00:00.0000000,32,2020-09-30 00:00:00.0000000,2019-10-16 00:00:00.0000000,,0,0,1
40,584564,0.943502398,585.747634,0,943502398,0,585,747634,4,2019-06-11 00:00:00.0000000,2018-12-05 00:00:00.0000000,3,2020-09-28 00:00:00.0000000,2019-10-24 00:00:00.0000000,,0,0,1
40,441753,0.95045887,111061.0938,0,95045887,0,111061,938,30,2019-08-19 00:00:00.0000000,2018-10-01 00:00:00.0000000,4,2020-03-04 00:00:00.0000000,2020-01-14 00:00:00.0000000,,0,0,1
40,430246,0.998363453,52084.53201,0,998363453,0,52084,53201,69,2019-09-25 00:00:00.0000000,2018-10-03 00:00:00.0000000,99,2020-09-29 00:00:00.0000000,2019-10-14 00:00:00.0000000,,0,0,1
40,601247,0.993976373,3614.103377,0,993976373,0,3614,103377,12,2019-09-16 00:00:00.0000000,2018-10-22 00:00:00.0000000,15,2020-09-21 00:00:00.0000000,2019-10-02 00:00:00.0000000,,0,0,1
40,697722,0.996650854,17523.45032,0,996650854,0,17523,45032,17,2019-09-25 00:00:00.0000000,2018-10-23 00:00:00.0000000,23,2020-09-11 00:00:00.0000000,2019-10-01 00:00:00.0000000,,0,0,1
40,598976,0.998621748,160748.481,0,998621748,0,160748,481,65,2019-09-26 00:00:00.0000000,2018-10-03 00:00:00.0000000,75,2020-09-23 00:00:00.0000000,2019-10-05 00:00:00.0000000,,0,0,1
40,430334,0.997730674,30585.489,0,997730674,0,30585,489,26,2019-09-26 00:00:00.0000000,2018-10-05 00:00:00.0000000,21,2020-09-28 00:00:00.0000000,2019-10-11 00:00:00.0000000,,0,0,1
40,658019,3.81E-04,18.97422134,0,381,1,18,97422134,62,2019-07-12 00:00:00.0000000,2018-10-04 00:00:00.0000000,58,2020-09-25 00:00:00.0000000,2019-10-15 00:00:00.0000000,,0,0,1
40,653348,0.34833725,532.7383895,0,34833725,1,532,7383895,3,2019-01-14 00:00:00.0000000,2018-12-03 00:00:00.0000000,2,2020-06-11 00:00:00.0000000,2019-12-05 00:00:00.0000000,,0,0,1
40,424874,0.994727961,3359.307362,0,994727961,0,3359,307362,14,2019-09-17 00:00:00.0000000,2018-10-10 00:00:00.0000000,8,2020-07-27 00:00:00.0000000,2019-10-23 00:00:00.0000000,,0,0,1
40,434816,0.981261146,9430.8015,0,981261146,0,9430,8015,16,2019-08-21 00:00:00.0000000,2018-10-26 00:00:00.0000000,22,2020-09-15 00:00:00.0000000,2019-10-23 00:00:00.0000000,,0,0,1
40,655006,0.204750014,161.4339182,0,204750014,1,161,4339182,9,2019-03-19 00:00:00.0000000,2018-10-10 00:00:00.0000000,NULL,NULL,NULL,,1,1,1
40,434427,0.988249755,7524.698599,0,988249755,0,7524,698599,11,2019-08-26 00:00:00.0000000,2018-10-04 00:00:00.0000000,17,2020-09-07 00:00:00.0000000,2019-10-09 00:00:00.0000000,,0,0,1
40,429509,0.99556802,15680.12404,0,99556802,0,15680,12404,14,2019-09-24 00:00:00.0000000,2019-01-24 00:00:00.0000000,48,2020-09-15 00:00:00.0000000,2019-10-07 00:00:00.0000000,,0,0,1
40,552405,0.998349042,31833.27319,0,998349042,0,31833,27319,27,2019-09-30 00:00:00.0000000,2018-10-25 00:00:00.0000000,23,2020-09-28 00:00:00.0000000,2019-10-02 00:00:00.0000000,,0,0,1
40,464368,0.604955665,4983.482573,0,604955665,0,4983,482573,3,2019-01-31 00:00:00.0000000,2018-11-23 00:00:00.0000000,1,2019-12-11 00:00:00.0000000,2019-12-11 00:00:00.0000000,,0,0,1
40,729230,0.950236982,540.4961839,0,950236982,0,540,4961839,4,2019-06-11 00:00:00.0000000,2018-11-13 00:00:00.0000000,1,2020-01-21 00:00:00.0000000,2020-01-21 00:00:00.0000000,,0,0,1
40,644003,0.99895698,20224.50594,0,99895698,0,20224,50594,85,2019-09-27 00:00:00.0000000,2018-10-05 00:00:00.0000000,54,2020-09-30 00:00:00.0000000,2019-10-01 00:00:00.0000000,,0,0,1
40,620916,0.964100853,2042.112982,0,964100853,0,2042,112982,3,2019-06-25 00:00:00.0000000,2018-10-16 00:00:00.0000000,NULL,NULL,NULL,,1,1,1
40,593783,0.859657298,960.5063996,0,859657298,0,960,5063996,3,2019-05-06 00:00:00.0000000,2019-01-31 00:00:00.0000000,NULL,NULL,NULL,,1,1,1
40,707559,0.998825812,19832.54792,0,998825812,0,19832,54792,63,2019-09-27 00:00:00.0000000,2018-10-04 00:00:00.0000000,54,2020-09-30 00:00:00.0000000,2019-10-04 00:00:00.0000000,,0,0,1
40,533172,0.997890514,47966.77154,0,997890514,0,47966,77154,29,2019-09-26 00:00:00.0000000,2018-10-10 00:00:00.0000000,24,2020-09-29 00:00:00.0000000,2019-10-24 00:00:00.0000000,,0,0,1
40,525394,0.999677297,315634.8784,0,999677297,0,315634,8784,137,2019-09-30 00:00:00.0000000,2018-10-02 00:00:00.0000000,124,2020-09-30 00:00:00.0000000,2019-10-01 00:00:00.0000000,,0,0,1
40,655761,0.869230148,8703.526016,0,869230148,0,8703,526016,12,2019-07-01 00:00:00.0000000,2018-11-07 00:00:00.0000000,6,2020-07-03 00:00:00.0000000,2020-01-09 00:00:00.0000000,,0,0,1
40,580156,0.996245539,46548.83449,0,996245539,0,46548,83449,44,2019-09-19 00:00:00.0000000,2018-10-02 00:00:00.0000000,58,2020-09-30 00:00:00.0000000,2019-10-04 00:00:00.0000000,,0,0,1
40,604674,0.948923647,588.6134233,0,948923647,0,588,6134233,7,2019-06-25 00:00:00.0000000,2018-10-17 00:00:00.0000000,2,2020-04-22 00:00:00.0000000,2019-10-31 00:00:00.0000000,,0,0,1
40,429732,0.998602988,21645.08025,0,998602988,0,21645,8025,46,2019-09-27 00:00:00.0000000,2018-10-01 00:00:00.0000000,46,2020-09-21 00:00:00.0000000,2019-10-03 00:00:00.0000000,,0,0,1
40,425703,0.997095668,45807.19175,0,997095668,0,45807,19175,26,2019-09-23 00:00:00.0000000,2018-10-29 00:00:00.0000000,25,2020-09-21 00:00:00.0000000,2019-10-04 00:00:00.0000000,,0,0,1
40,579491,0.627237365,1284.350029,0,627237365,0,1284,350029,4,2019-02-14 00:00:00.0000000,2018-10-29 00:00:00.0000000,NULL,NULL,NULL,,1,1,1
40,744839,0.64081686,0,0,64081686,0,0,1,2018-12-10 00:00:00.0000000,2018-12-10 00:00:00.0000000,NULL,NULL,NULL,NULL,1,,1,1
40,672953,0.686610577,0,0,686610577,0,0,1,2019-03-12 00:00:00.0000000,2019-03-12 00:00:00.0000000,6,2019-12-17 00:00:00.0000000,2019-10-16 00:00:00.0000000,NULL,0,,0,1
40,638245,0.998315226,75195.19052,0,998315226,0,75195,19052,35,2019-09-27 00:00:00.0000000,2018-10-03 00:00:00.0000000,32,2020-09-25 00:00:00.0000000,2019-10-02 00:00:00.0000000,,0,0,1
40,677423,0.606841743,1845.727088,0,606841743,0,1845,727088,2,2019-03-14 00:00:00.0000000,2019-02-19 00:00:00.0000000,NULL,NULL,NULL,,1,1,1
40,430259,0.786747695,0,0,786747695,0,0,1,2019-07-16 00:00:00.0000000,2019-07-16 00:00:00.0000000,NULL,NULL,NULL,NULL,1,,1,1
40,739859,0.882611816,4784.101544,0,882611816,0,4784,101544,10,2019-06-19 00:00:00.0000000,2018-10-25 00:00:00.0000000,9,2020-07-17 00:00:00.0000000,2019-10-04 00:00:00.0000000,,0,0,1
40,634932,0.998917902,29921.61449,0,998917902,0,29921,61449,75,2019-09-27 00:00:00.0000000,2018-10-01 00:00:00.0000000,76,2020-09-28 00:00:00.0000000,2019-10-08 00:00:00.0000000,,0,0,1
40,423581,0.719498051,0,0,719498051,0,0,1,2019-05-02 00:00:00.0000000,2019-05-02 00:00:00.0000000,3,2020-06-03 00:00:00.0000000,2020-04-14 00:00:00.0000000,NULL,0,,0,1
40,535077,0.9986505,110272.747,0,9986505,0,110272,747,71,2019-09-26 00:00:00.0000000,2018-10-04 00:00:00.0000000,60,2020-09-21 00:00:00.0000000,2019-10-09 00:00:00.0000000,,0,0,1
40,424408,0.992798758,3046.820414,0,992798758,0,3046,820414,7,2019-09-25 00:00:00.0000000,2018-10-19 00:00:00.0000000,9,2020-09-07 00:00:00.0000000,2020-02-04 00:00:00.0000000,,0,0,1
40,525070,0.981171737,1246.850376,0,981171737,0,1246,850376,6,2019-08-09 00:00:00.0000000,2018-10-25 00:00:00.0000000,2,2020-04-08 00:00:00.0000000,2020-02-20 00:00:00.0000000,,0,0,1
40,434220,0.759183059,194.1309586,0,759183059,0,194,1309586,2,2018-12-31 00:00:00.0000000,2018-10-29 00:00:00.0000000,NULL,NULL,NULL,,1,1,1
40,699034,0.998563976,9705.279668,0,998563976,0,9705,279668,31,2019-09-30 00:00:00.0000000,2018-10-03 00:00:00.0000000,23,2020-09-25 00:00:00.0000000,2019-10-08 00:00:00.0000000,,0,0,1
40,428741,0.780051571,0,0,780051571,0,0,1,2019-07-10 00:00:00.0000000,2019-07-10 00:00:00.0000000,NULL,NULL,NULL,NULL,1,,1,1
40,733330,0.694342808,0,0,694342808,0,0,1,2019-03-25 00:00:00.0000000,2019-03-25 00:00:00.0000000,NULL,NULL,NULL,NULL,1,,1,1
40,685665,0.919015886,1145.980022,0,919015886,0,1145,980022,3,2019-04-17 00:00:00.0000000,2018-10-26 00:00:00.0000000,1,2020-09-11 00:00:00.0000000,2020-09-11 00:00:00.0000000,,0,0,1
40,713769,0.64211365,0,0,64211365,0,0,1,2018-12-13 00:00:00.0000000,2018-12-13 00:00:00.0000000,1,2019-12-16 00:00:00.0000000,2019-12-16 00:00:00.0000000,NULL,0,,0,1
40,426746,0.996658249,7131.083195,0,996658249,0,7131,83195,30,2019-09-20 00:00:00.0000000,2018-10-03 00:00:00.0000000,25,2020-09-29 00:00:00.0000000,2019-10-21 00:00:00.0000000,,0,0,1
40,685304,0.89684744,67986.59244,0,89684744,0,67986,59244,20,2019-07-25 00:00:00.0000000,2018-10-04 00:00:00.0000000,20,2020-07-29 00:00:00.0000000,2019-10-02 00:00:00.0000000,,0,0,1
40,717443,0.948329048,6437.943229,0,948329048,0,6437,943229,5,2019-06-05 00:00:00.0000000,2018-10-05 00:00:00.0000000,2,2020-05-11 00:00:00.0000000,2020-05-08 00:00:00.0000000,,0,0,1
40,425023,0.993999357,11151.00449,0,993999357,0,11151,449,11,2019-09-17 00:00:00.0000000,2018-10-03 00:00:00.0000000,9,2020-09-14 00:00:00.0000000,2019-11-22 00:00:00.0000000,,0,0,1
40,430037,0.388163326,142.4608102,0,388163326,1,142,4608102,2,2019-06-14 00:00:00.0000000,2019-06-12 00:00:00.0000000,NULL,NULL,NULL,,1,1,1
40,511536,0.967891575,1861.871458,0,967891575,0,1861,871458,3,2019-07-22 00:00:00.0000000,2018-12-18 00:00:00.0000000,8,2020-06-10 00:00:00.0000000,2019-10-30 00:00:00.0000000,,0,0,1
40,670279,0.9623267,1967.650757,0,9623267,0,1967,650757,7,2019-07-04 00:00:00.0000000,2018-10-01 00:00:00.0000000,11,2020-09-28 00:00:00.0000000,2019-10-01 00:00:00.0000000,,0,0,1
40,621651,0.622193276,0,0,622193276,0,0,1,2018-10-25 00:00:00.0000000,2018-10-25 00:00:00.0000000,NULL,NULL,NULL,NULL,1,,1,1
40,735659,0.645182739,0,0,645182739,0,0,1,2018-12-20 00:00:00.0000000,2018-12-20 00:00:00.0000000,NULL,NULL,NULL,NULL,1,,1,1
40,436532,0.553794918,12507.58187,0,553794918,0,12507,58187,10,2019-04-29 00:00:00.0000000,2018-10-03 00:00:00.0000000,19,2020-09-30 00:00:00.0000000,2020-02-13 00:00:00.0000000,,0,0,1
40,699350,0.193318487,1212.670878,0,193318487,1,1212,670878,4,2019-02-19 00:00:00.0000000,2019-01-03 00:00:00.0000000,8,2020-09-03 00:00:00.0000000,2019-10-14 00:00:00.0000000,,0,0,1
40,725661,0.92774402,31610.95899,0,92774402,0,31610,95899,2,2019-07-05 00:00:00.0000000,2019-04-16 00:00:00.0000000,NULL,NULL,NULL,,1,1,1
40,709161,0.989894534,11971.38963,0,989894534,0,11971,38963,6,2019-09-13 00:00:00.0000000,2018-10-17 00:00:00.0000000,4,2020-03-02 00:00:00.0000000,2019-10-02 00:00:00.0000000,,0,0,1
40,625918,0.076055833,549.9920547,0,76055833,1,549,9920547,3,2019-01-24 00:00:00.0000000,2019-01-10 00:00:00.0000000,NULL,NULL,NULL,,1,1,1
40,566859,0.992534741,9596.162291,0,992534741,0,9596,162291,18,2019-09-10 00:00:00.0000000,2018-11-12 00:00:00.0000000,6,2020-08-18 00:00:00.0000000,2019-11-26 00:00:00.0000000,,0,0,1
40,713803,0.924195201,1361.501424,0,924195201,0,1361,501424,3,2019-06-10 00:00:00.0000000,2019-02-08 00:00:00.0000000,1,2020-09-30 00:00:00.0000000,2020-09-30 00:00:00.0000000,,0,0,1
40,428555,0.956333065,1073.544351,0,956333065,0,1073,544351,7,2019-07-12 00:00:00.0000000,2018-11-27 00:00:00.0000000,6,2020-04-01 00:00:00.0000000,2019-12-17 00:00:00.0000000,,0,0,1
40,744423,0.997969071,212466.5475,0,997969071,0,212466,5475,22,2019-09-30 00:00:00.0000000,2018-12-18 00:00:00.0000000,35,2020-09-25 00:00:00.0000000,2019-10-17 00:00:00.0000000,,0,0,1
40,432251,0.996708558,16582.00643,0,996708558,0,16582,643,40,2019-09-20 00:00:00.0000000,2018-10-03 00:00:00.0000000,15,2020-08-06 00:00:00.0000000,2019-10-22 00:00:00.0000000,,0,0,1
40,435169,0.99975985,266760.4034,0,99975985,0,266760,4034,184,2019-09-30 00:00:00.0000000,2018-10-01 00:00:00.0000000,183,2020-09-30 00:00:00.0000000,2019-10-03 00:00:00.0000000,,0,0,1
40,464282,0.38551285,3846.463577,0,38551285,1,3846,463577,4,2019-01-30 00:00:00.0000000,2018-11-15 00:00:00.0000000,2,2020-01-30 00:00:00.0000000,2020-01-13 00:00:00.0000000,,0,0,1
40,725626,0.982078569,1791.769281,0,982078569,0,1791,769281,4,2019-08-23 00:00:00.0000000,2018-10-30 00:00:00.0000000,2,2019-12-16 00:00:00.0000000,2019-10-09 00:00:00.0000000,,0,0,1
40,433912,0.997837699,12200.37764,0,997837699,0,12200,37764,29,2019-09-26 00:00:00.0000000,2018-11-05 00:00:00.0000000,15,2020-04-16 00:00:00.0000000,2019-10-11 00:00:00.0000000,,0,0,1
40,599451,0.974419385,1525.353696,0,974419385,0,1525,353696,2,2019-09-30 00:00:00.0000000,2018-12-03 00:00:00.0000000,2,2020-05-13 00:00:00.0000000,2020-04-24 00:00:00.0000000,,0,0,1
40,433485,0.946272891,3591.306687,0,946272891,0,3591,306687,7,2019-06-19 00:00:00.0000000,2018-10-03 00:00:00.0000000,3,2020-07-24 00:00:00.0000000,2020-03-12 00:00:00.0000000,,0,0,1
40,422911,0.999594191,182803.6538,0,999594191,0,182803,6538,109,2019-09-30 00:00:00.0000000,2018-10-02 00:00:00.0000000,115,2020-09-30 00:00:00.0000000,2019-10-01 00:00:00.0000000,,0,0,1
40,429577,0.999261253,29050.91857,0,999261253,0,29050,91857,60,2019-09-30 00:00:00.0000000,2018-10-03 00:00:00.0000000,41,2020-09-24 00:00:00.0000000,2019-10-01 00:00:00.0000000,,0,0,1
40,733217,0.657150764,0,0,657150764,0,0,1,2019-01-15 00:00:00.0000000,2019-01-15 00:00:00.0000000,NULL,NULL,NULL,NULL,1,,1,1
40,435201,0.99736191,8110.329699,0,99736191,0,8110,329699,17,2019-09-30 00:00:00.0000000,2018-10-01 00:00:00.0000000,11,2020-07-22 00:00:00.0000000,2019-10-03 00:00:00.0000000,,0,0,1
40,704216,0.959397966,1195.580871,0,959397966,0,1195,580871,2,2019-07-01 00:00:00.0000000,2018-10-26 00:00:00.0000000,1,2020-06-17 00:00:00.0000000,2020-06-17 00:00:00.0000000,,0,0,1
40,441236,0.998662185,20769.70967,0,998662185,0,20769,70967,51,2019-09-27 00:00:00.0000000,2018-10-18 00:00:00.0000000,55,2020-09-28 00:00:00.0000000,2019-10-01 00:00:00.0000000,,0,0,1
40,430042,0.997953358,6767.118954,0,997953358,0,6767,118954,30,2019-09-26 00:00:00.0000000,2018-10-02 00:00:00.0000000,33,2020-09-25 00:00:00.0000000,2019-10-11 00:00:00.0000000,,0,0,1
40,725666,0.638255662,0,0,638255662,0,0,1,2018-12-04 00:00:00.0000000,2018-12-04 00:00:00.0000000,NULL,NULL,NULL,NULL,1,,1,1
40,692302,0.632033533,0,0,632033533,0,0,1,2018-11-19 00:00:00.0000000,2018-11-19 00:00:00.0000000,2,2020-04-21 00:00:00.0000000,2019-12-04 00:00:00.0000000,NULL,0,,0,1
40,695784,0.647549671,6924.256362,0,647549671,0,6924,256362,33,2019-07-30 00:00:00.0000000,2018-10-03 00:00:00.0000000,5,2020-01-15 00:00:00.0000000,2019-12-09 00:00:00.0000000,,0,0,1
40,433503,0.996272768,33042.95932,0,996272768,0,33042,95932,14,2019-09-26 00:00:00.0000000,2018-10-04 00:00:00.0000000,21,2020-09-30 00:00:00.0000000,2019-10-09 00:00:00.0000000,,0,0,1
40,703919,0.947318579,1981.839237,0,947318579,0,1981,839237,7,2019-06-24 00:00:00.0000000,2018-10-18 00:00:00.0000000,1,2020-01-13 00:00:00.0000000,2020-01-13 00:00:00.0000000,,0,0,1
40,427277,0.999792589,909028.92,0,999792589,0,909028,92,213,2019-09-30 00:00:00.0000000,2018-10-01 00:00:00.0000000,224,2020-09-30 00:00:00.0000000,2019-10-01 00:00:00.0000000,,0,0,1
40,711036,0.688467565,134.3304138,0,688467565,0,134,3304138,2,2018-12-11 00:00:00.0000000,2018-10-22 00:00:00.0000000,2,2019-11-14 00:00:00.0000000,2019-10-31 00:00:00.0000000,,0,0,1
40,718727,0.621812512,0,0,621812512,0,0,1,2018-10-24 00:00:00.0000000,2018-10-24 00:00:00.0000000,5,2020-08-20 00:00:00.0000000,2019-11-14 00:00:00.0000000,NULL,0,,0,1
40,427942,0.890353016,1550.989579,0,890353016,0,1550,989579,4,2019-04-09 00:00:00.0000000,2018-10-09 00:00:00.0000000,1,2020-07-27 00:00:00.0000000,2020-07-27 00:00:00.0000000,,0,0,1
40,511381,0.272068886,1413.967286,0,272068886,1,1413,967286,3,2019-04-29 00:00:00.0000000,2019-04-11 00:00:00.0000000,1,2019-12-10 00:00:00.0000000,2019-12-10 00:00:00.0000000,,0,0,1
40,625987,0.993525874,8902.734024,0,993525874,0,8902,734024,11,2019-09-16 00:00:00.0000000,2018-11-09 00:00:00.0000000,6,2020-04-24 00:00:00.0000000,2019-10-10 00:00:00.0000000,,0,0,1
40,465141,0.937682554,2506.405422,0,937682554,0,2506,405422,2,2019-09-02 00:00:00.0000000,2019-08-05 00:00:00.0000000,2,2020-08-05 00:00:00.0000000,2020-02-19 00:00:00.0000000,,0,0,1
40,435384,0.996626053,5613.748713,0,996626053,0,5613,748713,15,2019-09-27 00:00:00.0000000,2018-10-03 00:00:00.0000000,20,2020-09-29 00:00:00.0000000,2019-10-01 00:00:00.0000000,,0,0,1
40,546142,0.997933529,443903.9378,0,997933529,0,443903,9378,46,2019-09-24 00:00:00.0000000,2018-10-10 00:00:00.0000000,25,2020-09-17 00:00:00.0000000,2019-10-11 00:00:00.0000000,,0,0,1
40,741958,0.861937234,1652.959995,0,861937234,0,1652,959995,5,2019-05-08 00:00:00.0000000,2018-11-27 00:00:00.0000000,2,2019-12-17 00:00:00.0000000,2019-12-12 00:00:00.0000000,,0,0,1
40,707527,0.991325663,2538.134841,0,991325663,0,2538,134841,8,2019-09-10 00:00:00.0000000,2018-10-02 00:00:00.0000000,7,2020-06-23 00:00:00.0000000,2019-11-04 00:00:00.0000000,,0,0,1
40,682696,0.992633037,4581.549945,0,992633037,0,4581,549945,7,2019-09-24 00:00:00.0000000,2018-10-31 00:00:00.0000000,10,2020-08-31 00:00:00.0000000,2019-10-09 00:00:00.0000000,,0,0,1
40,434021,0.995327611,25382.95733,0,995327611,0,25382,95733,27,2019-09-16 00:00:00.0000000,2018-10-08 00:00:00.0000000,44,2020-09-25 00:00:00.0000000,2019-10-04 00:00:00.0000000,,0,0,1
40,560508,0.999376152,40096.67259,0,999376152,0,40096,67259,71,2019-09-30 00:00:00.0000000,2018-10-02 00:00:00.0000000,23,2020-07-29 00:00:00.0000000,2019-10-02 00:00:00.0000000,,0,0,1
40,671071,0.987621105,2246.220857,0,987621105,0,2246,220857,4,2019-09-26 00:00:00.0000000,2018-11-19 00:00:00.0000000,24,2020-09-23 00:00:00.0000000,2019-10-07 00:00:00.0000000,,0,0,1
40,724850,0.996838866,13118.69747,0,996838866,0,13118,69747,20,2019-09-24 00:00:00.0000000,2018-10-30 00:00:00.0000000,24,2020-09-21 00:00:00.0000000,2019-10-21 00:00:00.0000000,,0,0,1
40,422748,0.998979928,51649.86515,0,998979928,0,51649,86515,90,2019-09-27 00:00:00.0000000,2018-10-02 00:00:00.0000000,123,2020-09-30 00:00:00.0000000,2019-10-04 00:00:00.0000000,,0,0,1
40,429471,0.95784832,3220.918413,0,95784832,0,3220,918413,4,2019-06-20 00:00:00.0000000,2018-11-07 00:00:00.0000000,NULL,NULL,NULL,,1,1,1
40,700256,0.635320595,0,0,635320595,0,0,1,2018-11-27 00:00:00.0000000,2018-11-27 00:00:00.0000000,NULL,NULL,NULL,NULL,1,,1,1
40,725905,0.999816714,261941.7938,0,999816714,0,261941,7938,241,2019-09-30 00:00:00.0000000,2018-10-01 00:00:00.0000000,80,2020-02-26 00:00:00.0000000,2019-10-01 00:00:00.0000000,,0,0,1
40,642678,0.979114723,3314.371969,0,979114723,0,3314,371969,3,2019-08-29 00:00:00.0000000,2018-11-08 00:00:00.0000000,15,2020-09-29 00:00:00.0000000,2019-12-23 00:00:00.0000000,,0,0,1
40,645371,0.942587853,233.6884037,0,942587853,0,233,6884037,2,2019-05-22 00:00:00.0000000,2018-11-26 00:00:00.0000000,3,2020-02-18 00:00:00.0000000,2020-01-17 00:00:00.0000000,,0,0,1
40,634953,0.920232435,1888.675785,0,920232435,0,1888,675785,4,2019-05-16 00:00:00.0000000,2018-11-19 00:00:00.0000000,10,2020-09-16 00:00:00.0000000,2019-11-06 00:00:00.0000000,,0,0,1
40,704420,0.996236906,15049.75968,0,996236906,0,15049,75968,12,2019-09-30 00:00:00.0000000,2018-10-05 00:00:00.0000000,8,2020-09-23 00:00:00.0000000,2019-10-02 00:00:00.0000000,,0,0,1
40,425104,0.205894904,114.0265326,0,205894904,1,114,265326,4,2018-12-14 00:00:00.0000000,2018-10-10 00:00:00.0000000,6,2020-07-06 00:00:00.0000000,2019-10-28 00:00:00.0000000,,0,0,1
40,690577,0.997419705,286247.149,0,997419705,0,286247,149,24,2019-09-25 00:00:00.0000000,2018-10-10 00:00:00.0000000,18,2020-09-15 00:00:00.0000000,2019-10-25 00:00:00.0000000,,0,0,1
40,749140,0.883984191,60422.3187,0,883984191,0,60422,3187,3,2019-07-09 00:00:00.0000000,2019-05-10 00:00:00.0000000,NULL,NULL,NULL,,1,1,1
40,432017,0.999296585,51369.60436,0,999296585,0,51369,60436,63,2019-09-30 00:00:00.0000000,2018-10-03 00:00:00.0000000,46,2020-09-22 00:00:00.0000000,2019-10-01 00:00:00.0000000,,0,0,1
40,422230,0.796209808,0,0,796209808,0,0,1,2019-07-24 00:00:00.0000000,2019-07-24 00:00:00.0000000,7,2020-09-07 00:00:00.0000000,2019-12-19 00:00:00.0000000,NULL,0,,0,1
40,424715,0.998136338,49263.10233,0,998136338,0,49263,10233,43,2019-09-25 00:00:00.0000000,2018-10-09 00:00:00.0000000,32,2020-09-29 00:00:00.0000000,2019-10-02 00:00:00.0000000,,0,0,1
40,425647,0.99800905,31392.77779,0,99800905,0,31392,77779,50,2019-09-24 00:00:00.0000000,2018-10-01 00:00:00.0000000,50,2020-09-18 00:00:00.0000000,2019-10-08 00:00:00.0000000,,0,0,1
40,430446,0.644299585,0,0,644299585,0,0,1,2018-12-18 00:00:00.0000000,2018-12-18 00:00:00.0000000,1,2020-03-25 00:00:00.0000000,2020-03-25 00:00:00.0000000,NULL,0,,0,1
40,429518,0.985162743,7809.718871,0,985162743,0,7809,718871,19,2019-08-26 00:00:00.0000000,2018-10-03 00:00:00.0000000,16,2020-09-28 00:00:00.0000000,2019-11-12 00:00:00.0000000,,0,0,1
40,558967,0.99963753,554736.242,0,99963753,0,554736,242,122,2019-09-30 00:00:00.0000000,2018-10-01 00:00:00.0000000,129,2020-09-30 00:00:00.0000000,2019-10-03 00:00:00.0000000,,0,0,1
40,712761,0.70443117,0,0,70443117,0,0,1,2019-04-10 00:00:00.0000000,2019-04-10 00:00:00.0000000,NULL,NULL,NULL,NULL,1,,1,1
40,534432,0.687191674,0,0,687191674,0,0,1,2019-03-13 00:00:00.0000000,2019-03-13 00:00:00.0000000,NULL,NULL,NULL,NULL,1,,1,1
40,668266,0.692824093,1993.648653,0,692824093,0,1993,648653,21,2019-07-08 00:00:00.0000000,2018-10-04 00:00:00.0000000,13,2020-09-22 00:00:00.0000000,2019-10-17 00:00:00.0000000,,0,0,1
40,725802,0.99167541,15660.43215,0,99167541,0,15660,43215,13,2019-09-06 00:00:00.0000000,2018-10-17 00:00:00.0000000,12,2020-07-21 00:00:00.0000000,2019-10-04 00:00:00.0000000,,0,0,1
40,421890,0.999830122,2884851.679,0,999830122,0,2884851,679,260,2019-09-30 00:00:00.0000000,2018-10-01 00:00:00.0000000,265,2020-09-30 00:00:00.0000000,2019-10-01 00:00:00.0000000,,0,0,1
40,739646,0.992386034,6270.40073,0,992386034,0,6270,40073,19,2019-09-09 00:00:00.0000000,2018-10-30 00:00:00.0000000,18,2020-07-10 00:00:00.0000000,2019-10-01 00:00:00.0000000,,0,0,1
40,669431,0.748002726,2052.353133,0,748002726,0,2052,353133,2,2019-05-15 00:00:00.0000000,2019-04-18 00:00:00.0000000,7,2020-09-22 00:00:00.0000000,2020-03-20 00:00:00.0000000,,0,0,1
40,749606,0.526753756,15406.97103,0,526753756,0,15406,97103,2,2019-07-02 00:00:00.0000000,2019-06-28 00:00:00.0000000,3,2020-02-13 00:00:00.0000000,2019-10-07 00:00:00.0000000,,0,0,1
40,422020,0.923318375,1514.911167,0,923318375,0,1514,911167,2,2019-06-07 00:00:00.0000000,2019-02-28 00:00:00.0000000,1,2019-11-08 00:00:00.0000000,2019-11-08 00:00:00.0000000,,0,0,1
40,741793,0.939776425,3604.20124,0,939776425,0,3604,20124,2,2019-05-17 00:00:00.0000000,2018-11-28 00:00:00.0000000,NULL,NULL,NULL,,1,1,1
40,730631,0.996556225,50430.3188,0,996556225,0,50430,3188,30,2019-09-20 00:00:00.0000000,2018-10-16 00:00:00.0000000,15,2020-02-14 00:00:00.0000000,2019-10-01 00:00:00.0000000,,0,0,1
40,428448,0.64211365,0,0,64211365,0,0,1,2018-12-13 00:00:00.0000000,2018-12-13 00:00:00.0000000,NULL,NULL,NULL,NULL,1,,1,1
40,581052,0.994797807,16402.17131,0,994797807,0,16402,17131,12,2019-09-20 00:00:00.0000000,2018-10-11 00:00:00.0000000,7,2020-09-30 00:00:00.0000000,2019-10-11 00:00:00.0000000,,0,0,1
40,593153,0.982481077,1995.945683,0,982481077,0,1995,945683,3,2019-09-23 00:00:00.0000000,2019-02-21 00:00:00.0000000,4,2020-04-29 00:00:00.0000000,2019-10-29 00:00:00.0000000,,0,0,1
40,675085,0.9973751,63814.76281,0,9973751,0,63814,76281,20,2019-09-27 00:00:00.0000000,2018-10-04 00:00:00.0000000,15,2020-09-17 00:00:00.0000000,2019-10-04 00:00:00.0000000,,0,0,1
40,432388,0.997951564,9246.777301,0,997951564,0,9246,777301,30,2019-09-26 00:00:00.0000000,2018-10-03 00:00:00.0000000,9,2020-08-18 00:00:00.0000000,2019-10-02 00:00:00.0000000,,0,0,1
40,527067,0.959417059,2043.231505,0,959417059,0,2043,231505,9,2019-07-11 00:00:00.0000000,2018-10-02 00:00:00.0000000,1,2019-10-16 00:00:00.0000000,2019-10-16 00:00:00.0000000,,0,0,1
40,607975,0.998315668,725437.5878,0,998315668,0,725437,5878,92,2019-09-25 00:00:00.0000000,2018-10-04 00:00:00.0000000,119,2020-09-30 00:00:00.0000000,2019-10-02 00:00:00.0000000,,0,0,1
40,657661,0.967332674,1987.755238,0,967332674,0,1987,755238,4,2019-07-16 00:00:00.0000000,2018-11-29 00:00:00.0000000,12,2020-07-29 00:00:00.0000000,2020-01-28 00:00:00.0000000,,0,0,1
40,435246,0.999024879,86305.77516,0,999024879,0,86305,77516,131,2019-09-27 00:00:00.0000000,2018-10-01 00:00:00.0000000,104,2020-09-30 00:00:00.0000000,2019-10-02 00:00:00.0000000,,0,0,1
40,744954,0.957591106,894.4946726,0,957591106,0,894,4946726,3,2019-07-30 00:00:00.0000000,2019-03-27 00:00:00.0000000,2,2020-05-15 00:00:00.0000000,2019-10-08 00:00:00.0000000,,0,0,1
40,433584,0.997170067,14119.10264,0,997170067,0,14119,10264,23,2019-09-24 00:00:00.0000000,2018-10-10 00:00:00.0000000,27,2020-09-21 00:00:00.0000000,2019-10-21 00:00:00.0000000,,0,0,1
40,724831,0.475411638,392.5924874,0,475411638,1,392,5924874,3,2018-12-19 00:00:00.0000000,2018-10-18 00:00:00.0000000,NULL,NULL,NULL,,1,1,1
40,427538,0.99057084,13264.57708,0,99057084,0,13264,57708,26,2019-09-06 00:00:00.0000000,2018-10-01 00:00:00.0000000,23,2020-09-25 00:00:00.0000000,2019-10-01 00:00:00.0000000,,0,0,1
40,422077,0.995993531,39216.06624,0,995993531,0,39216,6624,37,2019-09-18 00:00:00.0000000,2018-10-02 00:00:00.0000000,45,2020-09-30 00:00:00.0000000,2019-10-01 00:00:00.0000000,,0,0,1
40,702492,0.993627369,27755.7791,0,993627369,0,27755,7791,16,2019-09-11 00:00:00.0000000,2018-10-03 00:00:00.0000000,7,2020-09-23 00:00:00.0000000,2020-02-10 00:00:00.0000000,,0,0,1
40,427349,0.996230311,5219.411412,0,996230311,0,5219,411412,14,2019-09-26 00:00:00.0000000,2018-10-30 00:00:00.0000000,6,2020-08-12 00:00:00.0000000,2020-01-15 00:00:00.0000000,,0,0,1
40,434059,0.999631475,74506.91246,0,999631475,0,74506,91246,120,2019-09-30 00:00:00.0000000,2018-10-03 00:00:00.0000000,140,2020-09-25 00:00:00.0000000,2019-10-02 00:00:00.0000000,,0,0,1
40,732174,0.997667252,11009.53184,0,997667252,0,11009,53184,23,2019-09-27 00:00:00.0000000,2018-10-02 00:00:00.0000000,18,2020-09-24 00:00:00.0000000,2019-10-07 00:00:00.0000000,,0,0,1
40,430411,0.990508769,32511.63918,0,990508769,0,32511,63918,37,2019-09-10 00:00:00.0000000,2018-10-09 00:00:00.0000000,41,2020-09-28 00:00:00.0000000,2019-10-08 00:00:00.0000000,,0,0,1
40,560646,0.545192393,31.78989958,0,545192393,0,31,78989958,2,2019-02-18 00:00:00.0000000,2019-01-28 00:00:00.0000000,NULL,NULL,NULL,,1,1,1
40,474671,0.997535766,14177.32657,0,997535766,0,14177,32657,26,2019-09-25 00:00:00.0000000,2018-10-17 00:00:00.0000000,39,2020-09-15 00:00:00.0000000,2019-10-03 00:00:00.0000000,,0,0,1
40,719717,0.69038702,1411.440537,0,69038702,0,1411,440537,2,2018-12-13 00:00:00.0000000,2018-10-24 00:00:00.0000000,2,2020-08-26 00:00:00.0000000,2020-01-27 00:00:00.0000000,,0,0,1
40,722475,0.714539235,0,0,714539235,0,0,1,2019-04-25 00:00:00.0000000,2019-04-25 00:00:00.0000000,NULL,NULL,NULL,NULL,1,,1,1
40,576165,0.983233699,1088.595231,0,983233699,0,1088,595231,3,2019-09-26 00:00:00.0000000,2018-12-19 00:00:00.0000000,1,2020-01-03 00:00:00.0000000,2020-01-03 00:00:00.0000000,,0,0,1
40,429000,0.877981582,4863.524015,0,877981582,0,4863,524015,8,2019-05-27 00:00:00.0000000,2018-10-05 00:00:00.0000000,10,2020-06-09 00:00:00.0000000,2019-10-31 00:00:00.0000000,,0,0,1
40,663033,0.756964292,0,0,756964292,0,0,1,2019-06-17 00:00:00.0000000,2019-06-17 00:00:00.0000000,2,2020-07-06 00:00:00.0000000,2019-10-08 00:00:00.0000000,NULL,0,,0,1
40,424039,0.997855969,14502.97645,0,997855969,0,14502,97645,32,2019-09-25 00:00:00.0000000,2018-10-05 00:00:00.0000000,29,2020-09-25 00:00:00.0000000,2019-10-09 00:00:00.0000000,,0,0,1
40,579852,0.752715483,6877.857796,0,752715483,0,6877,857796,6,2019-06-13 00:00:00.0000000,2019-02-26 00:00:00.0000000,NULL,NULL,NULL,,1,1,1
40,748145,0.537454607,263.0655955,0,537454607,0,263,655955,2,2019-04-29 00:00:00.0000000,2019-04-17 00:00:00.0000000,NULL,NULL,NULL,,1,1,1
40,650737,0.67596911,0,0,67596911,0,0,1,2019-02-21 00:00:00.0000000,2019-02-21 00:00:00.0000000,NULL,NULL,NULL,NULL,1,,1,1
40,709370,0.997109784,93625.84307,0,997109784,0,93625,84307,23,2019-09-24 00:00:00.0000000,2018-10-29 00:00:00.0000000,31,2020-09-21 00:00:00.0000000,2019-10-21 00:00:00.0000000,,0,0,1
40,426134,0.991573131,3894.718309,0,991573131,0,3894,718309,6,2019-09-25 00:00:00.0000000,2018-11-29 00:00:00.0000000,3,2020-09-14 00:00:00.0000000,2020-06-18 00:00:00.0000000,,0,0,1
40,624024,0.976143132,1297.084661,0,976143132,0,1297,84661,6,2019-07-23 00:00:00.0000000,2018-10-01 00:00:00.0000000,18,2020-09-28 00:00:00.0000000,2019-10-10 00:00:00.0000000,,0,0,1
40,740305,0.996169873,9366.869555,0,996169873,0,9366,869555,17,2019-09-23 00:00:00.0000000,2018-11-27 00:00:00.0000000,28,2020-09-30 00:00:00.0000000,2019-10-25 00:00:00.0000000,,0,0,1
40,559191,0.996245319,16048.3871,0,996245319,0,16048,3871,31,2019-09-19 00:00:00.0000000,2018-10-17 00:00:00.0000000,29,2020-09-22 00:00:00.0000000,2019-10-04 00:00:00.0000000,,0,0,1
40,492770,0.931275578,40350.63887,0,931275578,0,40350,63887,6,2019-06-07 00:00:00.0000000,2018-10-26 00:00:00.0000000,NULL,NULL,NULL,,1,1,1
40,592799,0.95134946,28452.56594,0,95134946,0,28452,56594,42,2019-08-28 00:00:00.0000000,2018-10-01 00:00:00.0000000,21,2020-09-24 00:00:00.0000000,2019-10-21 00:00:00.0000000,,0,0,1
40,684970,0.96943139,1979.008877,0,96943139,0,1979,8877,11,2019-07-31 00:00:00.0000000,2018-10-23 00:00:00.0000000,6,2020-06-30 00:00:00.0000000,2019-10-03 00:00:00.0000000,,0,0,1
40,423300,0.991512739,4758.396065,0,991512739,0,4758,396065,15,2019-09-05 00:00:00.0000000,2018-10-11 00:00:00.0000000,10,2020-08-03 00:00:00.0000000,2019-10-11 00:00:00.0000000,,0,0,1
40,492814,0.984457684,1962.806295,0,984457684,0,1962,806295,4,2019-09-04 00:00:00.0000000,2018-10-22 00:00:00.0000000,3,2020-09-23 00:00:00.0000000,2020-04-28 00:00:00.0000000,,0,0,1
40,448808,0.998494657,800818.9325,0,998494657,0,800818,9325,152,2019-09-26 00:00:00.0000000,2018-10-01 00:00:00.0000000,110,2020-09-30 00:00:00.0000000,2019-10-01 00:00:00.0000000,,0,0,1
40,682169,0.960443305,45470.75474,0,960443305,0,45470,75474,6,2019-06-26 00:00:00.0000000,2018-10-01 00:00:00.0000000,NULL,NULL,NULL,,1,1,1
40,426005,0.819050993,5725.438169,0,819050993,0,5725,438169,8,2019-05-15 00:00:00.0000000,2018-10-11 00:00:00.0000000,9,2020-07-13 00:00:00.0000000,2019-11-07 00:00:00.0000000,,0,0,1
40,690443,0.998140278,9423.878904,0,998140278,0,9423,878904,24,2019-09-30 00:00:00.0000000,2018-11-16 00:00:00.0000000,25,2020-09-16 00:00:00.0000000,2019-10-09 00:00:00.0000000,,0,0,1
40,557260,0.616578963,0,0,616578963,0,0,1,2018-10-10 00:00:00.0000000,2018-10-10 00:00:00.0000000,NULL,NULL,NULL,NULL,1,,1,1
40,698690,0.983355281,6098.924504,0,983355281,0,6098,924504,4,2019-09-09 00:00:00.0000000,2019-02-21 00:00:00.0000000,NULL,NULL,NULL,,1,1,1
40,711001,0.952646478,531.5160686,0,952646478,0,531,5160686,4,2019-06-03 00:00:00.0000000,2018-10-10 00:00:00.0000000,3,2020-07-21 00:00:00.0000000,2020-06-02 00:00:00.0000000,,0,0,1
40,747416,0.753301133,0,0,753301133,0,0,1,2019-06-13 00:00:00.0000000,2019-06-13 00:00:00.0000000,NULL,NULL,NULL,NULL,1,,1,1
40,556167,0.735440131,0,0,735440131,0,0,1,2019-05-23 00:00:00.0000000,2019-05-23 00:00:00.0000000,NULL,NULL,NULL,NULL,1,,1,1
40,422045,0.996228586,32629.60084,0,996228586,0,32629,60084,41,2019-09-19 00:00:00.0000000,2018-10-09 00:00:00.0000000,16,2019-12-24 00:00:00.0000000,2019-10-09 00:00:00.0000000,,0,0,1
40,424152,0.967535998,23511.7135,0,967535998,0,23511,7135,9,2019-07-29 00:00:00.0000000,2018-11-22 00:00:00.0000000,7,2020-08-10 00:00:00.0000000,2019-11-28 00:00:00.0000000,,0,0,1
40,673778,0.997928904,74947.87182,0,997928904,0,74947,87182,61,2019-09-24 00:00:00.0000000,2018-10-22 00:00:00.0000000,64,2020-09-22 00:00:00.0000000,2019-10-01 00:00:00.0000000,,0,0,1
40,442430,0.977889615,8625.634216,0,977889615,0,8625,634216,7,2019-08-05 00:00:00.0000000,2018-11-13 00:00:00.0000000,5,2020-08-10 00:00:00.0000000,2019-11-05 00:00:00.0000000,,0,0,1
40,718540,0.967628453,3166.485211,0,967628453,0,3166,485211,5,2019-07-08 00:00:00.0000000,2018-10-25 00:00:00.0000000,4,2020-09-17 00:00:00.0000000,2020-02-05 00:00:00.0000000,,0,0,1
40,675830,0.997778626,15214.31726,0,997778626,0,15214,31726,30,2019-09-25 00:00:00.0000000,2018-10-03 00:00:00.0000000,12,2020-07-29 00:00:00.0000000,2019-10-01 00:00:00.0000000,,0,0,1
40,579176,0.9983178,161114.7639,0,9983178,0,161114,7639,35,2019-09-27 00:00:00.0000000,2018-10-01 00:00:00.0000000,30,2020-09-11 00:00:00.0000000,2019-10-07 00:00:00.0000000,,0,0,1
40,425727,0.905266529,808.428755,0,905266529,0,808,428755,2,2019-03-14 00:00:00.0000000,2018-10-31 00:00:00.0000000,1,2020-02-27 00:00:00.0000000,2020-02-27 00:00:00.0000000,,0,0,1
40,749500,0.993078097,18032.71998,0,993078097,0,18032,71998,9,2019-09-26 00:00:00.0000000,2019-06-18 00:00:00.0000000,35,2020-09-30 00:00:00.0000000,2019-10-04 00:00:00.0000000,,0,0,1
40,646496,0.877151529,0,0,877151529,0,0,1,2019-09-11 00:00:00.0000000,2019-09-11 00:00:00.0000000,1,2019-10-17 00:00:00.0000000,2019-10-17 00:00:00.0000000,NULL,0,,0,1
40,422064,0.447117453,161.685598,0,447117453,1,161,685598,3,2019-07-24 00:00:00.0000000,2019-07-15 00:00:00.0000000,5,2020-09-16 00:00:00.0000000,2019-11-14 00:00:00.0000000,,0,0,1
40,651717,0.877151529,0,0,877151529,0,0,1,2019-09-11 00:00:00.0000000,2019-09-11 00:00:00.0000000,11,2020-06-03 00:00:00.0000000,2019-10-01 00:00:00.0000000,NULL,0,,0,1
40,720218,0.183125379,173.8127711,0,183125379,1,173,8127711,3,2018-11-22 00:00:00.0000000,2018-10-20 00:00:00.0000000,NULL,NULL,NULL,,1,1,1
40,430801,0.995841876,28246.36179,0,995841876,0,28246,36179,42,2019-09-18 00:00:00.0000000,2018-10-02 00:00:00.0000000,47,2020-09-29 00:00:00.0000000,2019-10-29 00:00:00.0000000,,0,0,1
40,741895,0.105423316,1045.305393,0,105423316,1,1045,305393,16,2019-05-16 00:00:00.0000000,2018-10-31 00:00:00.0000000,16,2020-09-30 00:00:00.0000000,2019-10-18 00:00:00.0000000,,0,0,1
40,587049,0.944633266,5397.952107,0,944633266,0,5397,952107,7,2019-07-03 00:00:00.0000000,2018-11-26 00:00:00.0000000,1,2019-12-04 00:00:00.0000000,2019-12-04 00:00:00.0000000,,0,0,1
40,724674,0.653368097,0,0,653368097,0,0,1,2019-01-07 00:00:00.0000000,2019-01-07 00:00:00.0000000,NULL,NULL,NULL,NULL,1,,1,1
40,725800,0.636571618,0,0,636571618,0,0,1,2018-11-30 00:00:00.0000000,2018-11-30 00:00:00.0000000,2,2020-02-07 00:00:00.0000000,2020-02-06 00:00:00.0000000,NULL,0,,0,1
40,422696,0.99849369,24205.74,0,99849369,0,24205,74,42,2019-09-27 00:00:00.0000000,2018-10-18 00:00:00.0000000,16,2020-09-14 00:00:00.0000000,2019-11-05 00:00:00.0000000,,0,0,1
40,745309,0.648766986,0,0,648766986,0,0,1,2018-12-28 00:00:00.0000000,2018-12-28 00:00:00.0000000,NULL,NULL,NULL,NULL,1,,1,1
40,433196,0.998515666,31105.95933,0,998515666,0,31105,95933,30,2019-09-30 00:00:00.0000000,2018-10-11 00:00:00.0000000,55,2020-09-30 00:00:00.0000000,2019-10-08 00:00:00.0000000,,0,0,1
40,422758,0.973616696,3287.111721,0,973616696,0,3287,111721,4,2019-07-17 00:00:00.0000000,2018-10-05 00:00:00.0000000,NULL,NULL,NULL,,1,1,1
40,690202,0.997620943,9795.312716,0,997620943,0,9795,312716,40,2019-09-23 00:00:00.0000000,2018-10-05 00:00:00.0000000,58,2020-09-29 00:00:00.0000000,2019-10-14 00:00:00.0000000,,0,0,1
40,434757,0.999025775,72852.68115,0,999025775,0,72852,68115,118,2019-09-27 00:00:00.0000000,2018-10-01 00:00:00.0000000,151,2020-09-29 00:00:00.0000000,2019-10-01 00:00:00.0000000,,0,0,1
40,432103,0.699303446,0,0,699303446,0,0,1,2019-04-02 00:00:00.0000000,2019-04-02 00:00:00.0000000,7,2020-09-28 00:00:00.0000000,2020-08-27 00:00:00.0000000,NULL,0,,0,1
40,435186,0.94779342,1402.001927,0,94779342,0,1402,1927,2,2019-06-10 00:00:00.0000000,2018-12-14 00:00:00.0000000,NULL,NULL,NULL,,1,1,1
40,606193,0.492668304,3280.358406,0,492668304,1,3280,358406,8,2019-04-08 00:00:00.0000000,2018-10-19 00:00:00.0000000,12,2020-09-16 00:00:00.0000000,2020-01-07 00:00:00.0000000,,0,0,1
40,421837,0.999013366,919183.305,0,999013366,0,919183,305,142,2019-09-27 00:00:00.0000000,2018-10-02 00:00:00.0000000,123,2020-09-30 00:00:00.0000000,2019-10-01 00:00:00.0000000,,0,0,1
40,741780,0.803767153,2313.68419,0,803767153,0,2313,68419,11,2019-06-11 00:00:00.0000000,2018-10-25 00:00:00.0000000,NULL,NULL,NULL,,1,1,1
40,428749,0.992565533,2631.276689,0,992565533,0,2631,276689,7,2019-09-23 00:00:00.0000000,2018-10-03 00:00:00.0000000,9,2020-07-21 00:00:00.0000000,2019-12-10 00:00:00.0000000,,0,0,1
40,738650,0.851797026,0,0,851797026,0,0,1,2019-08-30 00:00:00.0000000,2019-08-30 00:00:00.0000000,2,2020-02-25 00:00:00.0000000,2020-02-21 00:00:00.0000000,NULL,0,,0,1
40,521035,0.997739069,17891.17516,0,997739069,0,17891,17516,34,2019-09-24 00:00:00.0000000,2018-10-01 00:00:00.0000000,55,2020-09-29 00:00:00.0000000,2019-10-01 00:00:00.0000000,,0,0,1
40,430733,0.992178249,241408.1019,0,992178249,0,241408,1019,42,2019-09-13 00:00:00.0000000,2018-10-11 00:00:00.0000000,41,2020-09-17 00:00:00.0000000,2019-10-07 00:00:00.0000000,,0,0,1
40,535967,0.869915602,5820.9717,0,869915602,0,5820,9717,18,2019-07-26 00:00:00.0000000,2018-11-23 00:00:00.0000000,22,2020-09-21 00:00:00.0000000,2019-10-04 00:00:00.0000000,,0,0,1
40,667524,0.966423881,2914.328023,0,966423881,0,2914,328023,3,2019-08-28 00:00:00.0000000,2019-05-29 00:00:00.0000000,2,2020-08-25 00:00:00.0000000,2020-02-17 00:00:00.0000000,,0,0,1
40,580623,0.999534213,159959.138,0,999534213,0,159959,138,95,2019-09-30 00:00:00.0000000,2018-10-08 00:00:00.0000000,88,2020-09-28 00:00:00.0000000,2019-10-07 00:00:00.0000000,,0,0,1
40,546403,0.636571618,0,0,636571618,0,0,1,2018-11-30 00:00:00.0000000,2018-11-30 00:00:00.0000000,NULL,NULL,NULL,NULL,1,,1,1
40,686953,0.761628708,805.2003774,0,761628708,0,805,2003774,8,2019-05-21 00:00:00.0000000,2018-11-19 00:00:00.0000000,11,2020-01-13 00:00:00.0000000,2019-10-29 00:00:00.0000000,,0,0,1
40,559933,0.997382019,86441.49548,0,997382019,0,86441,49548,30,2019-09-23 00:00:00.0000000,2018-10-04 00:00:00.0000000,29,2020-09-30 00:00:00.0000000,2019-10-30 00:00:00.0000000,,0,0,1
40,436031,0.998350248,7485.258433,0,998350248,0,7485,258433,36,2019-09-27 00:00:00.0000000,2018-10-02 00:00:00.0000000,35,2020-09-21 00:00:00.0000000,2019-10-10 00:00:00.0000000,,0,0,1
40,433053,0.999318321,280882.7452,0,999318321,0,280882,7452,65,2019-09-30 00:00:00.0000000,2018-10-02 00:00:00.0000000,52,2020-09-30 00:00:00.0000000,2019-10-07 00:00:00.0000000,,0,0,1
40,615676,0.584271168,1362.860326,0,584271168,0,1362,860326,2,2019-02-06 00:00:00.0000000,2019-01-11 00:00:00.0000000,1,2020-01-10 00:00:00.0000000,2020-01-10 00:00:00.0000000,,0,0,1
40,611829,0.896077485,5809.898507,0,896077485,0,5809,898507,4,2019-06-20 00:00:00.0000000,2019-03-04 00:00:00.0000000,4,2020-07-01 00:00:00.0000000,2019-12-27 00:00:00.0000000,,0,0,1
40,727823,0.871077773,693.6505194,0,871077773,0,693,6505194,2,2019-02-04 00:00:00.0000000,2018-10-16 00:00:00.0000000,2,2020-08-31 00:00:00.0000000,2020-01-21 00:00:00.0000000,,0,0,1
40,663105,0.998013786,103438.6487,0,998013786,0,103438,6487,30,2019-09-27 00:00:00.0000000,2018-12-05 00:00:00.0000000,16,2020-09-15 00:00:00.0000000,2019-10-04 00:00:00.0000000,,0,0,1
40,718995,0.99786603,5963.524258,0,99786603,0,5963,524258,32,2019-09-25 00:00:00.0000000,2018-10-01 00:00:00.0000000,42,2020-09-30 00:00:00.0000000,2019-10-01 00:00:00.0000000,,0,0,1
40,429624,0.995328412,18803.93119,0,995328412,0,18803,93119,14,2019-09-20 00:00:00.0000000,2018-10-05 00:00:00.0000000,17,2020-09-03 00:00:00.0000000,2019-10-15 00:00:00.0000000,,0,0,1
40,730182,0.674890751,0,0,674890751,0,0,1,2019-02-19 00:00:00.0000000,2019-02-19 00:00:00.0000000,NULL,NULL,NULL,NULL,1,,1,1
40,731144,0.659871571,5798.186864,0,659871571,0,5798,186864,7,2019-05-14 00:00:00.0000000,2018-12-24 00:00:00.0000000,NULL,NULL,NULL,,1,1,1
40,733201,0.987431745,12654.25612,0,987431745,0,12654,25612,8,2019-08-27 00:00:00.0000000,2018-10-31 00:00:00.0000000,12,2020-08-28 00:00:00.0000000,2019-11-08 00:00:00.0000000,,0,0,1
40,432602,0.952893886,4133.191381,0,952893886,0,4133,191381,4,2019-06-06 00:00:00.0000000,2018-10-18 00:00:00.0000000,NULL,NULL,NULL,,1,1,1
40,427124,0.995992395,31211.07083,0,995992395,0,31211,7083,22,2019-09-19 00:00:00.0000000,2018-10-18 00:00:00.0000000,52,2020-09-29 00:00:00.0000000,2019-10-04 00:00:00.0000000,,0,0,1
40,710254,0.992409588,19137.54219,0,992409588,0,19137,54219,9,2019-09-18 00:00:00.0000000,2019-01-22 00:00:00.0000000,12,2020-09-17 00:00:00.0000000,2019-10-14 00:00:00.0000000,,0,0,1
40,609253,0.997547287,15740.22596,0,997547287,0,15740,22596,29,2019-09-24 00:00:00.0000000,2018-10-03 00:00:00.0000000,46,2020-09-28 00:00:00.0000000,2019-10-02 00:00:00.0000000,,0,0,1
40,698115,0.651511098,0,0,651511098,0,0,1,2019-01-03 00:00:00.0000000,2019-01-03 00:00:00.0000000,NULL,NULL,NULL,NULL,1,,1,1
40,688676,0.789053147,0,0,789053147,0,0,1,2019-07-18 00:00:00.0000000,2019-07-18 00:00:00.0000000,2,2020-01-13 00:00:00.0000000,2019-11-05 00:00:00.0000000,NULL,0,,0,1
40,655715,0.998215495,18773.54208,0,998215495,0,18773,54208,25,2019-09-30 00:00:00.0000000,2018-10-03 00:00:00.0000000,57,2020-09-30 00:00:00.0000000,2019-10-01 00:00:00.0000000,,0,0,1
40,741273,0.995521405,34703.48593,0,995521405,0,34703,48593,32,2019-09-17 00:00:00.0000000,2018-10-15 00:00:00.0000000,15,2020-04-17 00:00:00.0000000,2019-10-01 00:00:00.0000000,,0,0,1
40,683693,0.940709132,236.7890078,0,940709132,0,236,7890078,2,2019-04-30 00:00:00.0000000,2018-10-15 00:00:00.0000000,NULL,NULL,NULL,,1,1,1
40,447899,0.499316505,976.9215939,0,499316505,1,976,9215939,5,2019-02-06 00:00:00.0000000,2018-10-03 00:00:00.0000000,NULL,NULL,NULL,,1,1,1
40,655279,0.62257499,0,0,62257499,0,0,1,2018-10-26 00:00:00.0000000,2018-10-26 00:00:00.0000000,3,2019-12-26 00:00:00.0000000,2019-11-04 00:00:00.0000000,NULL,0,,0,1
40,737349,0.989780184,5655.670052,0,989780184,0,5655,670052,6,2019-09-18 00:00:00.0000000,2019-02-08 00:00:00.0000000,8,2020-09-30 00:00:00.0000000,2019-10-04 00:00:00.0000000,,0,0,1
40,630348,0.998233461,8721.017183,0,998233461,0,8721,17183,33,2019-09-27 00:00:00.0000000,2018-10-09 00:00:00.0000000,29,2020-09-30 00:00:00.0000000,2019-10-07 00:00:00.0000000,,0,0,1
40,654552,0.99622464,11426.47343,0,99622464,0,11426,47343,60,2019-09-20 00:00:00.0000000,2018-10-02 00:00:00.0000000,11,2020-09-22 00:00:00.0000000,2019-10-21 00:00:00.0000000,,0,0,1
40,571777,0.988201477,71737.42886,0,988201477,0,71737,42886,49,2019-09-11 00:00:00.0000000,2018-10-04 00:00:00.0000000,54,2020-09-29 00:00:00.0000000,2019-10-02 00:00:00.0000000,,0,0,1
40,594180,0.992840764,74869.47752,0,992840764,0,74869,47752,65,2019-09-17 00:00:00.0000000,2018-10-09 00:00:00.0000000,57,2020-09-30 00:00:00.0000000,2019-10-01 00:00:00.0000000,,0,0,1
40,693215,0.661028848,0,0,661028848,0,0,1,2019-01-23 00:00:00.0000000,2019-01-23 00:00:00.0000000,NULL,NULL,NULL,NULL,1,,1,1
40,722498,0.632848723,0,0,632848723,0,0,1,2018-11-21 00:00:00.0000000,2018-11-21 00:00:00.0000000,NULL,NULL,NULL,NULL,1,,1,1
40,682573,0.989813609,6237.848534,0,989813609,0,6237,848534,14,2019-09-02 00:00:00.0000000,2018-10-30 00:00:00.0000000,26,2020-09-22 00:00:00.0000000,2019-10-01 00:00:00.0000000,,0,0,1
40,434919,0.96848039,4760.64175,0,96848039,0,4760,64175,4,2019-07-31 00:00:00.0000000,2019-01-30 00:00:00.0000000,6,2020-09-21 00:00:00.0000000,2019-10-29 00:00:00.0000000,,0,0,1
40,596361,0.993489427,972.1087757,0,993489427,0,972,1087757,8,2019-09-24 00:00:00.0000000,2018-10-24 00:00:00.0000000,15,2020-09-04 00:00:00.0000000,2019-12-04 00:00:00.0000000,,0,0,1
40,430074,0.992349797,1955.309531,0,992349797,0,1955,309531,7,2019-09-23 00:00:00.0000000,2018-12-10 00:00:00.0000000,13,2020-09-28 00:00:00.0000000,2019-10-18 00:00:00.0000000,,0,0,1
40,724749,0.804717645,511.0813308,0,804717645,0,511,813308,5,2019-04-05 00:00:00.0000000,2018-10-22 00:00:00.0000000,NULL,NULL,NULL,,1,1,1
40,654116,0.985054196,7039.382206,0,985054196,0,7039,382206,6,2019-08-20 00:00:00.0000000,2018-10-10 00:00:00.0000000,16,2020-09-07 00:00:00.0000000,2019-10-17 00:00:00.0000000,,0,0,1
40,612752,0.997609927,63979.1418,0,997609927,0,63979,1418,108,2019-09-24 00:00:00.0000000,2018-10-03 00:00:00.0000000,82,2020-09-28 00:00:00.0000000,2019-10-01 00:00:00.0000000,,0,0,1
40,707689,0.691921709,0,0,691921709,0,0,1,2019-03-21 00:00:00.0000000,2019-03-21 00:00:00.0000000,NULL,NULL,NULL,NULL,1,,1,1
40,432393,0.999439547,61150.70316,0,999439547,0,61150,70316,79,2019-09-30 00:00:00.0000000,2018-10-01 00:00:00.0000000,66,2020-09-25 00:00:00.0000000,2019-10-02 00:00:00.0000000,,0,0,1
40,525964,0.308803321,4305.278306,0,308803321,1,4305,278306,15,2019-05-28 00:00:00.0000000,2018-10-29 00:00:00.0000000,8,2020-09-15 00:00:00.0000000,2019-11-21 00:00:00.0000000,,0,0,1
40,588654,0.997048669,8741.086796,0,997048669,0,8741,86796,20,2019-09-25 00:00:00.0000000,2018-10-17 00:00:00.0000000,36,2020-09-29 00:00:00.0000000,2019-10-02 00:00:00.0000000,,0,0,1
40,589862,0.987764323,1070.411561,0,987764323,0,1070,411561,5,2019-09-18 00:00:00.0000000,2019-03-14 00:00:00.0000000,4,2020-09-21 00:00:00.0000000,2019-11-22 00:00:00.0000000,,0,0,1
40,687631,0.999814401,2789270.385,0,999814401,0,2789270,385,238,2019-09-30 00:00:00.0000000,2018-10-02 00:00:00.0000000,200,2020-09-30 00:00:00.0000000,2019-10-01 00:00:00.0000000,,0,0,1
40,423270,0.949438009,1021.534224,0,949438009,0,1021,534224,5,2019-07-29 00:00:00.0000000,2019-03-21 00:00:00.0000000,10,2020-06-25 00:00:00.0000000,2020-01-17 00:00:00.0000000,,0,0,1
40,539250,0.997796728,12892.73836,0,997796728,0,12892,73836,27,2019-09-26 00:00:00.0000000,2018-10-02 00:00:00.0000000,26,2020-09-21 00:00:00.0000000,2019-10-15 00:00:00.0000000,,0,0,1
40,712890,0.668575007,0,0,668575007,0,0,1,2019-02-07 00:00:00.0000000,2019-02-07 00:00:00.0000000,NULL,NULL,NULL,NULL,1,,1,1
40,430787,0.997695439,42314.3831,0,997695439,0,42314,3831,50,2019-09-23 00:00:00.0000000,2018-10-05 00:00:00.0000000,51,2020-09-29 00:00:00.0000000,2019-10-08 00:00:00.0000000,,0,0,1
40,670312,0.901212946,0,0,901212946,0,0,1,2019-09-20 00:00:00.0000000,2019-09-20 00:00:00.0000000,NULL,NULL,NULL,NULL,1,,1,1
40,737642,0.996455539,278285.9741,0,996455539,0,278285,9741,29,2019-09-24 00:00:00.0000000,2019-03-13 00:00:00.0000000,55,2020-09-30 00:00:00.0000000,2019-10-01 00:00:00.0000000,,0,0,1
40,662028,0.455315218,2413.742346,0,455315218,1,2413,742346,17,2019-06-24 00:00:00.0000000,2018-11-23 00:00:00.0000000,NULL,NULL,NULL,,1,1,1
40,710677,0.939993134,174.2843107,0,939993134,0,174,2843107,2,2019-05-17 00:00:00.0000000,2018-11-27 00:00:00.0000000,NULL,NULL,NULL,,1,1,1
40,725927,0.615845721,0,0,615845721,0,0,1,2018-10-08 00:00:00.0000000,2018-10-08 00:00:00.0000000,NULL,NULL,NULL,NULL,1,,1,1
40,675894,0.029139863,118.5770041,0,29139863,1,118,5770041,3,2018-10-23 00:00:00.0000000,2018-10-11 00:00:00.0000000,NULL,NULL,NULL,,1,1,1
40,429450,0.568850112,813.7899431,0,568850112,0,813,7899431,3,2019-04-05 00:00:00.0000000,2019-02-19 00:00:00.0000000,NULL,NULL,NULL,,1,1,1
40,422639,0.637832917,0,0,637832917,0,0,1,2018-12-03 00:00:00.0000000,2018-12-03 00:00:00.0000000,1,2020-03-12 00:00:00.0000000,2020-03-12 00:00:00.0000000,NULL,0,,0,1
40,660158,0.744525586,0,0,744525586,0,0,1,2019-06-03 00:00:00.0000000,2019-06-03 00:00:00.0000000,4,2020-06-30 00:00:00.0000000,2019-10-30 00:00:00.0000000,NULL,0,,0,1
40,713763,0.986520636,2791.763362,0,986520636,0,2791,763362,8,2019-08-21 00:00:00.0000000,2018-10-02 00:00:00.0000000,NULL,NULL,NULL,,1,1,1
40,639239,0.914289906,0,0,914289906,0,0,1,2019-09-24 00:00:00.0000000,2019-09-24 00:00:00.0000000,NULL,NULL,NULL,NULL,1,,1,1
40,653292,0.994508459,21228.46029,0,994508459,0,21228,46029,9,2019-09-27 00:00:00.0000000,2018-11-29 00:00:00.0000000,4,2020-04-23 00:00:00.0000000,2019-10-23 00:00:00.0000000,,0,0,1
40,427751,0.994109857,2960.42962,0,994109857,0,2960,42962,10,2019-09-20 00:00:00.0000000,2018-10-02 00:00:00.0000000,12,2020-09-25 00:00:00.0000000,2019-11-19 00:00:00.0000000,,0,0,1
40,644184,0.998910336,39011.23396,0,998910336,0,39011,23396,74,2019-09-27 00:00:00.0000000,2018-10-02 00:00:00.0000000,70,2020-09-28 00:00:00.0000000,2019-10-09 00:00:00.0000000,,0,0,1
40,422415,0.90020301,2433.042397,0,90020301,0,2433,42397,6,2019-05-13 00:00:00.0000000,2018-10-03 00:00:00.0000000,1,2020-06-11 00:00:00.0000000,2020-06-11 00:00:00.0000000,,0,0,1
40,720729,0.496208761,129.4072589,0,496208761,1,129,4072589,2,2018-11-20 00:00:00.0000000,2018-10-24 00:00:00.0000000,NULL,NULL,NULL,,1,1,1
40,589110,0.99522351,2230.082464,0,99522351,0,2230,82464,12,2019-09-23 00:00:00.0000000,2018-10-30 00:00:00.0000000,12,2020-09-21 00:00:00.0000000,2019-10-30 00:00:00.0000000,,0,0,1
40,422079,0.410516145,11.49515757,0,410516145,1,11,49515757,2,2019-03-29 00:00:00.0000000,2019-03-20 00:00:00.0000000,1,2020-09-09 00:00:00.0000000,2020-09-09 00:00:00.0000000,,0,0,1
40,521351,0.68036,0,0,68036,0,0,1,2019-03-01 00:00:00.0000000,2019-03-01 00:00:00.0000000,1,2019-12-27 00:00:00.0000000,2019-12-27 00:00:00.0000000,NULL,0,,0,1
40,435394,0.797439741,0,0,797439741,0,0,1,2019-07-25 00:00:00.0000000,2019-07-25 00:00:00.0000000,NULL,NULL,NULL,NULL,1,,1,1
40,429613,0.747973088,0,0,747973088,0,0,1,2019-06-07 00:00:00.0000000,2019-06-07 00:00:00.0000000,NULL,NULL,NULL,NULL,1,,1,1
40,705823,0.998583316,151417.5293,0,998583316,0,151417,5293,45,2019-09-27 00:00:00.0000000,2018-10-01 00:00:00.0000000,26,2020-09-22 00:00:00.0000000,2019-10-01 00:00:00.0000000,,0,0,1
40,726354,0.630014309,0,0,630014309,0,0,1,2018-11-14 00:00:00.0000000,2018-11-14 00:00:00.0000000,NULL,NULL,NULL,NULL,1,,1,1
40,423738,0.99590719,33580.0003,0,99590719,0,33580,3,24,2019-09-18 00:00:00.0000000,2018-10-08 00:00:00.0000000,70,2020-09-30 00:00:00.0000000,2019-10-15 00:00:00.0000000,,0,0,1
40,734820,0.962154337,5053.521194,0,962154337,0,5053,521194,6,2019-07-17 00:00:00.0000000,2018-12-14 00:00:00.0000000,3,2019-11-12 00:00:00.0000000,2019-10-17 00:00:00.0000000,,0,0,1
40,421779,0.999705316,251254.5117,0,999705316,0,251254,5117,150,2019-09-30 00:00:00.0000000,2018-10-01 00:00:00.0000000,139,2020-09-30 00:00:00.0000000,2019-10-02 00:00:00.0000000,,0,0,1
40,745480,0.051879402,155.02021,0,51879402,1,155,2021,5,2019-03-12 00:00:00.0000000,2019-01-30 00:00:00.0000000,NULL,NULL,NULL,,1,1,1
40,593883,0.996824232,11090.83363,0,996824232,0,11090,83363,21,2019-09-23 00:00:00.0000000,2018-10-09 00:00:00.0000000,15,2020-09-21 00:00:00.0000000,2019-10-30 00:00:00.0000000,,0,0,1
40,430716,0.98535382,335428.711,0,98535382,0,335428,711,13,2019-08-27 00:00:00.0000000,2018-11-29 00:00:00.0000000,8,2020-02-27 00:00:00.0000000,2019-10-18 00:00:00.0000000,,0,0,1
40,593617,0.895327439,0,0,895327439,0,0,1,2019-09-18 00:00:00.0000000,2019-09-18 00:00:00.0000000,6,2020-09-16 00:00:00.0000000,2020-01-14 00:00:00.0000000,NULL,0,,0,1
40,721290,0.986906515,6253.154343,0,986906515,0,6253,154343,6,2019-08-27 00:00:00.0000000,2018-10-01 00:00:00.0000000,10,2020-08-31 00:00:00.0000000,2019-10-15 00:00:00.0000000,,0,0,1
40,741561,0.969019683,67567.33617,0,969019683,0,67567,33617,9,2019-07-26 00:00:00.0000000,2018-10-30 00:00:00.0000000,6,2020-06-22 00:00:00.0000000,2019-10-09 00:00:00.0000000,,0,0,1
40,662058,0.734641132,0,0,734641132,0,0,1,2019-05-22 00:00:00.0000000,2019-05-22 00:00:00.0000000,NULL,NULL,NULL,NULL,1,,1,1
40,433322,0.498511706,12430.62538,0,498511706,1,12430,62538,43,2019-08-06 00:00:00.0000000,2018-10-03 00:00:00.0000000,37,2020-09-29 00:00:00.0000000,2019-10-04 00:00:00.0000000,,0,0,1
40,674556,0.934938788,3001.866288,0,934938788,0,3001,866288,2,2019-06-28 00:00:00.0000000,2019-03-18 00:00:00.0000000,6,2020-06-17 00:00:00.0000000,2019-10-16 00:00:00.0000000,,0,0,1
40,464245,0.686610577,0,0,686610577,0,0,1,2019-03-12 00:00:00.0000000,2019-03-12 00:00:00.0000000,NULL,NULL,NULL,NULL,1,,1,1
40,735441,0.948009206,970433.8911,0,948009206,0,970433,8911,10,2019-08-05 00:00:00.0000000,2019-02-04 00:00:00.0000000,8,2020-04-15 00:00:00.0000000,2019-10-09 00:00:00.0000000,,0,0,1
40,434536,0.997999155,18390.80111,0,997999155,0,18390,80111,36,2019-09-25 00:00:00.0000000,2018-10-01 00:00:00.0000000,18,2020-07-22 00:00:00.0000000,2019-10-08 00:00:00.0000000,,0,0,1
40,732507,0.62411143,0,0,62411143,0,0,1,2018-10-30 00:00:00.0000000,2018-10-30 00:00:00.0000000,NULL,NULL,NULL,NULL,1,,1,1
40,747191,0.754208326,0,0,754208326,0,0,1,2019-06-14 00:00:00.0000000,2019-06-14 00:00:00.0000000,NULL,NULL,NULL,NULL,1,,1,1
40,426058,0.999208224,60289.5886,0,999208224,0,60289,5886,56,2019-09-30 00:00:00.0000000,2018-10-01 00:00:00.0000000,22,2020-09-29 00:00:00.0000000,2019-10-02 00:00:00.0000000,,0,0,1
40,688112,0.851797026,0,0,851797026,0,0,1,2019-08-30 00:00:00.0000000,2019-08-30 00:00:00.0000000,1,2019-11-08 00:00:00.0000000,2019-11-08 00:00:00.0000000,NULL,0,,0,1
40,655106,0.999743068,134614.0372,0,999743068,0,134614,372,172,2019-09-30 00:00:00.0000000,2018-10-01 00:00:00.0000000,93,2020-05-05 00:00:00.0000000,2019-10-01 00:00:00.0000000,,0,0,1
40,581097,0.989989489,4571.180032,0,989989489,0,4571,180032,5,2019-09-25 00:00:00.0000000,2018-11-13 00:00:00.0000000,8,2020-09-15 00:00:00.0000000,2019-10-07 00:00:00.0000000,,0,0,1
40,435415,0.964791436,1822.91668,0,964791436,0,1822,91668,3,2019-07-12 00:00:00.0000000,2018-12-11 00:00:00.0000000,3,2020-06-26 00:00:00.0000000,2019-12-20 00:00:00.0000000,,0,0,1
40,666480,0.736243449,0,0,736243449,0,0,1,2019-05-24 00:00:00.0000000,2019-05-24 00:00:00.0000000,NULL,NULL,NULL,NULL,1,,1,1
40,421980,0.997889471,7092.759389,0,997889471,0,7092,759389,26,2019-09-27 00:00:00.0000000,2018-10-01 00:00:00.0000000,17,2020-07-14 00:00:00.0000000,2019-10-03 00:00:00.0000000,,0,0,1
40,576174,0.635320595,0,0,635320595,0,0,1,2018-11-27 00:00:00.0000000,2018-11-27 00:00:00.0000000,NULL,NULL,NULL,NULL,1,,1,1
40,435348,0.026735227,1511.36953,0,26735227,1,1511,36953,8,2019-01-21 00:00:00.0000000,2018-10-04 00:00:00.0000000,NULL,NULL,NULL,,1,1,1
40,634466,0.696184181,0,0,696184181,0,0,1,2019-03-28 00:00:00.0000000,2019-03-28 00:00:00.0000000,3,2020-09-17 00:00:00.0000000,2019-10-18 00:00:00.0000000,NULL,0,,0,1
40,579139,0.832591652,0,0,832591652,0,0,1,2019-08-19 00:00:00.0000000,2019-08-19 00:00:00.0000000,1,2020-05-06 00:00:00.0000000,2020-05-06 00:00:00.0000000,NULL,0,,0,1
40,734705,0.987644214,31595.83936,0,987644214,0,31595,83936,5,2019-09-18 00:00:00.0000000,2019-03-21 00:00:00.0000000,16,2020-09-23 00:00:00.0000000,2019-11-15 00:00:00.0000000,,0,0,1
40,608719,0.88570466,3762.798068,0,88570466,0,3762,798068,7,2019-06-10 00:00:00.0000000,2018-12-03 00:00:00.0000000,4,2020-05-07 00:00:00.0000000,2019-10-16 00:00:00.0000000,,0,0,1
40,427352,0.474369038,4517.366151,0,474369038,1,4517,366151,4,2019-01-18 00:00:00.0000000,2018-10-17 00:00:00.0000000,NULL,NULL,NULL,,1,1,1
40,430854,0.828186563,5282.425026,0,828186563,0,5282,425026,2,2019-06-27 00:00:00.0000000,2019-05-30 00:00:00.0000000,1,2020-06-05 00:00:00.0000000,2020-06-05 00:00:00.0000000,,0,0,1
40,697634,0.981363021,17902.18314,0,981363021,0,17902,18314,17,2019-08-21 00:00:00.0000000,2018-10-15 00:00:00.0000000,2,2019-11-18 00:00:00.0000000,2019-10-16 00:00:00.0000000,,0,0,1
40,749419,0.973212198,10129.91191,0,973212198,0,10129,91191,2,2019-09-27 00:00:00.0000000,2019-06-28 00:00:00.0000000,1,2019-11-28 00:00:00.0000000,2019-11-28 00:00:00.0000000,,0,0,1
40,704295,0.66909151,0,0,66909151,0,0,1,2019-02-08 00:00:00.0000000,2019-02-08 00:00:00.0000000,NULL,NULL,NULL,NULL,1,,1,1
40,577750,0.978743714,3521.116241,0,978743714,0,3521,116241,3,2019-08-23 00:00:00.0000000,2018-10-01 00:00:00.0000000,NULL,NULL,NULL,,1,1,1
40,710479,0.690130747,0,0,690130747,0,0,1,2019-03-18 00:00:00.0000000,2019-03-18 00:00:00.0000000,8,2020-04-21 00:00:00.0000000,2019-10-08 00:00:00.0000000,NULL,0,,0,1
40,715912,0.653835873,0,0,653835873,0,0,1,2019-01-08 00:00:00.0000000,2019-01-08 00:00:00.0000000,NULL,NULL,NULL,NULL,1,,1,1
40,495889,0.022366377,18.32551031,0,22366377,1,18,32551031,5,2018-12-28 00:00:00.0000000,2018-11-13 00:00:00.0000000,NULL,NULL,NULL,,1,1,1
40,432394,0.999273418,135140.2259,0,999273418,0,135140,2259,61,2019-09-30 00:00:00.0000000,2018-10-23 00:00:00.0000000,88,2020-09-30 00:00:00.0000000,2019-10-01 00:00:00.0000000,,0,0,1
40,606223,0.686610577,0,0,686610577,0,0,1,2019-03-12 00:00:00.0000000,2019-03-12 00:00:00.0000000,1,2020-03-12 00:00:00.0000000,2020-03-12 00:00:00.0000000,NULL,0,,0,1
40,609302,0.996825216,19577.31065,0,996825216,0,19577,31065,18,2019-09-25 00:00:00.0000000,2018-10-09 00:00:00.0000000,13,2020-09-22 00:00:00.0000000,2019-11-29 00:00:00.0000000,,0,0,1
40,515023,0.619922769,0,0,619922769,0,0,1,2018-10-19 00:00:00.0000000,2018-10-19 00:00:00.0000000,NULL,NULL,NULL,NULL,1,,1,1
40,678944,0.940330745,60.07796265,0,940330745,0,60,7796265,2,2019-05-22 00:00:00.0000000,2018-12-07 00:00:00.0000000,NULL,NULL,NULL,,1,1,1
40,432720,0.997974723,36670.20876,0,997974723,0,36670,20876,51,2019-09-24 00:00:00.0000000,2018-10-10 00:00:00.0000000,50,2020-09-21 00:00:00.0000000,2019-10-03 00:00:00.0000000,,0,0,1
40,427086,0.999681949,170369.0331,0,999681949,0,170369,331,139,2019-09-30 00:00:00.0000000,2018-10-01 00:00:00.0000000,117,2020-09-28 00:00:00.0000000,2019-10-01 00:00:00.0000000,,0,0,1
40,685258,0.971505512,401.6627359,0,971505512,0,401,6627359,2,2019-09-09 00:00:00.0000000,2018-12-04 00:00:00.0000000,8,2020-06-02 00:00:00.0000000,2019-10-23 00:00:00.0000000,,0,0,1
40,584872,0.99261088,12811.02419,0,99261088,0,12811,2419,8,2019-09-19 00:00:00.0000000,2018-11-14 00:00:00.0000000,NULL,NULL,NULL,,1,1,1
40,648458,0.999804534,1533386.669,0,999804534,0,1533386,669,226,2019-09-30 00:00:00.0000000,2018-10-02 00:00:00.0000000,196,2020-09-30 00:00:00.0000000,2019-10-01 00:00:00.0000000,,0,0,1
40,730145,0.058130033,2927.746394,0,58130033,1,2927,746394,3,2018-10-29 00:00:00.0000000,2018-10-11 00:00:00.0000000,NULL,NULL,NULL,,1,1,1
40,425455,0.835815084,19998.05847,0,835815084,0,19998,5847,26,2019-07-31 00:00:00.0000000,2018-10-11 00:00:00.0000000,14,2020-09-30 00:00:00.0000000,2019-10-24 00:00:00.0000000,,0,0,1
40,435096,0.995995295,4053.791571,0,995995295,0,4053,791571,13,2019-09-26 00:00:00.0000000,2018-10-22 00:00:00.0000000,7,2020-09-16 00:00:00.0000000,2020-01-16 00:00:00.0000000,,0,0,1
40,428165,0.993907507,2514.690151,0,993907507,0,2514,690151,9,2019-09-23 00:00:00.0000000,2018-11-17 00:00:00.0000000,13,2020-07-17 00:00:00.0000000,2019-10-24 00:00:00.0000000,,0,0,1
40,546318,0.999791609,2842735.49,0,999791609,0,2842735,49,212,2019-09-30 00:00:00.0000000,2018-10-01 00:00:00.0000000,209,2020-09-30 00:00:00.0000000,2019-10-01 00:00:00.0000000,,0,0,1
40,642758,0.992533888,1686.238984,0,992533888,0,1686,238984,7,2019-09-23 00:00:00.0000000,2018-10-15 00:00:00.0000000,2,2019-11-28 00:00:00.0000000,2019-10-02 00:00:00.0000000,,0,0,1
40,661367,0.997084431,11019.06874,0,997084431,0,11019,6874,24,2019-09-23 00:00:00.0000000,2018-10-02 00:00:00.0000000,23,2020-09-30 00:00:00.0000000,2019-10-22 00:00:00.0000000,,0,0,1
40,716752,0.968445327,663.5970737,0,968445327,0,663,5970737,2,2019-08-28 00:00:00.0000000,2019-01-24 00:00:00.0000000,2,2020-06-10 00:00:00.0000000,2019-11-11 00:00:00.0000000,,0,0,1
40,552780,0.935925659,739.0914068,0,935925659,0,739,914068,8,2019-06-21 00:00:00.0000000,2018-10-10 00:00:00.0000000,9,2020-08-18 00:00:00.0000000,2019-10-23 00:00:00.0000000,,0,0,1
40,423347,0.709263984,952.9388417,0,709263984,0,952,9388417,4,2019-02-14 00:00:00.0000000,2018-10-09 00:00:00.0000000,5,2020-03-18 00:00:00.0000000,2019-11-26 00:00:00.0000000,,0,0,1
40,469916,0.994650263,24052.34833,0,994650263,0,24052,34833,10,2019-09-24 00:00:00.0000000,2018-10-22 00:00:00.0000000,28,2020-09-30 00:00:00.0000000,2019-10-04 00:00:00.0000000,,0,0,1
40,672663,0.178214602,154.0598996,0,178214602,1,154,598996,4,2018-12-17 00:00:00.0000000,2018-10-18 00:00:00.0000000,NULL,NULL,NULL,,1,1,1
40,707687,0.745379919,0,0,745379919,0,0,1,2019-06-04 00:00:00.0000000,2019-06-04 00:00:00.0000000,2,2020-07-15 00:00:00.0000000,2019-12-17 00:00:00.0000000,NULL,0,,0,1
40,464192,0.998215495,336348.1408,0,998215495,0,336348,1408,25,2019-09-30 00:00:00.0000000,2018-11-17 00:00:00.0000000,12,2020-07-31 00:00:00.0000000,2019-10-01 00:00:00.0000000,,0,0,1
40,426345,0.932415528,1569.934145,0,932415528,0,1569,934145,2,2019-05-28 00:00:00.0000000,2019-01-18 00:00:00.0000000,1,2019-11-06 00:00:00.0000000,2019-11-06 00:00:00.0000000,,0,0,1
40,674391,0.752524269,10856.75816,0,752524269,0,10856,75816,13,2019-06-21 00:00:00.0000000,2018-11-08 00:00:00.0000000,3,2020-08-05 00:00:00.0000000,2020-03-05 00:00:00.0000000,,0,0,1
40,494892,0.997786078,58432.95139,0,997786078,0,58432,95139,92,2019-09-24 00:00:00.0000000,2018-10-09 00:00:00.0000000,33,2020-02-13 00:00:00.0000000,2019-10-02 00:00:00.0000000,,0,0,1
40,721275,0.66907607,6143.512616,0,66907607,0,6143,512616,5,2019-04-22 00:00:00.0000000,2019-01-02 00:00:00.0000000,NULL,NULL,NULL,,1,1,1
40,687724,0.992596458,5177.376355,0,992596458,0,5177,376355,12,2019-09-09 00:00:00.0000000,2018-10-04 00:00:00.0000000,8,2020-09-18 00:00:00.0000000,2019-10-17 00:00:00.0000000,,0,0,1
40,426580,0.996426187,6753.627246,0,996426187,0,6753,627246,15,2019-09-26 00:00:00.0000000,2018-11-09 00:00:00.0000000,4,2020-06-10 00:00:00.0000000,2019-12-23 00:00:00.0000000,,0,0,1
40,740447,0.638255662,0,0,638255662,0,0,1,2018-12-04 00:00:00.0000000,2018-12-04 00:00:00.0000000,1,2020-09-30 00:00:00.0000000,2020-09-30 00:00:00.0000000,NULL,0,,0,1
40,722481,0.949305121,36716.79794,0,949305121,0,36716,79794,4,2019-08-05 00:00:00.0000000,2019-04-26 00:00:00.0000000,NULL,NULL,NULL,,1,1,1
40,728990,0.998962868,18770.37289,0,998962868,0,18770,37289,85,2019-09-27 00:00:00.0000000,2018-10-02 00:00:00.0000000,87,2020-09-30 00:00:00.0000000,2019-10-01 00:00:00.0000000,,0,0,1
40,435343,0.999667571,32990.27925,0,999667571,0,32990,27925,133,2019-09-30 00:00:00.0000000,2018-10-02 00:00:00.0000000,156,2020-09-30 00:00:00.0000000,2019-10-03 00:00:00.0000000,,0,0,1
40,432069,0.999023244,185437.629,0,999023244,0,185437,629,118,2019-09-27 00:00:00.0000000,2018-10-02 00:00:00.0000000,123,2020-09-30 00:00:00.0000000,2019-10-01 00:00:00.0000000,,0,0,1
40,701998,0.940270403,4137.135492,0,940270403,0,4137,135492,7,2019-06-25 00:00:00.0000000,2018-11-08 00:00:00.0000000,9,2020-08-11 00:00:00.0000000,2019-10-28 00:00:00.0000000,,0,0,1
40,552632,0.986789403,9552.234065,0,986789403,0,9552,234065,4,2019-09-20 00:00:00.0000000,2018-11-13 00:00:00.0000000,NULL,NULL,NULL,,1,1,1
40,655842,0.970763541,5495.070833,0,970763541,0,5495,70833,18,2019-08-14 00:00:00.0000000,2018-10-16 00:00:00.0000000,10,2020-09-11 00:00:00.0000000,2019-10-08 00:00:00.0000000,,0,0,1
40,674553,0.518384331,721.8252581,0,518384331,0,721,8252581,2,2018-12-18 00:00:00.0000000,2018-11-22 00:00:00.0000000,NULL,NULL,NULL,,1,1,1
40,678671,1.39E-04,2.13526422,0,139,1,2,13526422,13,2019-01-21 00:00:00.0000000,2018-10-04 00:00:00.0000000,1,2020-06-18 00:00:00.0000000,2020-06-18 00:00:00.0000000,,0,0,1
40,744457,0.327357485,133.4849034,0,327357485,1,133,4849034,2,2019-01-21 00:00:00.0000000,2019-01-11 00:00:00.0000000,5,2020-05-19 00:00:00.0000000,2020-02-17 00:00:00.0000000,,0,0,1
40,655649,0.013319889,334.201979,0,13319889,1,334,201979,4,2018-12-13 00:00:00.0000000,2018-11-22 00:00:00.0000000,NULL,NULL,NULL,,1,1,1
40,719436,0.645182739,0,0,645182739,0,0,1,2018-12-20 00:00:00.0000000,2018-12-20 00:00:00.0000000,2,2020-06-09 00:00:00.0000000,2020-03-16 00:00:00.0000000,X,0,,0,1
40,429431,0.645182739,0,0,645182739,0,0,1,2018-12-20 00:00:00.0000000,2018-12-20 00:00:00.0000000,NULL,NULL,NULL,NULL,1,,1,1
40,705558,0.828268595,648.4375732,0,828268595,0,648,4375732,3,2019-03-14 00:00:00.0000000,2018-11-22 00:00:00.0000000,2,2020-06-15 00:00:00.0000000,2020-03-03 00:00:00.0000000,,0,0,1
40,584124,0.999597889,220850.8007,0,999597889,0,220850,8007,110,2019-09-30 00:00:00.0000000,2018-10-01 00:00:00.0000000,101,2020-09-29 00:00:00.0000000,2019-10-01 00:00:00.0000000,,0,0,1
40,668771,0.997463319,50842.62172,0,997463319,0,50842,62172,33,2019-09-23 00:00:00.0000000,2018-10-08 00:00:00.0000000,29,2020-09-22 00:00:00.0000000,2019-10-10 00:00:00.0000000,,0,0,1
40,428862,0.975196303,1441.039578,0,975196303,0,1441,39578,9,2019-07-29 00:00:00.0000000,2018-10-04 00:00:00.0000000,1,2019-10-11 00:00:00.0000000,2019-10-11 00:00:00.0000000,,0,0,1
40,678090,0.979928389,1065.259582,0,979928389,0,1065,259582,7,2019-08-05 00:00:00.0000000,2018-10-18 00:00:00.0000000,5,2020-03-12 00:00:00.0000000,2020-02-07 00:00:00.0000000,,0,0,1
40,724223,0.284194869,35592.17284,0,284194869,1,35592,17284,5,2019-08-07 00:00:00.0000000,2019-07-22 00:00:00.0000000,2,2020-08-03 00:00:00.0000000,2020-07-29 00:00:00.0000000,,0,0,1
40,745967,0.984589154,4542.863497,0,984589154,0,4542,863497,4,2019-09-12 00:00:00.0000000,2019-01-30 00:00:00.0000000,1,2020-06-16 00:00:00.0000000,2020-06-16 00:00:00.0000000,,0,0,1
40,615567,0.654305076,0,0,654305076,0,0,1,2019-01-09 00:00:00.0000000,2019-01-09 00:00:00.0000000,1,2020-02-18 00:00:00.0000000,2020-02-18 00:00:00.0000000,NULL,0,,0,1
40,747962,0.995062438,12572.96636,0,995062438,0,12572,96636,13,2019-09-25 00:00:00.0000000,2019-04-10 00:00:00.0000000,53,2020-09-21 00:00:00.0000000,2019-10-10 00:00:00.0000000,,0,0,1
40,430914,0.771804387,1040.487346,0,771804387,0,1040,487346,3,2019-02-26 00:00:00.0000000,2018-11-21 00:00:00.0000000,14,2020-09-30 00:00:00.0000000,2019-10-07 00:00:00.0000000,,0,0,1
40,539192,0.999812029,2443842.457,0,999812029,0,2443842,457,235,2019-09-30 00:00:00.0000000,2018-10-02 00:00:00.0000000,201,2020-09-30 00:00:00.0000000,2019-10-01 00:00:00.0000000,,0,0,1
40,441707,0.705740597,0,0,705740597,0,0,1,2019-04-12 00:00:00.0000000,2019-04-12 00:00:00.0000000,NULL,NULL,NULL,NULL,1,,1,1
40,637227,0.999010261,48753.62889,0,999010261,0,48753,62889,142,2019-09-27 00:00:00.0000000,2018-10-03 00:00:00.0000000,26,2020-01-27 00:00:00.0000000,2019-10-01 00:00:00.0000000,,0,0,1
40,623417,0.723142786,0,0,723142786,0,0,1,2019-05-07 00:00:00.0000000,2019-05-07 00:00:00.0000000,1,2020-05-06 00:00:00.0000000,2020-05-06 00:00:00.0000000,NULL,0,,0,1
40,744929,0.657150764,0,0,657150764,0,0,1,2019-01-15 00:00:00.0000000,2019-01-15 00:00:00.0000000,3,2020-06-18 00:00:00.0000000,2020-06-08 00:00:00.0000000,NULL,0,,0,1
40,697322,0.619173358,0,0,619173358,0,0,1,2018-10-17 00:00:00.0000000,2018-10-17 00:00:00.0000000,NULL,NULL,NULL,NULL,1,,1,1
40,422206,0.951448494,1718.681827,0,951448494,0,1718,681827,15,2019-07-29 00:00:00.0000000,2018-10-15 00:00:00.0000000,10,2020-09-29 00:00:00.0000000,2019-10-01 00:00:00.0000000,,0,0,1
40,466577,0.998701339,69993.80747,0,998701339,0,69993,80747,92,2019-09-26 00:00:00.0000000,2018-10-01 00:00:00.0000000,102,2020-09-30 00:00:00.0000000,2019-10-02 00:00:00.0000000,,0,0,1
40,731699,0.970611913,2453.360238,0,970611913,0,2453,360238,2,2019-09-18 00:00:00.0000000,2019-05-22 00:00:00.0000000,6,2020-08-20 00:00:00.0000000,2019-11-19 00:00:00.0000000,,0,0,1
40,670591,0.960326259,3199.290184,0,960326259,0,3199,290184,8,2019-07-23 00:00:00.0000000,2018-12-10 00:00:00.0000000,5,2020-09-16 00:00:00.0000000,2019-11-25 00:00:00.0000000,,0,0,1
40,631127,0.636153477,0,0,636153477,0,0,1,2018-11-29 00:00:00.0000000,2018-11-29 00:00:00.0000000,NULL,NULL,NULL,NULL,1,,1,1
40,552777,0.979118212,6973.954316,0,979118212,0,6973,954316,3,2019-08-27 00:00:00.0000000,2018-10-18 00:00:00.0000000,4,2020-09-21 00:00:00.0000000,2019-12-27 00:00:00.0000000,,0,0,1
40,535164,0.999809595,1694965.345,0,999809595,0,1694965,345,232,2019-09-30 00:00:00.0000000,2018-10-02 00:00:00.0000000,196,2020-09-30 00:00:00.0000000,2019-10-01 00:00:00.0000000,,0,0,1
40,719446,0.915690032,1257.314345,0,915690032,0,1257,314345,4,2019-06-05 00:00:00.0000000,2019-01-11 00:00:00.0000000,5,2020-07-14 00:00:00.0000000,2020-02-12 00:00:00.0000000,,0,0,1
40,668052,0.99559943,20689.32151,0,99559943,0,20689,32151,19,2019-09-18 00:00:00.0000000,2018-10-10 00:00:00.0000000,10,2020-05-21 00:00:00.0000000,2019-10-03 00:00:00.0000000,,0,0,1
40,430382,0.547727208,2483.551249,0,547727208,0,2483,551249,4,2019-04-04 00:00:00.0000000,2019-01-22 00:00:00.0000000,NULL,NULL,NULL,,1,1,1
40,647310,0.999578691,158139.6306,0,999578691,0,158139,6306,105,2019-09-30 00:00:00.0000000,2018-10-02 00:00:00.0000000,110,2020-09-30 00:00:00.0000000,2019-10-01 00:00:00.0000000,,0,0,1
40,725448,0.689129798,3057.39438,0,689129798,0,3057,39438,2,2019-05-16 00:00:00.0000000,2019-04-26 00:00:00.0000000,NULL,NULL,NULL,,1,1,1
40,724966,0.745379919,0,0,745379919,0,0,1,2019-06-04 00:00:00.0000000,2019-06-04 00:00:00.0000000,NULL,NULL,NULL,NULL,1,,1,1
40,652608,0.995164299,24389.57305,0,995164299,0,24389,57305,14,2019-09-19 00:00:00.0000000,2018-10-02 00:00:00.0000000,18,2020-09-16 00:00:00.0000000,2019-10-24 00:00:00.0000000,,0,0,1
40,647583,0.999570488,28676.28401,0,999570488,0,28676,28401,103,2019-09-30 00:00:00.0000000,2018-10-01 00:00:00.0000000,70,2020-09-30 00:00:00.0000000,2019-10-01 00:00:00.0000000,,0,0,1
40,430885,0.70207799,661.6860845,0,70207799,0,661,6860845,5,2019-04-09 00:00:00.0000000,2018-12-03 00:00:00.0000000,10,2020-09-28 00:00:00.0000000,2019-10-02 00:00:00.0000000,,0,0,1
40,584854,0.936896761,5926.395377,0,936896761,0,5926,395377,3,2019-07-11 00:00:00.0000000,2019-03-29 00:00:00.0000000,3,2019-12-04 00:00:00.0000000,2019-10-24 00:00:00.0000000,,0,0,1
40,424792,0.998174653,151140.576,0,998174653,0,151140,576,44,2019-09-25 00:00:00.0000000,2018-10-02 00:00:00.0000000,22,2020-09-30 00:00:00.0000000,2019-10-01 00:00:00.0000000,,0,0,1
40,674399,0.998594031,77920.21434,0,998594031,0,77920,21434,48,2019-09-27 00:00:00.0000000,2018-10-30 00:00:00.0000000,3,2020-06-08 00:00:00.0000000,2019-10-07 00:00:00.0000000,,0,0,1
40,712573,0.228174139,1127.689284,0,228174139,1,1127,689284,3,2018-11-30 00:00:00.0000000,2018-10-24 00:00:00.0000000,NULL,NULL,NULL,,1,1,1
40,422250,0.999002743,186675.315,0,999002743,0,186675,315,148,2019-09-27 00:00:00.0000000,2018-10-03 00:00:00.0000000,132,2020-09-30 00:00:00.0000000,2019-10-01 00:00:00.0000000,,0,0,1
40,698820,0.957186063,43674.85541,0,957186063,0,43674,85541,13,2019-07-29 00:00:00.0000000,2018-10-29 00:00:00.0000000,8,2020-07-07 00:00:00.0000000,2019-10-03 00:00:00.0000000,,0,0,1
40,608016,0.956812846,12451.11371,0,956812846,0,12451,11371,13,2019-07-24 00:00:00.0000000,2018-10-03 00:00:00.0000000,10,2020-09-21 00:00:00.0000000,2019-10-31 00:00:00.0000000,,0,0,1
40,426894,0.581564824,11173.22634,0,581564824,0,11173,22634,5,2019-04-03 00:00:00.0000000,2018-12-17 00:00:00.0000000,4,2020-07-31 00:00:00.0000000,2019-12-28 00:00:00.0000000,,0,0,1
40,721390,0.999705316,427716.4006,0,999705316,0,427716,4006,150,2019-09-30 00:00:00.0000000,2018-10-01 00:00:00.0000000,111,2020-09-29 00:00:00.0000000,2019-10-17 00:00:00.0000000,,0,0,1
40,709281,0.983181929,12971.66036,0,983181929,0,12971,66036,12,2019-08-22 00:00:00.0000000,2018-11-22 00:00:00.0000000,6,2020-09-21 00:00:00.0000000,2019-11-27 00:00:00.0000000,,0,0,1
40,708994,0.997805239,50835.69485,0,997805239,0,50835,69485,37,2019-09-24 00:00:00.0000000,2018-10-05 00:00:00.0000000,43,2020-09-29 00:00:00.0000000,2019-10-02 00:00:00.0000000,,0,0,1
40,427909,0.999612032,97432.67173,0,999612032,0,97432,67173,114,2019-09-30 00:00:00.0000000,2018-10-01 00:00:00.0000000,93,2020-09-30 00:00:00.0000000,2019-10-10 00:00:00.0000000,,0,0,1
40,427885,0.998468284,346917.233,0,998468284,0,346917,233,156,2019-09-26 00:00:00.0000000,2018-10-01 00:00:00.0000000,143,2020-09-30 00:00:00.0000000,2019-10-02 00:00:00.0000000,,0,0,1
40,436254,0.938578759,55207.8074,0,938578759,0,55207,8074,6,2019-07-11 00:00:00.0000000,2019-01-25 00:00:00.0000000,2,2020-03-06 00:00:00.0000000,2020-03-05 00:00:00.0000000,,0,0,1
40,423211,0.998552782,16034.01844,0,998552782,0,16034,1844,44,2019-09-27 00:00:00.0000000,2018-10-08 00:00:00.0000000,49,2020-09-21 00:00:00.0000000,2019-10-10 00:00:00.0000000,,0,0,1
40,435660,0.997654376,72667.093,0,997654376,0,72667,93,106,2019-09-24 00:00:00.0000000,2018-10-02 00:00:00.0000000,110,2020-09-30 00:00:00.0000000,2019-10-01 00:00:00.0000000,,0,0,1
40,646393,0.996532635,91588.63425,0,996532635,0,91588,63425,13,2019-09-30 00:00:00.0000000,2018-11-28 00:00:00.0000000,23,2020-09-21 00:00:00.0000000,2019-10-01 00:00:00.0000000,,0,0,1
40,724796,0.601775753,672.4139825,0,601775753,0,672,4139825,10,2019-05-27 00:00:00.0000000,2018-11-30 00:00:00.0000000,NULL,NULL,NULL,,1,1,1
40,429224,0.997988003,22363.57352,0,997988003,0,22363,57352,28,2019-09-27 00:00:00.0000000,2018-10-18 00:00:00.0000000,42,2020-09-02 00:00:00.0000000,2019-10-08 00:00:00.0000000,,0,0,1
40,435582,0.998505714,43671.48608,0,998505714,0,43671,48608,52,2019-09-26 00:00:00.0000000,2018-10-02 00:00:00.0000000,105,2020-09-30 00:00:00.0000000,2019-10-08 00:00:00.0000000,,0,0,1
40,719777,0.687774986,0,0,687774986,0,0,1,2019-03-14 00:00:00.0000000,2019-03-14 00:00:00.0000000,1,2020-06-09 00:00:00.0000000,2020-06-09 00:00:00.0000000,NULL,0,,0,1
40,658120,0.950510369,605.9232471,0,950510369,0,605,9232471,2,2019-06-26 00:00:00.0000000,2019-01-09 00:00:00.0000000,1,2020-08-10 00:00:00.0000000,2020-08-10 00:00:00.0000000,,0,0,1
40,648901,0.648314359,0,0,648314359,0,0,1,2018-12-27 00:00:00.0000000,2018-12-27 00:00:00.0000000,NULL,NULL,NULL,NULL,1,,1,1
40,435294,0.999811224,2722056.178,0,999811224,0,2722056,178,234,2019-09-30 00:00:00.0000000,2018-10-02 00:00:00.0000000,202,2020-09-30 00:00:00.0000000,2019-10-01 00:00:00.0000000,,0,0,1
40,423541,0.99187953,17696.91495,0,99187953,0,17696,91495,32,2019-09-10 00:00:00.0000000,2018-10-05 00:00:00.0000000,31,2020-09-21 00:00:00.0000000,2019-10-01 00:00:00.0000000,,0,0,1
40,539706,0.9974237,194103.7472,0,9974237,0,194103,7472,36,2019-09-23 00:00:00.0000000,2018-10-30 00:00:00.0000000,17,2020-09-22 00:00:00.0000000,2019-12-24 00:00:00.0000000,,0,0,1
40,749753,0.95592822,101191.1373,0,95592822,0,101191,1373,2,2019-09-12 00:00:00.0000000,2019-08-08 00:00:00.0000000,32,2020-09-29 00:00:00.0000000,2019-10-09 00:00:00.0000000,,0,0,1
40,557258,0.997250541,5073.046063,0,997250541,0,5073,46063,19,2019-09-27 00:00:00.0000000,2018-10-10 00:00:00.0000000,34,2020-09-17 00:00:00.0000000,2019-10-11 00:00:00.0000000,,0,0,1
40,607334,0.252085503,6248.142942,0,252085503,1,6248,142942,20,2019-06-17 00:00:00.0000000,2018-10-30 00:00:00.0000000,11,2020-09-18 00:00:00.0000000,2019-12-17 00:00:00.0000000,,0,0,1
40,425183,0.949685537,5371.758951,0,949685537,0,5371,758951,6,2019-07-11 00:00:00.0000000,2019-01-02 00:00:00.0000000,1,2020-06-03 00:00:00.0000000,2020-06-03 00:00:00.0000000,,0,0,1
40,557575,0.807615939,2403.73965,0,807615939,0,2403,73965,3,2019-03-22 00:00:00.0000000,2018-12-14 00:00:00.0000000,NULL,NULL,NULL,,1,1,1
40,471666,0.382523379,2039.054699,0,382523379,1,2039,54699,4,2019-01-17 00:00:00.0000000,2018-10-29 00:00:00.0000000,1,2020-06-11 00:00:00.0000000,2020-06-11 00:00:00.0000000,,0,0,1
40,734082,0.99742934,14273.2545,0,99742934,0,14273,2545,32,2019-09-23 00:00:00.0000000,2018-10-09 00:00:00.0000000,NULL,NULL,NULL,,1,1,1
40,669786,0.929704132,152.2903373,0,929704132,0,152,2903373,3,2019-05-29 00:00:00.0000000,2019-01-03 00:00:00.0000000,NULL,NULL,NULL,,1,1,1
40,475153,0.983159434,9047.310161,0,983159434,0,9047,310161,4,2019-09-27 00:00:00.0000000,2019-09-05 00:00:00.0000000,1,2020-03-10 00:00:00.0000000,2020-03-10 00:00:00.0000000,,0,0,1
40,472540,0.9824544,17307.97838,0,9824544,0,17307,97838,6,2019-09-12 00:00:00.0000000,2019-05-30 00:00:00.0000000,5,2020-06-03 00:00:00.0000000,2019-12-17 00:00:00.0000000,,0,0,1
40,719026,4.88E-06,0.116494007,4,8.80E-05,1,0,116494007,79,2019-07-10 00:00:00.0000000,2018-10-02 00:00:00.0000000,NULL,NULL,NULL,,1,1,1
40,533395,0.975833314,2382.54972,0,975833314,0,2382,54972,5,2019-08-05 00:00:00.0000000,2018-12-17 00:00:00.0000000,5,2020-09-16 00:00:00.0000000,2019-11-22 00:00:00.0000000,,0,0,1
40,639564,0.623725872,0,0,623725872,0,0,1,2018-10-29 00:00:00.0000000,2018-10-29 00:00:00.0000000,2,2020-04-28 00:00:00.0000000,2020-04-20 00:00:00.0000000,NULL,0,,0,1
40,715025,0.679804213,0,0,679804213,0,0,1,2019-02-28 00:00:00.0000000,2019-02-28 00:00:00.0000000,3,2020-07-16 00:00:00.0000000,2020-07-08 00:00:00.0000000,NULL,0,,0,1
40,749607,0.794990845,0,0,794990845,0,0,1,2019-07-23 00:00:00.0000000,2019-07-23 00:00:00.0000000,NULL,NULL,NULL,NULL,1,,1,1
40,590366,0.362003257,2237.337928,0,362003257,1,2237,337928,8,2019-05-03 00:00:00.0000000,2018-12-28 00:00:00.0000000,NULL,NULL,NULL,,1,1,1
40,429367,0.934115544,7550.091081,0,934115544,0,7550,91081,8,2019-06-18 00:00:00.0000000,2018-10-03 00:00:00.0000000,17,2020-09-25 00:00:00.0000000,2019-10-08 00:00:00.0000000,,0,0,1
40,558390,0.929489518,3233.127952,0,929489518,0,3233,127952,11,2019-07-10 00:00:00.0000000,2018-10-31 00:00:00.0000000,NULL,NULL,NULL,,1,1,1
40,662590,0.998209313,54654.49259,0,998209313,0,54654,49259,46,2019-09-25 00:00:00.0000000,2018-10-01 00:00:00.0000000,71,2020-09-30 00:00:00.0000000,2019-10-02 00:00:00.0000000,,0,0,1
40,680503,0.997194144,8812.489163,0,997194144,0,8812,489163,16,2019-09-30 00:00:00.0000000,2018-10-04 00:00:00.0000000,16,2020-07-21 00:00:00.0000000,2019-10-01 00:00:00.0000000,,0,0,1
40,737122,0.254131609,1616.121967,0,254131609,1,1616,121967,16,2019-05-21 00:00:00.0000000,2018-10-05 00:00:00.0000000,1,2020-09-11 00:00:00.0000000,2020-09-11 00:00:00.0000000,,0,0,1
40,431040,0.826200687,1131.253415,0,826200687,0,1131,253415,3,2019-06-19 00:00:00.0000000,2019-04-26 00:00:00.0000000,5,2020-02-11 00:00:00.0000000,2019-10-03 00:00:00.0000000,,0,0,1
40,749141,0.657278228,18229.28678,0,657278228,0,18229,28678,2,2019-05-29 00:00:00.0000000,2019-05-14 00:00:00.0000000,NULL,NULL,NULL,,1,1,1
40,705245,0.626445375,0,0,626445375,0,0,1,2018-11-05 00:00:00.0000000,2018-11-05 00:00:00.0000000,4,2020-05-07 00:00:00.0000000,2020-03-24 00:00:00.0000000,NULL,0,,0,1
40,717046,0.767543257,0,0,767543257,0,0,1,2019-06-28 00:00:00.0000000,2019-06-28 00:00:00.0000000,6,2020-07-23 00:00:00.0000000,2020-05-14 00:00:00.0000000,NULL,0,,0,1
40,427907,0.998995945,95972.74302,0,998995945,0,95972,74302,96,2019-09-27 00:00:00.0000000,2018-10-02 00:00:00.0000000,102,2020-09-28 00:00:00.0000000,2019-10-01 00:00:00.0000000,,0,0,1
40,434193,0.987564783,3602.842261,0,987564783,0,3602,842261,6,2019-09-05 00:00:00.0000000,2018-12-10 00:00:00.0000000,12,2020-09-29 00:00:00.0000000,2019-10-02 00:00:00.0000000,,0,0,1
40,588960,0.983699165,1189.093658,0,983699165,0,1189,93658,5,2019-08-20 00:00:00.0000000,2018-10-19 00:00:00.0000000,2,2020-06-04 00:00:00.0000000,2020-01-30 00:00:00.0000000,,0,0,1
40,677767,0.993797139,1657.080716,0,993797139,0,1657,80716,8,2019-09-26 00:00:00.0000000,2018-10-05 00:00:00.0000000,5,2020-07-07 00:00:00.0000000,2020-04-02 00:00:00.0000000,,0,0,1
40,423455,0.997897017,17085.78292,0,997897017,0,17085,78292,34,2019-09-25 00:00:00.0000000,2018-10-16 00:00:00.0000000,27,2020-09-29 00:00:00.0000000,2019-10-24 00:00:00.0000000,,0,0,1
40,713218,0.995319482,12595.68559,0,995319482,0,12595,68559,26,2019-09-16 00:00:00.0000000,2018-10-09 00:00:00.0000000,12,2020-09-08 00:00:00.0000000,2020-02-04 00:00:00.0000000,,0,0,1
40,435174,0.999801901,2533642.498,0,999801901,0,2533642,498,223,2019-09-30 00:00:00.0000000,2018-10-01 00:00:00.0000000,229,2020-09-30 00:00:00.0000000,2019-10-01 00:00:00.0000000,,0,0,1
40,560197,0.994326619,10245.34403,0,994326619,0,10245,34403,24,2019-09-13 00:00:00.0000000,2018-10-05 00:00:00.0000000,11,2020-09-29 00:00:00.0000000,2019-10-08 00:00:00.0000000,,0,0,1
40,750802,0.887130767,20369.38894,0,887130767,0,20369,38894,2,2019-08-27 00:00:00.0000000,2019-08-14 00:00:00.0000000,4,2020-05-12 00:00:00.0000000,2019-10-03 00:00:00.0000000,,0,0,1
40,673782,0.98507543,491.4809078,0,98507543,0,491,4809078,5,2019-09-18 00:00:00.0000000,2019-06-07 00:00:00.0000000,NULL,NULL,NULL,,1,1,1
40,426526,0.888998976,890.1917173,0,888998976,0,890,1917173,4,2019-04-29 00:00:00.0000000,2018-11-21 00:00:00.0000000,5,2020-04-07 00:00:00.0000000,2019-10-01 00:00:00.0000000,,0,0,1
40,429270,0.627625813,0,0,627625813,0,0,1,2018-11-08 00:00:00.0000000,2018-11-08 00:00:00.0000000,NULL,NULL,NULL,NULL,1,,1,1
40,515323,0.999812029,2039371.092,0,999812029,0,2039371,92,235,2019-09-30 00:00:00.0000000,2018-10-01 00:00:00.0000000,205,2020-09-30 00:00:00.0000000,2019-10-01 00:00:00.0000000,,0,0,1
40,677699,0.927527703,561.9968971,0,927527703,0,561,9968971,2,2019-05-03 00:00:00.0000000,2018-12-12 00:00:00.0000000,NULL,NULL,NULL,,1,1,1
40,430476,0.971176392,4211.58323,0,971176392,0,4211,58323,6,2019-08-05 00:00:00.0000000,2019-01-18 00:00:00.0000000,NULL,NULL,NULL,,1,1,1
40,424785,0.443081738,1039.147007,0,443081738,1,1039,147007,4,2019-01-16 00:00:00.0000000,2018-10-19 00:00:00.0000000,7,2020-03-10 00:00:00.0000000,2019-10-02 00:00:00.0000000,,0,0,1
40,747014,0.959697952,9313.302259,0,959697952,0,9313,302259,3,2019-07-30 00:00:00.0000000,2019-03-18 00:00:00.0000000,NULL,NULL,NULL,,1,1,1
40,689725,0.625273959,0,0,625273959,0,0,1,2018-11-02 00:00:00.0000000,2018-11-02 00:00:00.0000000,NULL,NULL,NULL,NULL,1,,1,1
40,717398,0.985364584,2072.536918,0,985364584,0,2072,536918,4,2019-09-10 00:00:00.0000000,2018-10-29 00:00:00.0000000,6,2020-09-01 00:00:00.0000000,2020-03-03 00:00:00.0000000,,0,0,1
40,707396,0.728687487,3211.252091,0,728687487,0,3211,252091,3,2019-03-25 00:00:00.0000000,2019-01-11 00:00:00.0000000,1,2020-05-08 00:00:00.0000000,2020-05-08 00:00:00.0000000,,0,0,1
40,719370,0.805062972,0,0,805062972,0,0,1,2019-07-31 00:00:00.0000000,2019-07-31 00:00:00.0000000,2,2020-08-04 00:00:00.0000000,2020-07-30 00:00:00.0000000,NULL,0,,0,1
40,435421,0.995102192,15867.73119,0,995102192,0,15867,73119,36,2019-09-16 00:00:00.0000000,2018-10-04 00:00:00.0000000,18,2020-09-01 00:00:00.0000000,2019-10-02 00:00:00.0000000,,0,0,1
40,534987,0.970072125,732.0926057,0,970072125,0,732,926057,7,2019-07-18 00:00:00.0000000,2018-10-18 00:00:00.0000000,NULL,NULL,NULL,,1,1,1
40,674398,0.189879071,148.8486723,0,189879071,1,148,8486723,5,2019-01-15 00:00:00.0000000,2018-10-22 00:00:00.0000000,NULL,NULL,NULL,,1,1,1
40,424009,0.992516241,24129.0103,0,992516241,0,24129,103,10,2019-09-13 00:00:00.0000000,2018-11-09 00:00:00.0000000,7,2020-09-30 00:00:00.0000000,2019-11-27 00:00:00.0000000,,0,0,1
40,424516,0.940396518,129.975118,0,940396518,0,129,975118,2,2019-09-16 00:00:00.0000000,2019-09-04 00:00:00.0000000,4,2020-09-22 00:00:00.0000000,2019-12-31 00:00:00.0000000,,0,0,1
40,702266,0.715237734,0,0,715237734,0,0,1,2019-04-26 00:00:00.0000000,2019-04-26 00:00:00.0000000,2,2020-04-03 00:00:00.0000000,2019-12-04 00:00:00.0000000,NULL,0,,0,1
40,428322,0.999705316,1963538.435,0,999705316,0,1963538,435,150,2019-09-30 00:00:00.0000000,2018-10-03 00:00:00.0000000,151,2020-09-30 00:00:00.0000000,2019-10-07 00:00:00.0000000,,0,0,1
40,606672,0.997534456,48739.30013,0,997534456,0,48739,30013,50,2019-09-23 00:00:00.0000000,2018-10-29 00:00:00.0000000,95,2020-09-30 00:00:00.0000000,2019-10-02 00:00:00.0000000,,0,0,1
40,660783,0.690130747,0,0,690130747,0,0,1,2019-03-18 00:00:00.0000000,2019-03-18 00:00:00.0000000,NULL,NULL,NULL,NULL,1,,1,1
40,700219,1.05E-05,0.074719601,1,5.00E-05,1,0,74719601,13,2019-01-04 00:00:00.0000000,2018-10-10 00:00:00.0000000,NULL,NULL,NULL,,1,1,1
40,719779,0.998314454,549676.3685,0,998314454,0,549676,3685,87,2019-09-25 00:00:00.0000000,2018-10-08 00:00:00.0000000,78,2020-09-30 00:00:00.0000000,2019-10-07 00:00:00.0000000,,0,0,1
40,709282,0.982874012,332.8284335,0,982874012,0,332,8284335,5,2019-08-21 00:00:00.0000000,2018-11-23 00:00:00.0000000,3,2020-04-22 00:00:00.0000000,2019-11-21 00:00:00.0000000,,0,0,1
40,732054,0.003218203,49.03390312,0,3218203,1,49,3390312,10,2019-01-21 00:00:00.0000000,2018-10-05 00:00:00.0000000,NULL,NULL,NULL,,1,1,1
40,431574,0.057677136,175.4920126,0,57677136,1,175,4920126,5,2019-01-11 00:00:00.0000000,2018-11-15 00:00:00.0000000,NULL,NULL,NULL,,1,1,1
40,657618,0.764193828,593.2477784,0,764193828,0,593,2477784,2,2019-05-09 00:00:00.0000000,2019-04-08 00:00:00.0000000,NULL,NULL,NULL,,1,1,1
40,748063,0.966470253,3036.061354,0,966470253,0,3036,61354,2,2019-09-09 00:00:00.0000000,2019-05-31 00:00:00.0000000,3,2020-02-20 00:00:00.0000000,2019-11-28 00:00:00.0000000,,0,0,1
40,432131,0.999807098,1554043.456,0,999807098,0,1554043,456,229,2019-09-30 00:00:00.0000000,2018-10-01 00:00:00.0000000,199,2020-09-30 00:00:00.0000000,2019-10-01 00:00:00.0000000,,0,0,1
40,435864,0.494590443,291.3524796,0,494590443,1,291,3524796,4,2019-01-21 00:00:00.0000000,2018-10-18 00:00:00.0000000,1,2020-04-20 00:00:00.0000000,2020-04-20 00:00:00.0000000,,0,0,1
40,434288,0.999590424,435298.8017,0,999590424,0,435298,8017,108,2019-09-30 00:00:00.0000000,2018-10-02 00:00:00.0000000,71,2020-09-28 00:00:00.0000000,2019-10-02 00:00:00.0000000,,0,0,1
40,608048,0.595155195,4453.225398,0,595155195,0,4453,225398,9,2019-04-26 00:00:00.0000000,2018-10-11 00:00:00.0000000,NULL,NULL,NULL,,1,1,1
40,424911,0.997667034,105661.7498,0,997667034,0,105661,7498,57,2019-09-23 00:00:00.0000000,2018-10-08 00:00:00.0000000,56,2020-09-21 00:00:00.0000000,2019-10-01 00:00:00.0000000,,0,0,1
40,731207,0.975724059,48309.87331,0,975724059,0,48309,87331,4,2019-07-25 00:00:00.0000000,2018-10-10 00:00:00.0000000,2,2019-11-05 00:00:00.0000000,2019-10-31 00:00:00.0000000,,0,0,1
40,436316,0.987142532,2262.951169,0,987142532,0,2262,951169,7,2019-08-29 00:00:00.0000000,2018-11-15 00:00:00.0000000,4,2019-11-19 00:00:00.0000000,2019-10-28 00:00:00.0000000,,0,0,1
40,732430,0.996542993,3477.877049,0,996542993,0,3477,877049,17,2019-09-24 00:00:00.0000000,2018-10-02 00:00:00.0000000,39,2020-09-17 00:00:00.0000000,2019-10-01 00:00:00.0000000,,0,0,1
40,701801,0.99433769,5840.466628,0,99433769,0,5840,466628,11,2019-09-19 00:00:00.0000000,2018-10-04 00:00:00.0000000,5,2020-02-10 00:00:00.0000000,2019-10-02 00:00:00.0000000,,0,0,1
40,527838,0.901278334,2103.112784,0,901278334,0,2103,112784,4,2019-06-20 00:00:00.0000000,2019-02-28 00:00:00.0000000,5,2020-07-13 00:00:00.0000000,2020-05-29 00:00:00.0000000,,0,0,1
40,553809,0.643859903,0,0,643859903,0,0,1,2018-12-17 00:00:00.0000000,2018-12-17 00:00:00.0000000,NULL,NULL,NULL,NULL,1,,1,1
40,426103,0.98132297,2115.124525,0,98132297,0,2115,124525,8,2019-08-12 00:00:00.0000000,2018-11-06 00:00:00.0000000,11,2020-09-02 00:00:00.0000000,2019-10-03 00:00:00.0000000,,0,0,1
40,433159,0.995487379,3760.297326,0,995487379,0,3760,297326,12,2019-09-25 00:00:00.0000000,2018-11-21 00:00:00.0000000,8,2020-06-23 00:00:00.0000000,2019-10-01 00:00:00.0000000,,0,0,1
40,590045,0.99486092,14775.3293,0,99486092,0,14775,3293,17,2019-09-16 00:00:00.0000000,2018-10-18 00:00:00.0000000,35,2020-09-23 00:00:00.0000000,2019-10-04 00:00:00.0000000,,0,0,1
40,742020,0.206498383,1357.908092,0,206498383,1,1357,908092,5,2019-02-22 00:00:00.0000000,2018-12-10 00:00:00.0000000,1,2020-09-10 00:00:00.0000000,2020-09-10 00:00:00.0000000,,0,0,1
40,425111,0.999024919,304022.188,0,999024919,0,304022,188,116,2019-09-27 00:00:00.0000000,2018-10-01 00:00:00.0000000,79,2020-09-30 00:00:00.0000000,2019-10-01 00:00:00.0000000,,0,0,1
40,669509,0.998053257,10699.51758,0,998053257,0,10699,51758,29,2019-09-27 00:00:00.0000000,2018-10-09 00:00:00.0000000,23,2020-09-23 00:00:00.0000000,2019-10-01 00:00:00.0000000,,0,0,1
40,435325,0.996161166,8922.717908,0,996161166,0,8922,717908,15,2019-09-24 00:00:00.0000000,2018-10-17 00:00:00.0000000,13,2020-09-04 00:00:00.0000000,2019-10-23 00:00:00.0000000,,0,0,1
40,436107,0.997017269,8168.298163,0,997017269,0,8168,298163,23,2019-09-23 00:00:00.0000000,2018-10-01 00:00:00.0000000,21,2020-09-21 00:00:00.0000000,2019-10-15 00:00:00.0000000,,0,0,1
40,431871,0.127664915,129.3828278,0,127664915,1,129,3828278,6,2019-01-24 00:00:00.0000000,2018-10-18 00:00:00.0000000,NULL,NULL,NULL,,1,1,1
40,471833,0.873021446,1388.115183,0,873021446,0,1388,115183,3,2019-03-27 00:00:00.0000000,2018-11-14 00:00:00.0000000,1,2019-10-29 00:00:00.0000000,2019-10-29 00:00:00.0000000,,0,0,1
40,684843,0.815953565,0,0,815953565,0,0,1,2019-08-08 00:00:00.0000000,2019-08-08 00:00:00.0000000,NULL,NULL,NULL,NULL,1,,1,1
40,714491,0.671175069,0,0,671175069,0,0,1,2019-02-12 00:00:00.0000000,2019-02-12 00:00:00.0000000,2,2020-09-11 00:00:00.0000000,2019-12-30 00:00:00.0000000,NULL,0,,0,1
40,426480,0.956194171,972.5745707,0,956194171,0,972,5745707,2,2019-06-28 00:00:00.0000000,2018-11-27 00:00:00.0000000,NULL,NULL,NULL,,1,1,1
40,425109,0.998653338,23251.75387,0,998653338,0,23251,75387,71,2019-09-26 00:00:00.0000000,2018-10-03 00:00:00.0000000,23,2020-06-18 00:00:00.0000000,2019-10-07 00:00:00.0000000,,0,0,1
40,661151,0.9256633,0,0,9256633,0,0,1,2019-09-27 00:00:00.0000000,2019-09-27 00:00:00.0000000,NULL,NULL,NULL,NULL,1,,1,1
40,563002,0.999035063,79181.8356,0,999035063,0,79181,8356,46,2019-09-30 00:00:00.0000000,2018-10-03 00:00:00.0000000,58,2020-09-29 00:00:00.0000000,2019-10-02 00:00:00.0000000,,0,0,1
40,660285,0.665007307,0,0,665007307,0,0,1,2019-01-31 00:00:00.0000000,2019-01-31 00:00:00.0000000,NULL,NULL,NULL,NULL,1,,1,1
40,675234,0.986695003,581.8261834,0,986695003,0,581,8261834,4,2019-09-19 00:00:00.0000000,2018-11-02 00:00:00.0000000,6,2020-06-03 00:00:00.0000000,2019-12-03 00:00:00.0000000,,0,0,1
40,421952,0.979386762,8720.694468,0,979386762,0,8720,694468,7,2019-08-30 00:00:00.0000000,2019-03-29 00:00:00.0000000,3,2020-03-18 00:00:00.0000000,2019-10-01 00:00:00.0000000,,0,0,1
40,703386,0.09648459,1276.095975,0,9648459,1,1276,95975,9,2019-03-08 00:00:00.0000000,2018-10-19 00:00:00.0000000,4,2020-03-26 00:00:00.0000000,2019-10-15 00:00:00.0000000,,0,0,1
40,696270,0.668060235,0,0,668060235,0,0,1,2019-02-06 00:00:00.0000000,2019-02-06 00:00:00.0000000,NULL,NULL,NULL,NULL,1,,1,1
40,659562,0.936988595,4889.987417,0,936988595,0,4889,987417,5,2019-06-20 00:00:00.0000000,2018-12-19 00:00:00.0000000,10,2020-09-25 00:00:00.0000000,2019-10-07 00:00:00.0000000,,0,0,1
40,426126,0.624287241,217.3089684,0,624287241,0,217,3089684,2,2018-11-16 00:00:00.0000000,2018-10-04 00:00:00.0000000,2,2020-09-04 00:00:00.0000000,2019-12-02 00:00:00.0000000,,0,0,1
40,652518,0.752399543,0,0,752399543,0,0,1,2019-06-12 00:00:00.0000000,2019-06-12 00:00:00.0000000,NULL,NULL,NULL,NULL,1,,1,1
40,430511,0.997919216,19600.34912,0,997919216,0,19600,34912,52,2019-09-24 00:00:00.0000000,2018-10-22 00:00:00.0000000,43,2020-09-22 00:00:00.0000000,2019-10-21 00:00:00.0000000,,0,0,1
40,584491,0.996532635,7624.725797,0,996532635,0,7624,725797,13,2019-09-30 00:00:00.0000000,2018-10-22 00:00:00.0000000,20,2020-07-28 00:00:00.0000000,2019-10-01 00:00:00.0000000,,0,0,1
40,610519,0.613666875,0,0,613666875,0,0,1,2018-10-02 00:00:00.0000000,2018-10-02 00:00:00.0000000,2,2020-06-30 00:00:00.0000000,2019-10-30 00:00:00.0000000,NULL,0,,0,1
40,430887,0.777888699,0,0,777888699,0,0,1,2019-07-08 00:00:00.0000000,2019-07-08 00:00:00.0000000,NULL,NULL,NULL,NULL,1,,1,1
40,697952,0.95379992,2535.691579,0,95379992,0,2535,691579,12,2019-07-23 00:00:00.0000000,2018-10-23 00:00:00.0000000,3,2020-03-27 00:00:00.0000000,2020-02-17 00:00:00.0000000,,0,0,1
40,429921,0.967518369,2996.403899,0,967518369,0,2996,403899,4,2019-07-03 00:00:00.0000000,2018-10-17 00:00:00.0000000,3,2019-11-05 00:00:00.0000000,2019-10-30 00:00:00.0000000,,0,0,1
40,423372,0.988133493,3523.976799,0,988133493,0,3523,976799,5,2019-09-17 00:00:00.0000000,2019-01-28 00:00:00.0000000,5,2020-06-05 00:00:00.0000000,2019-10-28 00:00:00.0000000,,0,0,1
40,430053,0.911724626,1414.437415,0,911724626,0,1414,437415,3,2019-04-26 00:00:00.0000000,2018-11-26 00:00:00.0000000,2,2020-03-13 00:00:00.0000000,2020-03-11 00:00:00.0000000,,0,0,1
40,717872,0.912410505,420.2401008,0,912410505,0,420,2401008,3,2019-05-02 00:00:00.0000000,2018-12-07 00:00:00.0000000,3,2020-09-10 00:00:00.0000000,2019-12-04 00:00:00.0000000,,0,0,1
40,426349,0.998140278,6445.191208,0,998140278,0,6445,191208,24,2019-09-30 00:00:00.0000000,2018-10-02 00:00:00.0000000,21,2020-09-14 00:00:00.0000000,2019-10-17 00:00:00.0000000,,0,0,1
40,514116,0.998767023,32958.18861,0,998767023,0,32958,18861,56,2019-09-27 00:00:00.0000000,2018-10-02 00:00:00.0000000,62,2020-09-24 00:00:00.0000000,2019-10-09 00:00:00.0000000,,0,0,1
40,622725,0.99550647,8658.289997,0,99550647,0,8658,289997,20,2019-09-18 00:00:00.0000000,2018-10-30 00:00:00.0000000,10,2020-09-28 00:00:00.0000000,2019-10-01 00:00:00.0000000,,0,0,1
40,703083,0.996649395,9474.095595,0,996649395,0,9474,95595,20,2019-09-23 00:00:00.0000000,2018-10-30 00:00:00.0000000,22,2020-09-21 00:00:00.0000000,2019-10-28 00:00:00.0000000,,0,0,1
40,672678,0.765561168,0,0,765561168,0,0,1,2019-06-26 00:00:00.0000000,2019-06-26 00:00:00.0000000,NULL,NULL,NULL,NULL,1,,1,1
40,680933,0.584962669,695.3989588,0,584962669,0,695,3989588,4,2019-03-20 00:00:00.0000000,2018-12-26 00:00:00.0000000,4,2020-07-07 00:00:00.0000000,2020-04-22 00:00:00.0000000,,0,0,1
40,688256,0.38946194,53.278587,0,38946194,1,53,278587,2,2018-11-23 00:00:00.0000000,2018-11-05 00:00:00.0000000,1,2019-11-13 00:00:00.0000000,2019-11-13 00:00:00.0000000,,0,0,1
40,426607,0.878911748,1577.340477,0,878911748,0,1577,340477,8,2019-06-10 00:00:00.0000000,2018-11-14 00:00:00.0000000,NULL,NULL,NULL,,1,1,1
40,427621,0.995649452,8691.384138,0,995649452,0,8691,384138,17,2019-09-19 00:00:00.0000000,2018-10-03 00:00:00.0000000,32,2020-09-18 00:00:00.0000000,2019-10-18 00:00:00.0000000,,0,0,1
40,686421,0.655005566,5579.224437,0,655005566,0,5579,224437,30,2019-07-26 00:00:00.0000000,2018-10-05 00:00:00.0000000,NULL,NULL,NULL,,1,1,1
40,429525,0.983595981,3439.983911,0,983595981,0,3439,983911,10,2019-08-14 00:00:00.0000000,2018-10-01 00:00:00.0000000,16,2020-07-17 00:00:00.0000000,2019-10-24 00:00:00.0000000,,0,0,1
40,446664,0.971943566,1723.987061,0,971943566,0,1723,987061,2,2019-09-17 00:00:00.0000000,2019-02-28 00:00:00.0000000,8,2020-09-03 00:00:00.0000000,2019-10-03 00:00:00.0000000,,0,0,1
40,583839,0.468193311,401.5841237,0,468193311,1,401,5841237,4,2019-02-13 00:00:00.0000000,2018-11-23 00:00:00.0000000,NULL,NULL,NULL,,1,1,1
40,697668,0.992571925,4437.909193,0,992571925,0,4437,909193,24,2019-09-09 00:00:00.0000000,2018-10-05 00:00:00.0000000,14,2020-09-14 00:00:00.0000000,2019-10-17 00:00:00.0000000,,0,0,1
40,649438,0.997851205,12872.44737,0,997851205,0,12872,44737,28,2019-09-26 00:00:00.0000000,2018-10-03 00:00:00.0000000,19,2020-09-23 00:00:00.0000000,2019-11-20 00:00:00.0000000,,0,0,1
40,427847,0.99971667,5157883.468,0,99971667,0,5157883,468,156,2019-09-30 00:00:00.0000000,2018-10-02 00:00:00.0000000,167,2020-09-30 00:00:00.0000000,2019-10-02 00:00:00.0000000,,0,0,1
40,432988,0.993007394,6326.091041,0,993007394,0,6326,91041,8,2019-09-23 00:00:00.0000000,2019-01-16 00:00:00.0000000,7,2020-09-30 00:00:00.0000000,2019-11-22 00:00:00.0000000,,0,0,1
40,426278,0.999723765,3584299.4,0,999723765,0,3584299,4,160,2019-09-30 00:00:00.0000000,2018-10-03 00:00:00.0000000,163,2020-09-30 00:00:00.0000000,2019-10-01 00:00:00.0000000,,0,0,1
40,678775,0.992549316,2972.380699,0,992549316,0,2972,380699,7,2019-09-24 00:00:00.0000000,2018-11-30 00:00:00.0000000,7,2020-09-14 00:00:00.0000000,2020-02-14 00:00:00.0000000,,0,0,1
40,660595,0.986408235,757.3771675,0,986408235,0,757,3771675,5,2019-09-10 00:00:00.0000000,2019-01-29 00:00:00.0000000,2,2020-01-24 00:00:00.0000000,2020-01-13 00:00:00.0000000,,0,0,1
40,441738,0.996398562,3756.750378,0,996398562,0,3756,750378,14,2019-09-27 00:00:00.0000000,2018-10-13 00:00:00.0000000,15,2020-04-22 00:00:00.0000000,2019-10-21 00:00:00.0000000,,0,0,1
40,744926,0.64211365,0,0,64211365,0,0,1,2018-12-13 00:00:00.0000000,2018-12-13 00:00:00.0000000,NULL,NULL,NULL,NULL,1,,1,1
40,726617,0.927392236,4594.31371,0,927392236,0,4594,31371,2,2019-08-19 00:00:00.0000000,2019-07-15 00:00:00.0000000,10,2020-09-21 00:00:00.0000000,2020-01-14 00:00:00.0000000,,0,0,1
40,426566,0.992512657,15321.74191,0,992512657,0,15321,74191,28,2019-09-11 00:00:00.0000000,2018-10-25 00:00:00.0000000,36,2020-09-30 00:00:00.0000000,2019-10-07 00:00:00.0000000,,0,0,1
40,669388,0.99882745,101726.8588,0,99882745,0,101726,8588,63,2019-09-27 00:00:00.0000000,2018-10-03 00:00:00.0000000,68,2020-09-28 00:00:00.0000000,2019-10-04 00:00:00.0000000,,0,0,1
40,423259,0.99814157,327040.2658,0,99814157,0,327040,2658,119,2019-09-25 00:00:00.0000000,2018-10-01 00:00:00.0000000,112,2020-09-30 00:00:00.0000000,2019-10-03 00:00:00.0000000,,0,0,1
40,714624,0.065753244,89.25541286,0,65753244,1,89,25541286,3,2019-03-26 00:00:00.0000000,2019-03-18 00:00:00.0000000,NULL,NULL,NULL,,1,1,1
40,710477,0.998284864,10293.36718,0,998284864,0,10293,36718,26,2019-09-30 00:00:00.0000000,2018-10-17 00:00:00.0000000,18,2020-09-29 00:00:00.0000000,2019-10-18 00:00:00.0000000,,0,0,1
40,429565,0.999020972,235862.9447,0,999020972,0,235862,9447,133,2019-09-27 00:00:00.0000000,2018-10-02 00:00:00.0000000,180,2020-09-30 00:00:00.0000000,2019-10-01 00:00:00.0000000,,0,0,1
40,709640,0.998563976,168650.606,0,998563976,0,168650,606,31,2019-09-30 00:00:00.0000000,2018-10-02 00:00:00.0000000,18,2020-05-04 00:00:00.0000000,2019-10-07 00:00:00.0000000,,0,0,1
40,423354,0.97980907,10628.97304,0,97980907,0,10628,97304,29,2019-08-29 00:00:00.0000000,2018-10-03 00:00:00.0000000,22,2020-09-28 00:00:00.0000000,2019-10-15 00:00:00.0000000,,0,0,1
40,716148,0.342666277,27.01847212,0,342666277,1,27,1847212,2,2019-06-13 00:00:00.0000000,2019-06-12 00:00:00.0000000,NULL,NULL,NULL,,1,1,1
40,433046,0.006429673,0.815527913,0,6429673,1,0,815527913,4,2018-11-23 00:00:00.0000000,2018-11-06 00:00:00.0000000,NULL,NULL,NULL,,1,1,1
40,634951,0.974038622,2875.994555,0,974038622,0,2875,994555,2,2019-09-27 00:00:00.0000000,2018-11-30 00:00:00.0000000,1,2020-09-23 00:00:00.0000000,2020-09-23 00:00:00.0000000,,0,0,1
40,613974,0.999828137,6337817.539,0,999828137,0,6337817,539,257,2019-09-30 00:00:00.0000000,2018-10-01 00:00:00.0000000,264,2020-09-30 00:00:00.0000000,2019-10-01 00:00:00.0000000,,0,0,1
40,590276,0.980107876,1718.917079,0,980107876,0,1718,917079,3,2019-09-13 00:00:00.0000000,2019-03-04 00:00:00.0000000,12,2020-09-23 00:00:00.0000000,2019-10-11 00:00:00.0000000,,0,0,1
40,621692,0.980046766,11514.01991,0,980046766,0,11514,1991,5,2019-08-28 00:00:00.0000000,2019-03-08 00:00:00.0000000,8,2020-09-03 00:00:00.0000000,2020-02-28 00:00:00.0000000,,0,0,1
40,733899,0.294173359,2279.617277,0,294173359,1,2279,617277,16,2019-05-23 00:00:00.0000000,2018-10-02 00:00:00.0000000,6,2020-08-24 00:00:00.0000000,2020-05-13 00:00:00.0000000,,0,0,1
40,558016,0.988308162,2440.168491,0,988308162,0,2440,168491,5,2019-09-19 00:00:00.0000000,2019-02-22 00:00:00.0000000,5,2019-11-26 00:00:00.0000000,2019-10-01 00:00:00.0000000,,0,0,1
40,666458,0.679250433,0,0,679250433,0,0,1,2019-02-27 00:00:00.0000000,2019-02-27 00:00:00.0000000,NULL,NULL,NULL,NULL,1,,1,1
40,430573,0.996975918,8386.620058,0,996975918,0,8386,620058,18,2019-09-27 00:00:00.0000000,2019-01-08 00:00:00.0000000,17,2020-09-25 00:00:00.0000000,2019-10-24 00:00:00.0000000,,0,0,1
40,720668,0.882019195,0,0,882019195,0,0,1,2019-09-13 00:00:00.0000000,2019-09-13 00:00:00.0000000,1,2019-12-13 00:00:00.0000000,2019-12-13 00:00:00.0000000,NULL,0,,0,1
40,622136,0.993438985,10091.61823,0,993438985,0,10091,61823,7,2019-09-30 00:00:00.0000000,2019-03-07 00:00:00.0000000,14,2020-07-14 00:00:00.0000000,2019-10-09 00:00:00.0000000,,0,0,1
40,689516,0.974000374,456.6612865,0,974000374,0,456,6612865,2,2019-09-27 00:00:00.0000000,2018-12-28 00:00:00.0000000,1,2019-10-28 00:00:00.0000000,2019-10-28 00:00:00.0000000,,0,0,1
40,686178,0.01928203,24.64520348,0,1928203,1,24,64520348,6,2018-12-17 00:00:00.0000000,2018-10-10 00:00:00.0000000,NULL,NULL,NULL,,1,1,1
40,636877,0.998608638,119691.4798,0,998608638,0,119691,4798,47,2019-09-27 00:00:00.0000000,2018-10-10 00:00:00.0000000,21,2020-09-28 00:00:00.0000000,2019-10-10 00:00:00.0000000,,0,0,1
40,746076,0.517894092,405.282424,0,517894092,0,405,282424,2,2019-03-07 00:00:00.0000000,2019-02-18 00:00:00.0000000,NULL,NULL,NULL,,1,1,1
40,720419,0.993365038,8328.97341,0,993365038,0,8328,97341,9,2019-09-20 00:00:00.0000000,2018-11-22 00:00:00.0000000,10,2020-06-05 00:00:00.0000000,2019-10-30 00:00:00.0000000,,0,0,1
40,625673,0.995769611,48391.77352,0,995769611,0,48391,77352,70,2019-09-20 00:00:00.0000000,2018-10-01 00:00:00.0000000,56,2020-09-25 00:00:00.0000000,2019-10-07 00:00:00.0000000,,0,0,1
40,718851,0.997684068,55805.71088,0,997684068,0,55805,71088,45,2019-09-23 00:00:00.0000000,2018-10-03 00:00:00.0000000,33,2020-09-23 00:00:00.0000000,2019-10-30 00:00:00.0000000,,0,0,1
40,432817,0.694954133,0,0,694954133,0,0,1,2019-03-26 00:00:00.0000000,2019-03-26 00:00:00.0000000,3,2020-03-23 00:00:00.0000000,2019-10-17 00:00:00.0000000,NULL,0,,0,1
40,523633,0.998729394,114568.6321,0,998729394,0,114568,6321,35,2019-09-30 00:00:00.0000000,2018-10-01 00:00:00.0000000,43,2020-09-25 00:00:00.0000000,2019-10-01 00:00:00.0000000,,0,0,1
40,422586,0.997929569,8466.223149,0,997929569,0,8466,223149,34,2019-09-25 00:00:00.0000000,2018-10-04 00:00:00.0000000,80,2020-09-23 00:00:00.0000000,2019-10-07 00:00:00.0000000,,0,0,1
40,424608,0.965070398,1388.967884,0,965070398,0,1388,967884,5,2019-07-03 00:00:00.0000000,2018-10-23 00:00:00.0000000,11,2020-08-21 00:00:00.0000000,2020-02-17 00:00:00.0000000,,0,0,1
40,622242,0.751503482,0,0,751503482,0,0,1,2019-06-11 00:00:00.0000000,2019-06-11 00:00:00.0000000,1,2019-10-21 00:00:00.0000000,2019-10-21 00:00:00.0000000,NULL,0,,0,1
40,553708,0.876909164,969.3033176,0,876909164,0,969,3033176,2,2019-02-12 00:00:00.0000000,2018-10-22 00:00:00.0000000,18,2020-09-10 00:00:00.0000000,2019-10-04 00:00:00.0000000,,0,0,1
40,716345,0.971610395,13051.82768,0,971610395,0,13051,82768,2,2019-09-25 00:00:00.0000000,2019-07-23 00:00:00.0000000,NULL,NULL,NULL,,1,1,1
40,705090,0.375578094,108.7865896,0,375578094,1,108,7865896,2,2019-04-18 00:00:00.0000000,2019-04-12 00:00:00.0000000,3,2020-04-15 00:00:00.0000000,2019-10-21 00:00:00.0000000,,0,0,1
40,434649,0.999748917,169894.66,0,999748917,0,169894,66,176,2019-09-30 00:00:00.0000000,2018-10-01 00:00:00.0000000,174,2020-09-30 00:00:00.0000000,2019-10-02 00:00:00.0000000,,0,0,1
40,707209,0.999328693,93837.81187,0,999328693,0,93837,81187,66,2019-09-30 00:00:00.0000000,2018-10-01 00:00:00.0000000,39,2020-09-30 00:00:00.0000000,2019-10-09 00:00:00.0000000,,0,0,1
40,742782,0.903727986,34.43644967,0,903727986,0,34,43644967,2,2019-04-27 00:00:00.0000000,2019-01-16 00:00:00.0000000,NULL,NULL,NULL,,1,1,1
40,422172,0.993076464,4355.059042,0,993076464,0,4355,59042,17,2019-09-09 00:00:00.0000000,2018-10-02 00:00:00.0000000,9,2020-09-30 00:00:00.0000000,2019-10-29 00:00:00.0000000,,0,0,1
40,698028,0.431479893,3543.794228,0,431479893,1,3543,794228,12,2019-05-07 00:00:00.0000000,2018-10-04 00:00:00.0000000,6,2020-09-30 00:00:00.0000000,2019-10-11 00:00:00.0000000,,0,0,1
40,650573,0.464571213,19567.23626,0,464571213,1,19567,23626,3,2019-06-18 00:00:00.0000000,2019-05-31 00:00:00.0000000,8,2020-07-27 00:00:00.0000000,2019-11-11 00:00:00.0000000,,0,0,1
40,607403,0.995473868,12026.58183,0,995473868,0,12026,58183,12,2019-09-26 00:00:00.0000000,2019-01-28 00:00:00.0000000,5,2020-03-02 00:00:00.0000000,2019-10-04 00:00:00.0000000,,0,0,1
40,698111,0.973503619,4302.527253,0,973503619,0,4302,527253,7,2019-07-23 00:00:00.0000000,2018-10-16 00:00:00.0000000,8,2020-02-25 00:00:00.0000000,2019-10-09 00:00:00.0000000,,0,0,1
40,751865,0.857620471,0,0,857620471,0,0,1,2019-09-02 00:00:00.0000000,2019-09-02 00:00:00.0000000,NULL,NULL,NULL,NULL,1,,1,1
40,611189,0.839230104,0,0,839230104,0,0,1,2019-08-23 00:00:00.0000000,2019-08-23 00:00:00.0000000,2,2020-03-04 00:00:00.0000000,2019-10-29 00:00:00.0000000,NULL,0,,0,1
40,710317,0.663503291,0,0,663503291,0,0,1,2019-01-28 00:00:00.0000000,2019-01-28 00:00:00.0000000,1,2020-09-17 00:00:00.0000000,2020-09-17 00:00:00.0000000,NULL,0,,0,1
40,422625,0.993267865,27873.12703,0,993267865,0,27873,12703,26,2019-09-11 00:00:00.0000000,2018-10-08 00:00:00.0000000,50,2020-09-30 00:00:00.0000000,2019-10-08 00:00:00.0000000,,0,0,1
40,721279,0.997363697,95204.4969,0,997363697,0,95204,4969,23,2019-09-25 00:00:00.0000000,2018-10-01 00:00:00.0000000,17,2020-06-19 00:00:00.0000000,2019-10-09 00:00:00.0000000,,0,0,1
40,724786,0.936902777,85.37131269,0,936902777,0,85,37131269,2,2019-04-22 00:00:00.0000000,2018-10-16 00:00:00.0000000,1,2020-02-25 00:00:00.0000000,2020-02-25 00:00:00.0000000,,0,0,1
40,650978,0.648314359,0,0,648314359,0,0,1,2018-12-27 00:00:00.0000000,2018-12-27 00:00:00.0000000,NULL,NULL,NULL,NULL,1,,1,1
40,702276,0.860199026,2080.119679,0,860199026,0,2080,119679,5,2019-05-07 00:00:00.0000000,2018-11-26 00:00:00.0000000,4,2020-01-09 00:00:00.0000000,2019-10-22 00:00:00.0000000,,0,0,1
40,423467,0.287923421,349.3672129,0,287923421,1,349,3672129,4,2019-01-15 00:00:00.0000000,2018-11-08 00:00:00.0000000,NULL,NULL,NULL,,1,1,1
40,620749,0.998993182,173001.8599,0,998993182,0,173001,8599,94,2019-09-27 00:00:00.0000000,2018-10-01 00:00:00.0000000,55,2020-09-23 00:00:00.0000000,2019-10-07 00:00:00.0000000,,0,0,1
40,589271,0.99980877,196831.6945,0,99980877,0,196831,6945,231,2019-09-30 00:00:00.0000000,2018-10-01 00:00:00.0000000,195,2020-09-30 00:00:00.0000000,2019-10-02 00:00:00.0000000,,0,0,1
40,745957,0.994688401,13808.59918,0,994688401,0,13808,59918,10,2019-09-26 00:00:00.0000000,2019-02-05 00:00:00.0000000,1,2019-11-14 00:00:00.0000000,2019-11-14 00:00:00.0000000,,0,0,1
40,433444,0.999801901,5.08E+07,0,999801901,0,50800000,223,2019-09-30 00:00:00.0000000,2018-10-01 00:00:00.0000000,195,2020-09-30 00:00:00.0000000,2019-10-01 00:00:00.0000000,NULL,0,,0,1
40,651440,0.99872811,37208.30469,0,99872811,0,37208,30469,54,2019-09-27 00:00:00.0000000,2018-10-03 00:00:00.0000000,78,2020-09-30 00:00:00.0000000,2019-10-02 00:00:00.0000000,,0,0,1
40,431452,0.997125998,54080.15294,0,997125998,0,54080,15294,25,2019-09-23 00:00:00.0000000,2018-10-08 00:00:00.0000000,13,2020-09-16 00:00:00.0000000,2019-10-30 00:00:00.0000000,,0,0,1
40,527171,0.998284795,31700.17648,0,998284795,0,31700,17648,56,2019-09-25 00:00:00.0000000,2018-10-10 00:00:00.0000000,34,2020-09-17 00:00:00.0000000,2019-10-03 00:00:00.0000000,,0,0,1
40,707731,0.610734894,785.2947128,0,610734894,0,785,2947128,4,2019-01-30 00:00:00.0000000,2018-10-10 00:00:00.0000000,1,2020-05-15 00:00:00.0000000,2020-05-15 00:00:00.0000000,,0,0,1
40,653056,0.644740527,0,0,644740527,0,0,1,2018-12-19 00:00:00.0000000,2018-12-19 00:00:00.0000000,NULL,NULL,NULL,NULL,1,,1,1
40,429135,0.980556824,76163.19865,0,980556824,0,76163,19865,30,2019-08-30 00:00:00.0000000,2018-10-02 00:00:00.0000000,19,2020-09-25 00:00:00.0000000,2019-10-04 00:00:00.0000000,,0,0,1
40,685372,0.998117713,15696.15117,0,998117713,0,15696,15117,34,2019-09-26 00:00:00.0000000,2018-10-01 00:00:00.0000000,17,2020-08-11 00:00:00.0000000,2019-10-21 00:00:00.0000000,,0,0,1
40,750513,0.766548791,0,0,766548791,0,0,1,2019-06-27 00:00:00.0000000,2019-06-27 00:00:00.0000000,5,2020-08-21 00:00:00.0000000,2019-10-08 00:00:00.0000000,NULL,0,,0,1
40,689023,0.982989329,546.6023854,0,982989329,0,546,6023854,3,2019-09-26 00:00:00.0000000,2019-03-14 00:00:00.0000000,4,2020-04-28 00:00:00.0000000,2019-10-07 00:00:00.0000000,,0,0,1
40,682739,0.971410046,194.5233022,0,971410046,0,194,5233022,4,2019-07-15 00:00:00.0000000,2018-10-26 00:00:00.0000000,2,2020-06-23 00:00:00.0000000,2020-06-05 00:00:00.0000000,,0,0,1
40,688228,0.778965986,0,0,778965986,0,0,1,2019-07-09 00:00:00.0000000,2019-07-09 00:00:00.0000000,NULL,NULL,NULL,NULL,1,,1,1
40,726110,0.998764961,89051.86666,0,998764961,0,89051,86666,36,2019-09-30 00:00:00.0000000,2018-10-05 00:00:00.0000000,23,2020-09-29 00:00:00.0000000,2019-10-01 00:00:00.0000000,,0,0,1
40,745070,0.651973249,0,0,651973249,0,0,1,2019-01-04 00:00:00.0000000,2019-01-04 00:00:00.0000000,1,2020-01-03 00:00:00.0000000,2020-01-03 00:00:00.0000000,NULL,0,,0,1
40,424951,0.998140728,2009735.88,0,998140728,0,2009735,88,194,2019-09-26 00:00:00.0000000,2018-10-01 00:00:00.0000000,172,2020-09-30 00:00:00.0000000,2019-10-02 00:00:00.0000000,,0,0,1
40,463066,0.99971667,73879.84825,0,99971667,0,73879,84825,156,2019-09-30 00:00:00.0000000,2018-10-01 00:00:00.0000000,159,2020-09-30 00:00:00.0000000,2019-10-01 00:00:00.0000000,,0,0,1
40,428420,0.999513677,74421.75263,0,999513677,0,74421,75263,91,2019-09-30 00:00:00.0000000,2018-10-01 00:00:00.0000000,87,2020-09-30 00:00:00.0000000,2019-10-11 00:00:00.0000000,,0,0,1
40,525922,0.097100121,703.4477282,0,97100121,1,703,4477282,4,2019-05-30 00:00:00.0000000,2019-05-14 00:00:00.0000000,NULL,NULL,NULL,,1,1,1
40,706508,0.998449454,146986.2075,0,998449454,0,146986,2075,48,2019-09-26 00:00:00.0000000,2018-10-02 00:00:00.0000000,43,2020-09-28 00:00:00.0000000,2019-10-03 00:00:00.0000000,,0,0,1
40,655531,0.996474046,23291.87546,0,996474046,0,23291,87546,20,2019-09-26 00:00:00.0000000,2019-04-16 00:00:00.0000000,55,2020-09-30 00:00:00.0000000,2019-10-07 00:00:00.0000000,,0,0,1
40,431532,0.973834913,1001.38889,0,973834913,0,1001,38889,3,2019-08-16 00:00:00.0000000,2019-01-21 00:00:00.0000000,3,2020-04-29 00:00:00.0000000,2020-04-22 00:00:00.0000000,,0,0,1
40,423698,0.75883106,0,0,75883106,0,0,1,2019-06-19 00:00:00.0000000,2019-06-19 00:00:00.0000000,1,2020-03-02 00:00:00.0000000,2020-03-02 00:00:00.0000000,NULL,0,,0,1
40,441569,0.968707604,1065.034852,0,968707604,0,1065,34852,4,2019-07-02 00:00:00.0000000,2018-10-01 00:00:00.0000000,NULL,NULL,NULL,,1,1,1
40,424609,0.99496849,4844.106878,0,99496849,0,4844,106878,10,2019-09-27 00:00:00.0000000,2019-01-02 00:00:00.0000000,14,2020-09-23 00:00:00.0000000,2019-10-01 00:00:00.0000000,,0,0,1
40,696016,0.994328571,83605.37774,0,994328571,0,83605,37774,25,2019-09-13 00:00:00.0000000,2018-10-03 00:00:00.0000000,10,2020-09-30 00:00:00.0000000,2019-10-11 00:00:00.0000000,,0,0,1
40,588210,0.635559596,352.6385425,0,635559596,0,352,6385425,2,2018-11-21 00:00:00.0000000,2018-10-08 00:00:00.0000000,NULL,NULL,NULL,,1,1,1
40,747073,0.683169585,0,0,683169585,0,0,1,2019-03-06 00:00:00.0000000,2019-03-06 00:00:00.0000000,NULL,NULL,NULL,NULL,1,,1,1
40,424944,0.999727181,4159820.028,0,999727181,0,4159820,28,162,2019-09-30 00:00:00.0000000,2018-10-01 00:00:00.0000000,147,2020-09-30 00:00:00.0000000,2019-10-01 00:00:00.0000000,,0,0,1
40,571990,0.733055889,0,0,733055889,0,0,1,2019-05-20 00:00:00.0000000,2019-05-20 00:00:00.0000000,6,2020-09-22 00:00:00.0000000,2019-12-17 00:00:00.0000000,NULL,0,,0,1
40,588438,0.986217517,633130.0564,0,986217517,0,633130,564,18,2019-08-29 00:00:00.0000000,2018-10-29 00:00:00.0000000,8,2020-09-22 00:00:00.0000000,2019-12-27 00:00:00.0000000,,0,0,1
40,434514,0.998695548,35737.1625,0,998695548,0,35737,1625,84,2019-09-26 00:00:00.0000000,2018-10-01 00:00:00.0000000,96,2020-09-29 00:00:00.0000000,2019-10-08 00:00:00.0000000,,0,0,1
40,430196,0.946776091,321754.0347,0,946776091,0,321754,347,25,2019-08-13 00:00:00.0000000,2018-10-05 00:00:00.0000000,21,2020-09-30 00:00:00.0000000,2019-10-07 00:00:00.0000000,,0,0,1
40,747965,0.91961005,14681.05345,0,91961005,0,14681,5345,7,2019-07-31 00:00:00.0000000,2019-04-02 00:00:00.0000000,9,2020-09-11 00:00:00.0000000,2019-10-03 00:00:00.0000000,,0,0,1
40,573008,0.98392318,11920.72431,0,98392318,0,11920,72431,16,2019-08-26 00:00:00.0000000,2018-11-13 00:00:00.0000000,19,2020-09-17 00:00:00.0000000,2019-10-28 00:00:00.0000000,,0,0,1
40,558615,0.997194144,16173.16582,0,997194144,0,16173,16582,16,2019-09-30 00:00:00.0000000,2018-11-06 00:00:00.0000000,NULL,NULL,NULL,,1,1,1
40,712768,0.329587137,2794.050884,0,329587137,1,2794,50884,6,2019-02-14 00:00:00.0000000,2018-10-11 00:00:00.0000000,2,2020-09-14 00:00:00.0000000,2020-01-02 00:00:00.0000000,,0,0,1
40,669608,0.988903216,4788.882182,0,988903216,0,4788,882182,6,2019-09-18 00:00:00.0000000,2019-04-02 00:00:00.0000000,5,2020-03-16 00:00:00.0000000,2019-11-21 00:00:00.0000000,,0,0,1
40,466269,0.999813617,2819536.86,0,999813617,0,2819536,86,237,2019-09-30 00:00:00.0000000,2018-10-01 00:00:00.0000000,203,2020-09-30 00:00:00.0000000,2019-10-01 00:00:00.0000000,,0,0,1
40,427921,0.99522351,1395.329833,0,99522351,0,1395,329833,12,2019-09-23 00:00:00.0000000,2018-10-30 00:00:00.0000000,6,2020-01-23 00:00:00.0000000,2019-10-30 00:00:00.0000000,,0,0,1
40,591691,0.0052984,7.792388357,0,52984,1,7,792388357,9,2019-01-11 00:00:00.0000000,2018-10-01 00:00:00.0000000,NULL,NULL,NULL,,1,1,1
40,722189,0.644299585,0,0,644299585,0,0,1,2018-12-18 00:00:00.0000000,2018-12-18 00:00:00.0000000,1,2020-05-07 00:00:00.0000000,2020-05-07 00:00:00.0000000,NULL,0,,0,1
40,681977,0.994288329,13536.47631,0,994288329,0,13536,47631,8,2019-09-30 00:00:00.0000000,2019-02-21 00:00:00.0000000,17,2020-09-22 00:00:00.0000000,2019-10-02 00:00:00.0000000,,0,0,1
40,572508,0.998549338,82526.85187,0,998549338,0,82526,85187,47,2019-09-27 00:00:00.0000000,2018-11-14 00:00:00.0000000,40,2020-09-29 00:00:00.0000000,2019-10-08 00:00:00.0000000,,0,0,1
40,733638,0.992820706,2092.080223,0,992820706,0,2092,80223,7,2019-09-26 00:00:00.0000000,2018-12-19 00:00:00.0000000,6,2020-06-25 00:00:00.0000000,2019-10-17 00:00:00.0000000,,0,0,1
40,745204,0.997685712,4289.82232,0,997685712,0,4289,82232,32,2019-09-26 00:00:00.0000000,2019-01-30 00:00:00.0000000,41,2020-09-28 00:00:00.0000000,2019-10-02 00:00:00.0000000,,0,0,1
40,422144,0.83356379,2158.831572,0,83356379,0,2158,831572,8,2019-05-15 00:00:00.0000000,2018-10-03 00:00:00.0000000,NULL,NULL,NULL,,1,1,1
40,422131,0.996689788,129684.985,0,996689788,0,129684,985,41,2019-09-20 00:00:00.0000000,2018-10-04 00:00:00.0000000,39,2020-08-27 00:00:00.0000000,2019-10-02 00:00:00.0000000,,0,0,1
40,580974,0.690130747,0,0,690130747,0,0,1,2019-03-18 00:00:00.0000000,2019-03-18 00:00:00.0000000,NULL,NULL,NULL,NULL,1,,1,1
40,602999,0.997062509,29948.52338,0,997062509,0,29948,52338,24,2019-09-23 00:00:00.0000000,2018-10-08 00:00:00.0000000,25,2020-09-09 00:00:00.0000000,2019-10-22 00:00:00.0000000,,0,0,1
40,604969,3.12E-04,1.128475009,0,312,1,1,128475009,7,2018-11-26 00:00:00.0000000,2018-10-15 00:00:00.0000000,3,2020-03-23 00:00:00.0000000,2019-11-14 00:00:00.0000000,,0,0,1
40,427827,0.99879028,30485.58668,0,99879028,0,30485,58668,60,2019-09-27 00:00:00.0000000,2018-10-08 00:00:00.0000000,68,2020-09-28 00:00:00.0000000,2019-10-14 00:00:00.0000000,,0,0,1
40,721093,0.43932832,1187.288127,0,43932832,1,1187,288127,6,2019-03-27 00:00:00.0000000,2018-11-29 00:00:00.0000000,2,2020-02-07 00:00:00.0000000,2019-10-30 00:00:00.0000000,,0,0,1
40,695651,0.999803664,2074070.039,0,999803664,0,2074070,39,225,2019-09-30 00:00:00.0000000,2018-10-02 00:00:00.0000000,200,2020-09-30 00:00:00.0000000,2019-10-01 00:00:00.0000000,,0,0,1
40,669188,0.414149566,8004.436194,0,414149566,1,8004,436194,13,2019-05-27 00:00:00.0000000,2018-11-09 00:00:00.0000000,1,2020-02-19 00:00:00.0000000,2020-02-19 00:00:00.0000000,,0,0,1
40,553851,0.999601521,303345.6708,0,999601521,0,303345,6708,111,2019-09-30 00:00:00.0000000,2018-10-02 00:00:00.0000000,94,2020-09-28 00:00:00.0000000,2019-10-01 00:00:00.0000000,,0,0,1
40,675786,0.982361604,2123.30458,0,982361604,0,2123,30458,4,2019-09-04 00:00:00.0000000,2019-02-06 00:00:00.0000000,21,2020-09-11 00:00:00.0000000,2019-10-17 00:00:00.0000000,,0,0,1
40,667442,0.696802947,0,0,696802947,0,0,1,2019-03-29 00:00:00.0000000,2019-03-29 00:00:00.0000000,NULL,NULL,NULL,NULL,1,,1,1
40,630347,0.984160756,2875.941726,0,984160756,0,2875,941726,12,2019-08-19 00:00:00.0000000,2018-10-15 00:00:00.0000000,3,2020-09-25 00:00:00.0000000,2019-10-04 00:00:00.0000000,,0,0,1
40,713548,0.035606434,5.523726737,0,35606434,1,5,523726737,3,2018-12-07 00:00:00.0000000,2018-11-26 00:00:00.0000000,NULL,NULL,NULL,,1,1,1
40,688109,0.994390913,1781.174914,0,994390913,0,1781,174914,10,2019-09-23 00:00:00.0000000,2018-11-23 00:00:00.0000000,15,2020-09-21 00:00:00.0000000,2019-11-21 00:00:00.0000000,,0,0,1
40,432942,0.998898739,263357.3037,0,998898739,0,263357,3037,195,2019-09-27 00:00:00.0000000,2018-10-01 00:00:00.0000000,168,2020-09-30 00:00:00.0000000,2019-10-02 00:00:00.0000000,,0,0,1
40,475017,0.9973751,61778.97174,0,9973751,0,61778,97174,20,2019-09-27 00:00:00.0000000,2018-10-04 00:00:00.0000000,20,2020-09-23 00:00:00.0000000,2019-12-03 00:00:00.0000000,,0,0,1
40,652665,0.99718422,1124671.106,0,99718422,0,1124671,106,93,2019-09-23 00:00:00.0000000,2018-10-04 00:00:00.0000000,94,2020-09-30 00:00:00.0000000,2019-10-02 00:00:00.0000000,,0,0,1
40,670314,0.687774986,0,0,687774986,0,0,1,2019-03-14 00:00:00.0000000,2019-03-14 00:00:00.0000000,NULL,NULL,NULL,NULL,1,,1,1
40,721039,0.682603531,0,0,682603531,0,0,1,2019-03-05 00:00:00.0000000,2019-03-05 00:00:00.0000000,1,2019-12-24 00:00:00.0000000,2019-12-24 00:00:00.0000000,NULL,0,,0,1
40,745426,0.998860639,149115.1343,0,998860639,0,149115,1343,39,2019-09-30 00:00:00.0000000,2019-04-03 00:00:00.0000000,63,2020-09-04 00:00:00.0000000,2019-10-01 00:00:00.0000000,,0,0,1
40,471251,0.99778223,9125.733538,0,99778223,0,9125,733538,31,2019-09-25 00:00:00.0000000,2018-10-18 00:00:00.0000000,9,2020-07-14 00:00:00.0000000,2019-10-08 00:00:00.0000000,,0,0,1
40,426934,0.827521389,2605.235378,0,827521389,0,2605,235378,12,2019-06-14 00:00:00.0000000,2018-10-03 00:00:00.0000000,2,2020-02-14 00:00:00.0000000,2020-01-29 00:00:00.0000000,,0,0,1
40,750960,0.794990845,0,0,794990845,0,0,1,2019-07-23 00:00:00.0000000,2019-07-23 00:00:00.0000000,2,2020-06-17 00:00:00.0000000,2020-02-18 00:00:00.0000000,NULL,0,,0,1
40,472153,0.991831314,9056.63418,0,991831314,0,9056,63418,7,2019-09-19 00:00:00.0000000,2018-11-08 00:00:00.0000000,3,2020-08-27 00:00:00.0000000,2019-12-17 00:00:00.0000000,,0,0,1
40,423786,0.941459187,1820.095491,0,941459187,0,1820,95491,4,2019-05-27 00:00:00.0000000,2018-10-31 00:00:00.0000000,NULL,NULL,NULL,,1,1,1
40,678614,0.999681949,258307.6442,0,999681949,0,258307,6442,139,2019-09-30 00:00:00.0000000,2018-10-02 00:00:00.0000000,67,2020-09-07 00:00:00.0000000,2019-10-02 00:00:00.0000000,,0,0,1
40,686951,0.973514102,2101.104779,0,973514102,0,2101,104779,2,2019-09-24 00:00:00.0000000,2019-01-14 00:00:00.0000000,NULL,NULL,NULL,,1,1,1
40,423006,0.998146281,39564.9772,0,998146281,0,39564,9772,35,2019-09-26 00:00:00.0000000,2018-10-04 00:00:00.0000000,39,2020-09-22 00:00:00.0000000,2019-10-08 00:00:00.0000000,,0,0,1
40,740032,0.79868087,0,0,79868087,0,0,1,2019-07-26 00:00:00.0000000,2019-07-26 00:00:00.0000000,NULL,NULL,NULL,NULL,1,,1,1
40,571615,0.674737915,5564.234933,0,674737915,0,5564,234933,9,2019-05-06 00:00:00.0000000,2018-10-15 00:00:00.0000000,4,2020-06-01 00:00:00.0000000,2019-11-14 00:00:00.0000000,,0,0,1
40,704563,0.678698647,0,0,678698647,0,0,1,2019-02-26 00:00:00.0000000,2019-02-26 00:00:00.0000000,NULL,NULL,NULL,NULL,1,,1,1
40,471470,0.990796747,3241.17751,0,990796747,0,3241,17751,6,2019-09-19 00:00:00.0000000,2018-10-24 00:00:00.0000000,18,2020-09-22 00:00:00.0000000,2019-10-01 00:00:00.0000000,,0,0,1
40,431630,0.99975985,471333.4031,0,99975985,0,471333,4031,184,2019-09-30 00:00:00.0000000,2018-10-03 00:00:00.0000000,173,2020-09-25 00:00:00.0000000,2019-10-01 00:00:00.0000000,,0,0,1
40,596227,0.999193756,37325.46289,0,999193756,0,37325,46289,55,2019-09-30 00:00:00.0000000,2018-10-08 00:00:00.0000000,36,2020-08-28 00:00:00.0000000,2019-10-04 00:00:00.0000000,,0,0,1
40,622471,0.616211902,0,0,616211902,0,0,1,2018-10-09 00:00:00.0000000,2018-10-09 00:00:00.0000000,NULL,NULL,NULL,NULL,1,,1,1
40,690359,0.944019286,507.1627986,0,944019286,0,507,1627986,2,2019-06-21 00:00:00.0000000,2019-01-31 00:00:00.0000000,2,2020-09-11 00:00:00.0000000,2019-11-28 00:00:00.0000000,,0,0,1
40,423015,0.999432336,133582.8541,0,999432336,0,133582,8541,78,2019-09-30 00:00:00.0000000,2018-10-04 00:00:00.0000000,73,2020-09-30 00:00:00.0000000,2019-10-01 00:00:00.0000000,,0,0,1
40,693968,0.995719802,83338.56863,0,995719802,0,83338,56863,30,2019-09-17 00:00:00.0000000,2018-10-03 00:00:00.0000000,33,2020-09-28 00:00:00.0000000,2019-10-01 00:00:00.0000000,,0,0,1
40,426512,0.999640484,168873.2783,0,999640484,0,168873,2783,123,2019-09-30 00:00:00.0000000,2018-10-03 00:00:00.0000000,81,2020-09-30 00:00:00.0000000,2019-10-01 00:00:00.0000000,,0,0,1
40,695782,0.998111881,49194.09537,0,998111881,0,49194,9537,30,2019-09-27 00:00:00.0000000,2018-10-02 00:00:00.0000000,45,2020-09-23 00:00:00.0000000,2019-10-01 00:00:00.0000000,,0,0,1
40,650718,0.682758132,1327.636872,0,682758132,0,1327,636872,11,2019-05-27 00:00:00.0000000,2018-10-22 00:00:00.0000000,NULL,NULL,NULL,,1,1,1
40,429156,0.993139646,18606.64785,0,993139646,0,18606,64785,30,2019-09-12 00:00:00.0000000,2018-10-16 00:00:00.0000000,50,2020-09-28 00:00:00.0000000,2019-10-16 00:00:00.0000000,,0,0,1
40,638984,0.990414223,2865.114444,0,990414223,0,2865,114444,7,2019-09-13 00:00:00.0000000,2018-12-10 00:00:00.0000000,2,2020-04-27 00:00:00.0000000,2020-01-16 00:00:00.0000000,,0,0,1
40,692527,0.357424929,76.22046501,0,357424929,1,76,22046501,3,2019-01-03 00:00:00.0000000,2018-11-19 00:00:00.0000000,NULL,NULL,NULL,,1,1,1
40,702180,0.99888932,23544.06444,0,99888932,0,23544,6444,40,2019-09-30 00:00:00.0000000,2018-10-02 00:00:00.0000000,30,2020-09-21 00:00:00.0000000,2019-10-01 00:00:00.0000000,,0,0,1
40,633376,0.99471526,3636.967225,0,99471526,0,3636,967225,20,2019-09-16 00:00:00.0000000,2018-11-16 00:00:00.0000000,NULL,NULL,NULL,,1,1,1
40,637124,0.618427601,0,0,618427601,0,0,1,2018-10-15 00:00:00.0000000,2018-10-15 00:00:00.0000000,1,2019-12-10 00:00:00.0000000,2019-12-10 00:00:00.0000000,NULL,0,,0,1
40,565055,0.992896037,4492.016821,0,992896037,0,4492,16821,8,2019-09-20 00:00:00.0000000,2018-10-22 00:00:00.0000000,11,2020-06-24 00:00:00.0000000,2019-12-10 00:00:00.0000000,,0,0,1
40,731028,0.434877122,334.8652795,0,434877122,1,334,8652795,2,2018-10-25 00:00:00.0000000,2018-10-01 00:00:00.0000000,NULL,NULL,NULL,,1,1,1
40,730778,0.307590086,158.1161289,0,307590086,1,158,1161289,2,2019-03-11 00:00:00.0000000,2019-03-05 00:00:00.0000000,NULL,NULL,NULL,,1,1,1
40,710164,0.922480518,535.6107586,0,922480518,0,535,6107586,3,2019-04-10 00:00:00.0000000,2018-10-04 00:00:00.0000000,NULL,NULL,NULL,,1,1,1
40,425418,0.991252545,5710.039521,0,991252545,0,5710,39521,14,2019-09-04 00:00:00.0000000,2018-10-08 00:00:00.0000000,24,2020-09-17 00:00:00.0000000,2019-10-04 00:00:00.0000000,,0,0,1
40,580946,0.632848723,0,0,632848723,0,0,1,2018-11-21 00:00:00.0000000,2018-11-21 00:00:00.0000000,NULL,NULL,NULL,NULL,1,,1,1
40,698870,0.350967379,650.3932908,0,350967379,1,650,3932908,2,2019-03-08 00:00:00.0000000,2019-02-28 00:00:00.0000000,NULL,NULL,NULL,,1,1,1
40,712926,0.9997092,269946.3687,0,9997092,0,269946,3687,152,2019-09-30 00:00:00.0000000,2018-10-01 00:00:00.0000000,166,2020-09-30 00:00:00.0000000,2019-10-01 00:00:00.0000000,,0,0,1
40,430629,0.978397897,797.9352553,0,978397897,0,797,9352553,3,2019-09-02 00:00:00.0000000,2019-01-21 00:00:00.0000000,2,2019-10-29 00:00:00.0000000,2019-10-24 00:00:00.0000000,,0,0,1
40,430912,0.998995945,118945.837,0,998995945,0,118945,837,96,2019-09-27 00:00:00.0000000,2018-10-02 00:00:00.0000000,76,2020-09-30 00:00:00.0000000,2019-10-02 00:00:00.0000000,,0,0,1
40,494901,0.993051739,1199.724286,0,993051739,0,1199,724286,7,2019-09-27 00:00:00.0000000,2018-10-29 00:00:00.0000000,16,2020-09-18 00:00:00.0000000,2019-10-16 00:00:00.0000000,,0,0,1
40,713551,0.005953807,38.59507275,0,5953807,1,38,59507275,5,2018-11-14 00:00:00.0000000,2018-10-09 00:00:00.0000000,NULL,NULL,NULL,,1,1,1
40,429147,0.8485587,7295.670804,0,8485587,0,7295,670804,19,2019-07-15 00:00:00.0000000,2018-10-01 00:00:00.0000000,2,2020-06-15 00:00:00.0000000,2020-06-08 00:00:00.0000000,,0,0,1
40,433245,0.994043537,3329.390305,0,994043537,0,3329,390305,10,2019-09-20 00:00:00.0000000,2018-10-17 00:00:00.0000000,20,2020-09-30 00:00:00.0000000,2019-10-07 00:00:00.0000000,,0,0,1
40,429847,0.999518979,134334.7779,0,999518979,0,134334,7779,92,2019-09-30 00:00:00.0000000,2018-10-03 00:00:00.0000000,142,2020-09-30 00:00:00.0000000,2019-10-02 00:00:00.0000000,,0,0,1
40,708509,0.553739309,823.0663542,0,553739309,0,823,663542,16,2019-06-10 00:00:00.0000000,2018-10-04 00:00:00.0000000,NULL,NULL,NULL,,1,1,1
40,659942,0.309950246,2077.843138,0,309950246,1,2077,843138,10,2019-04-15 00:00:00.0000000,2018-10-19 00:00:00.0000000,12,2020-09-30 00:00:00.0000000,2019-10-21 00:00:00.0000000,,0,0,1
40,422475,0.983582007,5129.806346,0,983582007,0,5129,806346,9,2019-08-14 00:00:00.0000000,2018-10-09 00:00:00.0000000,11,2020-09-15 00:00:00.0000000,2019-10-24 00:00:00.0000000,,0,0,1
40,596886,0.991739852,5900.257347,0,991739852,0,5900,257347,6,2019-09-26 00:00:00.0000000,2018-11-20 00:00:00.0000000,6,2020-07-10 00:00:00.0000000,2019-11-06 00:00:00.0000000,,0,0,1
40,740633,0.980756302,35346.06289,0,980756302,0,35346,6289,7,2019-08-12 00:00:00.0000000,2018-11-20 00:00:00.0000000,2,2020-07-08 00:00:00.0000000,2020-04-28 00:00:00.0000000,,0,0,1
40,657542,0.9997092,1483130.43,0,9997092,0,1483130,43,152,2019-09-30 00:00:00.0000000,2018-10-01 00:00:00.0000000,159,2020-09-30 00:00:00.0000000,2019-10-01 00:00:00.0000000,,0,0,1
40,739500,0.043066937,68.47930599,0,43066937,1,68,47930599,4,2019-02-06 00:00:00.0000000,2019-01-11 00:00:00.0000000,10,2020-08-12 00:00:00.0000000,2019-12-02 00:00:00.0000000,,0,0,1
40,429498,0.998601303,155946.7767,0,998601303,0,155946,7767,62,2019-09-26 00:00:00.0000000,2018-10-03 00:00:00.0000000,45,2020-09-30 00:00:00.0000000,2019-10-01 00:00:00.0000000,,0,0,1
40,433905,0.999740041,4410438.13,0,999740041,0,4410438,13,170,2019-09-30 00:00:00.0000000,2018-10-01 00:00:00.0000000,197,2020-09-30 00:00:00.0000000,2019-10-01 00:00:00.0000000,,0,0,1
40,602906,0.535121053,3768.151542,0,535121053,0,3768,151542,12,2019-05-17 00:00:00.0000000,2018-10-09 00:00:00.0000000,7,2020-09-21 00:00:00.0000000,2019-10-28 00:00:00.0000000,,0,0,1
40,425073,0.998641697,62568.33763,0,998641697,0,62568,33763,68,2019-09-26 00:00:00.0000000,2018-10-02 00:00:00.0000000,15,2020-01-08 00:00:00.0000000,2019-10-03 00:00:00.0000000,,0,0,1
40,428600,0.794990845,0,0,794990845,0,0,1,2019-07-23 00:00:00.0000000,2019-07-23 00:00:00.0000000,NULL,NULL,NULL,NULL,1,,1,1
40,429987,0.995665475,112884.2222,0,995665475,0,112884,2222,24,2019-09-17 00:00:00.0000000,2018-10-04 00:00:00.0000000,25,2020-09-17 00:00:00.0000000,2019-10-16 00:00:00.0000000,,0,0,1
40,653411,0.940119623,1074.937292,0,940119623,0,1074,937292,4,2019-06-26 00:00:00.0000000,2019-01-23 00:00:00.0000000,1,2020-07-10 00:00:00.0000000,2020-07-10 00:00:00.0000000,,0,0,1
40,650851,0.999697227,58277.72666,0,999697227,0,58277,72666,146,2019-09-30 00:00:00.0000000,2018-10-01 00:00:00.0000000,155,2020-09-30 00:00:00.0000000,2019-10-02 00:00:00.0000000,,0,0,1
40,502830,0.678148839,0,0,678148839,0,0,1,2019-02-25 00:00:00.0000000,2019-02-25 00:00:00.0000000,1,2020-04-22 00:00:00.0000000,2020-04-22 00:00:00.0000000,NULL,0,,0,1
40,621205,0.889255032,1555.969511,0,889255032,0,1555,969511,5,2019-05-02 00:00:00.0000000,2018-10-22 00:00:00.0000000,NULL,NULL,NULL,,1,1,1
40,675014,0.993088451,10766.45305,0,993088451,0,10766,45305,20,2019-09-10 00:00:00.0000000,2018-10-16 00:00:00.0000000,6,2020-09-18 00:00:00.0000000,2019-11-04 00:00:00.0000000,,0,0,1
40,714468,0.996489195,5020.526784,0,996489195,0,5020,526784,15,2019-09-26 00:00:00.0000000,2018-10-03 00:00:00.0000000,10,2020-07-21 00:00:00.0000000,2019-10-09 00:00:00.0000000,,0,0,1
40,579788,0.914818239,2094.262903,0,914818239,0,2094,262903,6,2019-05-21 00:00:00.0000000,2018-10-05 00:00:00.0000000,4,2020-07-21 00:00:00.0000000,2020-03-03 00:00:00.0000000,,0,0,1
40,677579,0.969565047,13031.86983,0,969565047,0,13031,86983,2,2019-09-16 00:00:00.0000000,2019-05-30 00:00:00.0000000,4,2020-03-03 00:00:00.0000000,2019-10-18 00:00:00.0000000,,0,0,1
40,696400,0.128515801,29.7188919,0,128515801,1,29,7188919,2,2018-10-09 00:00:00.0000000,2018-10-05 00:00:00.0000000,NULL,NULL,NULL,,1,1,1
40,599303,0.93072469,1449.479171,0,93072469,0,1449,479171,3,2019-07-09 00:00:00.0000000,2019-04-03 00:00:00.0000000,NULL,NULL,NULL,,1,1,1
40,586871,0.999803664,9.08E+07,0,999803664,0,90800000,224,2019-09-30 00:00:00.0000000,2018-10-02 00:00:00.0000000,207,2020-09-30 00:00:00.0000000,2019-10-01 00:00:00.0000000,NULL,0,,0,1
40,433733,0.999307624,127145.7761,0,999307624,0,127145,7761,64,2019-09-30 00:00:00.0000000,2018-10-10 00:00:00.0000000,94,2020-09-30 00:00:00.0000000,2019-10-02 00:00:00.0000000,,0,0,1
40,748624,0.824235403,3181.900616,0,824235403,0,3181,900616,3,2019-06-25 00:00:00.0000000,2019-05-06 00:00:00.0000000,NULL,NULL,NULL,,1,1,1
40,750215,0.777888699,0,0,777888699,0,0,1,2019-07-08 00:00:00.0000000,2019-07-08 00:00:00.0000000,1,2019-10-31 00:00:00.0000000,2019-10-31 00:00:00.0000000,NULL,0,,0,1
40,666350,0.855306892,28333.71867,0,855306892,0,28333,71867,27,2019-08-08 00:00:00.0000000,2018-11-09 00:00:00.0000000,8,2020-07-17 00:00:00.0000000,2019-10-15 00:00:00.0000000,,0,0,1
40,720836,0.996545534,954862.2354,0,996545534,0,954862,2354,17,2019-09-24 00:00:00.0000000,2018-10-01 00:00:00.0000000,9,2020-09-30 00:00:00.0000000,2019-10-16 00:00:00.0000000,,0,0,1
40,428339,0.998979928,67400.20209,0,998979928,0,67400,20209,90,2019-09-27 00:00:00.0000000,2018-10-02 00:00:00.0000000,80,2020-09-28 00:00:00.0000000,2019-10-09 00:00:00.0000000,,0,0,1
40,632024,0.022580018,129.7299731,0,22580018,1,129,7299731,8,2019-01-17 00:00:00.0000000,2018-10-02 00:00:00.0000000,NULL,NULL,NULL,,1,1,1
40,721705,0.997871076,1234.13094,0,997871076,0,1234,13094,21,2019-09-30 00:00:00.0000000,2018-10-04 00:00:00.0000000,NULL,NULL,NULL,,1,1,1
40,428476,0.996368959,10995.22779,0,996368959,0,10995,22779,14,2019-09-27 00:00:00.0000000,2018-11-06 00:00:00.0000000,11,2020-04-28 00:00:00.0000000,2019-11-05 00:00:00.0000000,,0,0,1
40,712908,0.362839301,302.7975872,0,362839301,1,302,7975872,10,2019-04-15 00:00:00.0000000,2018-10-09 00:00:00.0000000,9,2020-07-10 00:00:00.0000000,2019-12-12 00:00:00.0000000,,0,0,1
40,431264,0.998625142,68959.43308,0,998625142,0,68959,43308,66,2019-09-26 00:00:00.0000000,2018-10-04 00:00:00.0000000,44,2020-09-21 00:00:00.0000000,2019-10-07 00:00:00.0000000,,0,0,1
40,683753,0.998688454,50271.248,0,998688454,0,50271,248,51,2019-09-27 00:00:00.0000000,2018-10-01 00:00:00.0000000,47,2020-08-06 00:00:00.0000000,2019-10-01 00:00:00.0000000,,0,0,1
40,739729,0.999460121,64418.27359,0,999460121,0,64418,27359,82,2019-09-30 00:00:00.0000000,2018-12-07 00:00:00.0000000,150,2020-09-29 00:00:00.0000000,2019-10-01 00:00:00.0000000,,0,0,1
40,525494,0.601167652,58294.46726,0,601167652,0,58294,46726,5,2019-07-05 00:00:00.0000000,2019-05-16 00:00:00.0000000,NULL,NULL,NULL,,1,1,1
40,425425,0.997541846,33673.1347,0,997541846,0,33673,1347,35,2019-09-23 00:00:00.0000000,2018-10-02 00:00:00.0000000,36,2020-09-21 00:00:00.0000000,2019-10-14 00:00:00.0000000,,0,0,1
40,720506,0.99522351,2507.092032,0,99522351,0,2507,92032,12,2019-09-23 00:00:00.0000000,2018-10-30 00:00:00.0000000,12,2020-09-21 00:00:00.0000000,2019-10-30 00:00:00.0000000,,0,0,1
40,647590,0.997980354,17892.48786,0,997980354,0,17892,48786,36,2019-09-25 00:00:00.0000000,2018-10-08 00:00:00.0000000,48,2020-09-29 00:00:00.0000000,2019-10-02 00:00:00.0000000,,0,0,1
40,690253,0.997148761,5947.14481,0,997148761,0,5947,14481,23,2019-09-24 00:00:00.0000000,2018-10-17 00:00:00.0000000,41,2020-09-08 00:00:00.0000000,2019-10-01 00:00:00.0000000,,0,0,1
40,654457,0.961684002,2261.165625,0,961684002,0,2261,165625,4,2019-07-08 00:00:00.0000000,2018-12-17 00:00:00.0000000,4,2020-07-08 00:00:00.0000000,2019-12-11 00:00:00.0000000,,0,0,1
40,685532,0.979208403,4212.984284,0,979208403,0,4212,984284,4,2019-08-16 00:00:00.0000000,2018-12-07 00:00:00.0000000,NULL,NULL,NULL,,1,1,1
40,729357,0.672227546,0,0,672227546,0,0,1,2019-02-14 00:00:00.0000000,2019-02-14 00:00:00.0000000,NULL,NULL,NULL,NULL,1,,1,1
40,624290,0.991191036,1282.96394,0,991191036,0,1282,96394,6,2019-09-23 00:00:00.0000000,2018-12-18 00:00:00.0000000,10,2020-09-11 00:00:00.0000000,2019-11-11 00:00:00.0000000,,0,0,1
40,679075,0.997969071,59080.51227,0,997969071,0,59080,51227,22,2019-09-30 00:00:00.0000000,2018-10-01 00:00:00.0000000,20,2020-08-31 00:00:00.0000000,2019-10-07 00:00:00.0000000,,0,0,1
40,422563,0.998946394,47636.2396,0,998946394,0,47636,2396,81,2019-09-27 00:00:00.0000000,2018-10-02 00:00:00.0000000,64,2020-09-28 00:00:00.0000000,2019-10-09 00:00:00.0000000,,0,0,1
40,743645,0.880846695,244.1378154,0,880846695,0,244,1378154,4,2019-05-20 00:00:00.0000000,2019-01-10 00:00:00.0000000,NULL,NULL,NULL,,1,1,1
40,674775,0.999758536,842443.9386,0,999758536,0,842443,9386,183,2019-09-30 00:00:00.0000000,2018-10-01 00:00:00.0000000,161,2020-09-30 00:00:00.0000000,2019-10-01 00:00:00.0000000,,0,0,1
40,558068,0.985583344,6844.058673,0,985583344,0,6844,58673,10,2019-09-04 00:00:00.0000000,2019-02-22 00:00:00.0000000,4,2020-04-02 00:00:00.0000000,2019-10-11 00:00:00.0000000,,0,0,1
40,713861,0.865877311,0,0,865877311,0,0,1,2019-09-06 00:00:00.0000000,2019-09-06 00:00:00.0000000,NULL,NULL,NULL,NULL,1,,1,1
40,716791,0.994502954,9448.975443,0,994502954,0,9448,975443,12,2019-09-18 00:00:00.0000000,2018-10-01 00:00:00.0000000,17,2020-09-16 00:00:00.0000000,2019-10-28 00:00:00.0000000,,0,0,1
40,434078,0.997803417,10888.12957,0,997803417,0,10888,12957,25,2019-09-27 00:00:00.0000000,2018-10-16 00:00:00.0000000,33,2020-09-22 00:00:00.0000000,2019-10-02 00:00:00.0000000,,0,0,1
